"D_mod","EN","x","y"
0.000332013137088635,331.880495428505,487737.787215289,5631510.46939679
0.00227451186862302,331.880495428505,488237.787215289,5631510.46939679
0.000399974817953862,331.880495428505,488737.787215289,5631510.46939679
0.00101489136041832,331.880495428505,489237.787215289,5631510.46939679
0.000481847966619818,331.880495428505,489737.787215289,5631510.46939679
0.0002589931695693,331.880495428505,490237.787215289,5631510.46939679
0.000399974817953862,331.880495428505,490737.787215289,5631510.46939679
0.000657609513692996,331.880495428505,491237.787215289,5631510.46939679
0.000259404770580394,331.880495428505,491737.787215289,5631510.46939679
0.000793446860119419,331.880495428505,492237.787215289,5631510.46939679
0.00201333591896509,331.880495428505,492737.787215289,5631510.46939679
0.00101657775004846,331.880495428505,493237.787215289,5631510.46939679
0.00274401911295161,331.880495428505,493737.787215289,5631510.46939679
0.00274393922471614,331.880495428505,494237.787215289,5631510.46939679
0.00130294991539406,331.880495428505,494737.787215289,5631510.46939679
0.00012248405916308,331.880495428505,495237.787215289,5631510.46939679
0.00012248405916308,331.880495428505,495737.787215289,5631510.46939679
0.00012248405916308,331.880495428505,496237.787215289,5631510.46939679
0.00012248405916308,331.880495428505,496737.787215289,5631510.46939679
0.00012248405916308,331.880495428505,497237.787215289,5631510.46939679
0.00042942225551724,331.880495428505,497737.787215289,5631510.46939679
0.00514316328478898,331.880495428505,498237.787215289,5631510.46939679
0.00697209791503508,331.880495428505,498737.787215289,5631510.46939679
0.0130502015343255,331.880495428505,499237.787215289,5631510.46939679
0.000550429546040417,331.880495428505,499737.787215289,5631510.46939679
0.000124084182594407,331.880495428505,500237.787215289,5631510.46939679
0.00012248405916308,331.880495428505,500737.787215289,5631510.46939679
0.00012248405916308,331.880495428505,501237.787215289,5631510.46939679
0.00012248405916308,331.880495428505,501737.787215289,5631510.46939679
0.00012248405916308,331.880495428505,502237.787215289,5631510.46939679
0.00012248405916308,331.880495428505,502737.787215289,5631510.46939679
0.00012248405916308,331.880495428505,503237.787215289,5631510.46939679
0.00012248405916308,331.880495428505,503737.787215289,5631510.46939679
0.0011444798350509,331.880495428505,504237.787215289,5631510.46939679
0.00242225677111377,331.880495428505,504737.787215289,5631510.46939679
0.0054239538585265,331.880495428505,505237.787215289,5631510.46939679
0.00837731466791039,331.880495428505,505737.787215289,5631510.46939679
0.00838978671594423,331.880495428505,506237.787215289,5631510.46939679
0.00903720797987764,331.880495428505,506737.787215289,5631510.46939679
0.00354404869655898,331.880495428505,507237.787215289,5631510.46939679
0.00659275323878131,331.880495428505,507737.787215289,5631510.46939679
0.0022888704241884,331.880495428505,508237.787215289,5631510.46939679
0.000962351841313615,331.880495428505,508737.787215289,5631510.46939679
0.00012248405916308,331.880495428505,509237.787215289,5631510.46939679
0.00012248405916308,331.880495428505,509737.787215289,5631510.46939679
0.0051435628192083,331.880495428505,510237.787215289,5631510.46939679
0.00426954768621386,331.880495428505,510737.787215289,5631510.46939679
0.00101836991794034,331.880495428505,511237.787215289,5631510.46939679
0.00214583379009651,331.880495428505,511737.787215289,5631510.46939679
0.00355356830339274,331.880495428505,512237.787215289,5631510.46939679
0.00616584724591606,331.880495428505,512737.787215289,5631510.46939679
0.00616014033269349,331.880495428505,513237.787215289,5631510.46939679
0.00892131924628885,331.880495428505,513737.787215289,5631510.46939679
0.00397511219415716,331.880495428505,514237.787215289,5631510.46939679
0.00129825264666774,331.880495428505,514737.787215289,5631510.46939679
0.000157130872577237,331.880495428505,515237.787215289,5631510.46939679
0.000166985297862251,331.880495428505,515737.787215289,5631510.46939679
0.000122218886773067,331.880495428505,516237.787215289,5631510.46939679
0.000350673887047032,331.880495428505,516737.787215289,5631510.46939679
0.000477033477802002,331.880495428505,517237.787215289,5631510.46939679
0.00012945585914377,331.880495428505,517737.787215289,5631510.46939679
0.000176570174670701,331.880495428505,518237.787215289,5631510.46939679
0.000833365330992174,331.880495428505,518737.787215289,5631510.46939679
0.000610735064950327,331.880495428505,519237.787215289,5631510.46939679
0.000349103565910912,331.880495428505,519737.787215289,5631510.46939679
0.000176274455827847,331.880495428505,520237.787215289,5631510.46939679
0.000176213209038863,331.880495428505,520737.787215289,5631510.46939679
0.000506225036581448,331.880495428505,521237.787215289,5631510.46939679
0.000476001622604421,331.880495428505,521737.787215289,5631510.46939679
0.000832361641073633,331.880495428505,522237.787215289,5631510.46939679
0.00503647569880355,331.880495428505,522737.787215289,5631510.46939679
0.00044756836893643,331.880495428505,523237.787215289,5631510.46939679
0.000579229743675388,331.880495428505,487237.787215289,5632010.46939679
0.00422243365417152,331.880495428505,487737.787215289,5632010.46939679
0.000375108476863473,331.880495428505,488237.787215289,5632010.46939679
0.00018949880729668,331.880495428505,488737.787215289,5632010.46939679
0.000579256302992719,331.880495428505,489237.787215289,5632010.46939679
0.000311371957837474,331.880495428505,489737.787215289,5632010.46939679
0.000258453372199529,331.880495428505,490237.787215289,5632010.46939679
0.00114693354167062,331.880495428505,490737.787215289,5632010.46939679
0.000452300983410441,331.880495428505,491237.787215289,5632010.46939679
0.00107958093859248,331.880495428505,491737.787215289,5632010.46939679
0.000744087347965593,331.880495428505,492237.787215289,5632010.46939679
0.000452846383288083,331.880495428505,492737.787215289,5632010.46939679
0.00177389628615064,331.880495428505,493237.787215289,5632010.46939679
0.00213605062469435,331.880495428505,493737.787215289,5632010.46939679
0.000698790921417036,331.880495428505,494237.787215289,5632010.46939679
0.0017733729875166,331.880495428505,494737.787215289,5632010.46939679
0.000425833808840548,331.880495428505,495237.787215289,5632010.46939679
0.00138619424099962,331.880495428505,495737.787215289,5632010.46939679
0.0014754752695159,331.880495428505,496237.787215289,5632010.46939679
0.00012248405916308,331.880495428505,496737.787215289,5632010.46939679
0.00012248405916308,331.880495428505,497237.787215289,5632010.46939679
0.00012248405916308,331.880495428505,497737.787215289,5632010.46939679
0.00650824214769255,331.880495428505,498237.787215289,5632010.46939679
0.00012248405916308,331.880495428505,498737.787215289,5632010.46939679
0.00012248405916308,331.880495428505,499237.787215289,5632010.46939679
0.00012248405916308,331.880495428505,499737.787215289,5632010.46939679
0.00012248405916308,331.880495428505,500237.787215289,5632010.46939679
0.00012248405916308,331.880495428505,500737.787215289,5632010.46939679
0.00012248405916308,331.880495428505,501237.787215289,5632010.46939679
0.00012248405916308,331.880495428505,501737.787215289,5632010.46939679
0.00012248405916308,331.880495428505,502237.787215289,5632010.46939679
0.00291578096362754,331.880495428505,502737.787215289,5632010.46939679
0.00257499275922271,331.880495428505,503237.787215289,5632010.46939679
0.00273798690214812,331.880495428505,503737.787215289,5632010.46939679
0.00200653427067767,331.880495428505,504237.787215289,5632010.46939679
0.00478432739813424,331.880495428505,504737.787215289,5632010.46939679
0.00653534201335973,331.880495428505,505237.787215289,5632010.46939679
0.00108670504328348,331.880495428505,505737.787215289,5632010.46939679
0.000292083718915817,331.880495428505,506237.787215289,5632010.46939679
0.00241055846912517,331.880495428505,506737.787215289,5632010.46939679
0.00261778581726788,331.880495428505,507237.787215289,5632010.46939679
0.00701497209598359,331.880495428505,507737.787215289,5632010.46939679
0.000584144661302522,331.880495428505,508237.787215289,5632010.46939679
0.00258058496422511,331.880495428505,508737.787215289,5632010.46939679
0.00138811732236219,331.880495428505,509237.787215289,5632010.46939679
0.000124080063572285,331.880495428505,509737.787215289,5632010.46939679
0.00230884014968184,331.880495428505,510237.787215289,5632010.46939679
0.00659470140080863,331.880495428505,510737.787215289,5632010.46939679
0.00480992323155463,331.880495428505,511237.787215289,5632010.46939679
0.00583405437045472,331.880495428505,511737.787215289,5632010.46939679
0.00583374690382308,331.880495428505,512237.787215289,5632010.46939679
0.00546287052864913,331.880495428505,512737.787215289,5632010.46939679
0.00451858024693831,331.880495428505,513237.787215289,5632010.46939679
0.00542895051753515,331.880495428505,513737.787215289,5632010.46939679
0.00576819304675249,331.880495428505,514237.787215289,5632010.46939679
0.00540640906102596,331.880495428505,514737.787215289,5632010.46939679
0.00611299037771303,331.880495428505,515237.787215289,5632010.46939679
0.00371687026097274,331.880495428505,515737.787215289,5632010.46939679
0.00078611698930478,331.880495428505,516237.787215289,5632010.46939679
0.00057620423225864,331.880495428505,516737.787215289,5632010.46939679
0.000188320497824894,331.880495428505,517237.787215289,5632010.46939679
0.000477743896933854,331.880495428505,517737.787215289,5632010.46939679
0.000156289880998276,331.880495428505,518237.787215289,5632010.46939679
0.00121196558135357,331.880495428505,518737.787215289,5632010.46939679
0.00688897350516284,331.880495428505,519237.787215289,5632010.46939679
0.00088755332093363,331.880495428505,519737.787215289,5632010.46939679
0.00393269378144545,331.880495428505,520237.787215289,5632010.46939679
0.000942979111356764,331.880495428505,520737.787215289,5632010.46939679
0.000610644124798679,331.880495428505,521237.787215289,5632010.46939679
0.00473904668783249,331.880495428505,521737.787215289,5632010.46939679
0.0028845499566789,331.880495428505,522237.787215289,5632010.46939679
0.00473970248311344,331.880495428505,522737.787215289,5632010.46939679
0.000308832958240287,331.880495428505,523237.787215289,5632010.46939679
0.000129557188283659,331.880495428505,523737.787215289,5632010.46939679
0.000311148558401061,331.880495428505,486737.787215289,5632510.46939679
0.000511233112031421,331.880495428505,487237.787215289,5632510.46939679
0.00256790003699569,331.880495428505,487737.787215289,5632510.46939679
0.00121918213078424,331.880495428505,488237.787215289,5632510.46939679
0.000311148558401061,331.880495428505,488737.787215289,5632510.46939679
0.000398845137234428,331.880495428505,489237.787215289,5632510.46939679
0.00048048704504887,331.880495428505,489737.787215289,5632510.46939679
0.000451544670473104,331.880495428505,490237.787215289,5632510.46939679
0.00057903936846121,331.880495428505,490737.787215289,5632510.46939679
0.00147019439259863,331.880495428505,491237.787215289,5632510.46939679
0.0011479844846463,331.880495428505,491737.787215289,5632510.46939679
0.00089574369999652,331.880495428505,492237.787215289,5632510.46939679
0.00035301800499292,331.880495428505,492737.787215289,5632510.46939679
0.00033170611444751,331.880495428505,493237.787215289,5632510.46939679
0.00101345996123418,331.880495428505,493737.787215289,5632510.46939679
0.00057966149431461,331.880495428505,494237.787215289,5632510.46939679
0.000841431570491836,331.880495428505,494737.787215289,5632510.46939679
0.00114908705961307,331.880495428505,495237.787215289,5632510.46939679
0.00213924702010015,331.880495428505,495737.787215289,5632510.46939679
0.000581086489526929,331.880495428505,496237.787215289,5632510.46939679
0.00310476987264399,331.880495428505,496737.787215289,5632510.46939679
0.00012248405916308,331.880495428505,497237.787215289,5632510.46939679
0.000139524591387881,331.880495428505,497737.787215289,5632510.46939679
0.000123345893204888,331.880495428505,498237.787215289,5632510.46939679
0.00012248405916308,331.880495428505,498737.787215289,5632510.46939679
0.00012248405916308,331.880495428505,499237.787215289,5632510.46939679
0.00012248405916308,331.880495428505,499737.787215289,5632510.46939679
0.00012248405916308,331.880495428505,500237.787215289,5632510.46939679
0.00012248405916308,331.880495428505,500737.787215289,5632510.46939679
0.00012248405916308,331.880495428505,501237.787215289,5632510.46939679
0.0029174346584495,331.880495428505,501737.787215289,5632510.46939679
0.00479151315739308,331.880495428505,502237.787215289,5632510.46939679
0.00351035053860118,331.880495428505,502737.787215289,5632510.46939679
0.00107905718331799,331.880495428505,503237.787215289,5632510.46939679
0.00422521013761857,331.880495428505,503737.787215289,5632510.46939679
0.00291021556899558,331.880495428505,504237.787215289,5632510.46939679
0.0012211129469981,331.880495428505,504737.787215289,5632510.46939679
0.0051296751047431,331.880495428505,505237.787215289,5632510.46939679
0.00293398382797756,331.880495428505,505737.787215289,5632510.46939679
0.000456903365221938,331.880495428505,506237.787215289,5632510.46939679
0.00116882268046154,331.880495428505,506737.787215289,5632510.46939679
0.00404689743077837,331.880495428505,507237.787215289,5632510.46939679
0.00425806687651942,331.880495428505,507737.787215289,5632510.46939679
0.00617969784019223,331.880495428505,508237.787215289,5632510.46939679
0.00744465577571682,331.880495428505,508737.787215289,5632510.46939679
0.00035416579477513,331.880495428505,509237.787215289,5632510.46939679
0.000663100139363369,331.880495428505,509737.787215289,5632510.46939679
0.000245643327084838,331.880495428505,510237.787215289,5632510.46939679
0.00139772134217018,331.880495428505,510737.787215289,5632510.46939679
0.00229650373528155,331.880495428505,511237.787215289,5632510.46939679
0.00703212211007569,331.880495428505,511737.787215289,5632510.46939679
0.00620563069454382,331.880495428505,512237.787215289,5632510.46939679
0.00745175889466818,331.880495428505,512737.787215289,5632510.46939679
0.000333143601811599,331.880495428505,513237.787215289,5632510.46939679
0.00479524803663344,331.880495428505,513737.787215289,5632510.46939679
0.00652918757091028,331.880495428505,514237.787215289,5632510.46939679
0.00575173011915811,331.880495428505,514737.787215289,5632510.46939679
0.0065032486561222,331.880495428505,515237.787215289,5632510.46939679
0.00420636528572863,331.880495428505,515737.787215289,5632510.46939679
0.00107293137550191,331.880495428505,516237.787215289,5632510.46939679
0.000373388747667427,331.880495428505,516737.787215289,5632510.46939679
0.000200517435410962,331.880495428505,517237.787215289,5632510.46939679
0.000449302647548783,331.880495428505,517737.787215289,5632510.46939679
0.000156398944407978,331.880495428505,518237.787215289,5632510.46939679
0.000213277782588033,331.880495428505,518737.787215289,5632510.46939679
0.00474988231316402,331.880495428505,519237.787215289,5632510.46939679
0.000396264441762317,331.880495428505,519737.787215289,5632510.46939679
0.00030895077796029,331.880495428505,520237.787215289,5632510.46939679
0.0047428190993983,331.880495428505,520737.787215289,5632510.46939679
0.000736652637300756,331.880495428505,521237.787215289,5632510.46939679
0.0004485408492496,331.880495428505,521737.787215289,5632510.46939679
0.00647359940856733,331.880495428505,522237.787215289,5632510.46939679
0.00239772730115432,331.880495428505,522737.787215289,5632510.46939679
0.000575289495945305,331.880495428505,523237.787215289,5632510.46939679
0.000166299133970039,331.880495428505,523737.787215289,5632510.46939679
0.000176967731735413,331.880495428505,524237.787215289,5632510.46939679
0.00290337656089744,331.880495428505,486737.787215289,5633010.46939679
0.00083887028032492,331.880495428505,487237.787215289,5633010.46939679
0.000156972796053613,331.880495428505,487737.787215289,5633010.46939679
0.000130300779238923,331.880495428505,488237.787215289,5633010.46939679
0.000122458204051158,331.880495428505,488737.787215289,5633010.46939679
0.000122458204051158,331.880495428505,489237.787215289,5633010.46939679
0.000122458204051158,331.880495428505,489737.787215289,5633010.46939679
0.000122450868348166,331.880495428505,490237.787215289,5633010.46939679
0.000138709879924284,331.880495428505,490737.787215289,5633010.46939679
0.000201428417721706,331.880495428505,491237.787215289,5633010.46939679
0.000147805164520947,331.880495428505,491737.787215289,5633010.46939679
0.00309575939083581,331.880495428505,492237.787215289,5633010.46939679
0.00213310599655174,331.880495428505,492737.787215289,5633010.46939679
0.001012564153017,331.880495428505,493237.787215289,5633010.46939679
0.00166297575698284,331.880495428505,493737.787215289,5633010.46939679
0.00021439419927417,331.880495428505,494237.787215289,5633010.46939679
0.000331220611712938,331.880495428505,494737.787215289,5633010.46939679
0.000544929220346762,331.880495428505,495237.787215289,5633010.46939679
0.000481568886982923,331.880495428505,495737.787215289,5633010.46939679
0.000545347373612656,331.880495428505,496237.787215289,5633010.46939679
0.000656706694667751,331.880495428505,496737.787215289,5633010.46939679
0.00177389628615064,331.880495428505,497237.787215289,5633010.46939679
0.00398058670926841,331.880495428505,497737.787215289,5633010.46939679
0.00510553116703081,331.880495428505,498237.787215289,5633010.46939679
0.00012248405916308,331.880495428505,498737.787215289,5633010.46939679
0.00012248405916308,331.880495428505,499237.787215289,5633010.46939679
0.00012248405916308,331.880495428505,499737.787215289,5633010.46939679
0.000123047177646387,331.880495428505,500237.787215289,5633010.46939679
0.000202095761136984,331.880495428505,500737.787215289,5633010.46939679
0.00397377078032049,331.880495428505,501237.787215289,5633010.46939679
0.000952924816682995,331.880495428505,501737.787215289,5633010.46939679
0.000841258014103025,331.880495428505,502237.787215289,5633010.46939679
0.00396936279860665,331.880495428505,502737.787215289,5633010.46939679
0.00396811083501624,331.880495428505,503237.787215289,5633010.46939679
0.000615880361571855,331.880495428505,503737.787215289,5633010.46939679
0.00101192283643983,331.880495428505,504237.787215289,5633010.46939679
0.00694110814873961,331.880495428505,504737.787215289,5633010.46939679
0.00614028406063121,331.880495428505,505237.787215289,5633010.46939679
0.0035345578725146,331.880495428505,505737.787215289,5633010.46939679
0.00215690725253405,331.880495428505,506237.787215289,5633010.46939679
0.00012248405916308,331.880495428505,506737.787215289,5633010.46939679
0.00012248405916308,331.880495428505,507237.787215289,5633010.46939679
0.0035438517852856,331.880495428505,507737.787215289,5633010.46939679
0.00580775267430408,331.880495428505,508237.787215289,5633010.46939679
0.00654261266369411,331.880495428505,508737.787215289,5633010.46939679
0.00292000714702579,331.880495428505,509237.787215289,5633010.46939679
0.000546688559798248,331.880495428505,509737.787215289,5633010.46939679
0.00058917715271264,331.880495428505,510237.787215289,5633010.46939679
0.000908431145622376,331.880495428505,510737.787215289,5633010.46939679
0.000555193837460967,331.880495428505,511237.787215289,5633010.46939679
0.00402747518706331,331.880495428505,511737.787215289,5633010.46939679
0.00660202169831325,331.880495428505,512237.787215289,5633010.46939679
0.00699754894573437,331.880495428505,512737.787215289,5633010.46939679
0.000700200852857657,331.880495428505,513237.787215289,5633010.46939679
0.00614827493358583,331.880495428505,513737.787215289,5633010.46939679
0.00694374191776347,331.880495428505,514237.787215289,5633010.46939679
0.00736915087016742,331.880495428505,514737.787215289,5633010.46939679
0.00650608574575636,331.880495428505,515237.787215289,5633010.46939679
0.00650488902843194,331.880495428505,515737.787215289,5633010.46939679
0.00395627180339434,331.880495428505,516237.787215289,5633010.46939679
0.000509971570217326,331.880495428505,516737.787215289,5633010.46939679
0.000694960995656536,331.880495428505,517237.787215289,5633010.46939679
0.00039739821526512,331.880495428505,517737.787215289,5633010.46939679
0.000273823772774577,331.880495428505,518237.787215289,5633010.46939679
0.000273779636781353,331.880495428505,518737.787215289,5633010.46939679
0.0060967788230281,331.880495428505,519237.787215289,5633010.46939679
0.000121986978161952,331.880495428505,519737.787215289,5633010.46939679
0.00030913529660881,331.880495428505,520237.787215289,5633010.46939679
0.000692734707910115,331.880495428505,520737.787215289,5633010.46939679
0.00505020855364668,331.880495428505,521237.787215289,5633010.46939679
0.000421830807879267,331.880495428505,521737.787215289,5633010.46939679
0.0044639952341181,331.880495428505,522237.787215289,5633010.46939679
0.000421965450661722,331.880495428505,522737.787215289,5633010.46939679
0.000290811437427206,331.880495428505,523237.787215289,5633010.46939679
0.000122010528761661,331.880495428505,523737.787215289,5633010.46939679
0.000188430999868822,331.880495428505,524237.787215289,5633010.46939679
0.00783291130447155,331.880495428505,486737.787215289,5633510.46939679
0.00089197721639963,331.880495428505,487237.787215289,5633510.46939679
0.000156854940908451,331.880495428505,487737.787215289,5633510.46939679
0.000122366262455049,331.880495428505,488237.787215289,5633510.46939679
0.000122366262455049,331.880495428505,488737.787215289,5633510.46939679
0.000156854940908451,331.880495428505,489237.787215289,5633510.46939679
0.00111861997623759,331.880495428505,489737.787215289,5633510.46939679
0.000122366262455049,331.880495428505,490237.787215289,5633510.46939679
0.000156944368580451,331.880495428505,490737.787215289,5633510.46939679
0.000122514965380265,331.880495428505,491237.787215289,5633510.46939679
0.000274779045284429,331.880495428505,491737.787215289,5633510.46939679
0.000274820761732572,331.880495428505,492237.787215289,5633510.46939679
0.000228124619711545,331.880495428505,492737.787215289,5633510.46939679
0.000893731416555845,331.880495428505,493237.787215289,5633510.46939679
0.000374625131979693,331.880495428505,493737.787215289,5633510.46939679
0.000310936977321662,331.880495428505,494237.787215289,5633510.46939679
0.00200307769370832,331.880495428505,494737.787215289,5633510.46939679
0.00188473119744519,331.880495428505,495237.787215289,5633510.46939679
0.000512068495293385,331.880495428505,495737.787215289,5633510.46939679
0.00051215147347296,331.880495428505,496237.787215289,5633510.46939679
0.00449580473309817,331.880495428505,496737.787215289,5633510.46939679
0.00652817182011767,331.880495428505,497237.787215289,5633510.46939679
0.00257613860940099,331.880495428505,497737.787215289,5633510.46939679
0.00330381570986183,331.880495428505,498237.787215289,5633510.46939679
0.00256493755858756,331.880495428505,498737.787215289,5633510.46939679
0.00330155033328746,331.880495428505,499237.787215289,5633510.46939679
0.0015676625631666,331.880495428505,499737.787215289,5633510.46939679
0.00577030102968852,331.880495428505,500237.787215289,5633510.46939679
0.000791162161300749,331.880495428505,500737.787215289,5633510.46939679
0.00350743100785133,331.880495428505,501237.787215289,5633510.46939679
0.00177152270401654,331.880495428505,501737.787215289,5633510.46939679
0.00350497926554923,331.880495428505,502237.787215289,5633510.46939679
0.000840355127909812,331.880495428505,502737.787215289,5633510.46939679
0.000840024574694815,331.880495428505,503237.787215289,5633510.46939679
0.00137932813818871,331.880495428505,503737.787215289,5633510.46939679
0.00137977447584684,331.880495428505,504237.787215289,5633510.46939679
0.00107761105684389,331.880495428505,504737.787215289,5633510.46939679
0.00509396460171674,331.880495428505,505237.787215289,5633510.46939679
0.00654338187932666,331.880495428505,505737.787215289,5633510.46939679
0.000429407939852297,331.880495428505,506237.787215289,5633510.46939679
0.00012248405916308,331.880495428505,506737.787215289,5633510.46939679
0.00012248405916308,331.880495428505,507237.787215289,5633510.46939679
0.00116740347862363,331.880495428505,507737.787215289,5633510.46939679
0.0051296751047431,331.880495428505,508237.787215289,5633510.46939679
0.00696616805691798,331.880495428505,508737.787215289,5633510.46939679
0.00695951911871328,331.880495428505,509237.787215289,5633510.46939679
0.0047997149191892,331.880495428505,509737.787215289,5633510.46939679
0.00230858937655016,331.880495428505,510237.787215289,5633510.46939679
0.000177760119279003,331.880495428505,510737.787215289,5633510.46939679
0.00149072264222154,331.880495428505,511237.787215289,5633510.46939679
0.00169715600732531,331.880495428505,511737.787215289,5633510.46939679
0.00313425909255969,331.880495428505,512237.787215289,5633510.46939679
0.00696654627073619,331.880495428505,512737.787215289,5633510.46939679
0.00479327093167942,331.880495428505,513237.787215289,5633510.46939679
0.00201023289565354,331.880495428505,513737.787215289,5633510.46939679
0.00889896575780684,331.880495428505,514237.787215289,5633510.46939679
0.00784544299234371,331.880495428505,514737.787215289,5633510.46939679
0.00611874918058865,331.880495428505,515237.787215289,5633510.46939679
0.00611737269762674,331.880495428505,515737.787215289,5633510.46939679
0.00476948071790459,331.880495428505,516237.787215289,5633510.46939679
0.00833617586419073,331.880495428505,516737.787215289,5633510.46939679
0.00054251748123047,331.880495428505,517237.787215289,5633510.46939679
0.000373763316969743,331.880495428505,517737.787215289,5633510.46939679
0.000213763202583057,331.880495428505,518237.787215289,5633510.46939679
0.000478966399666264,331.880495428505,518737.787215289,5633510.46939679
0.0028965641738756,331.880495428505,519237.787215289,5633510.46939679
0.0019941553375409,331.880495428505,519737.787215289,5633510.46939679
0.0053815088708969,331.880495428505,520237.787215289,5633510.46939679
0.00648182953902766,331.880495428505,520737.787215289,5633510.46939679
0.000946252072153315,331.880495428505,521237.787215289,5633510.46939679
0.00307916969034951,331.880495428505,521737.787215289,5633510.46939679
0.00475624187078986,331.880495428505,522237.787215289,5633510.46939679
0.000373230956134723,331.880495428505,522737.787215289,5633510.46939679
0.000241734362933461,331.880495428505,523237.787215289,5633510.46939679
0.00573368134026677,331.880495428505,523737.787215289,5633510.46939679
0.00538901322359606,331.880495428505,524237.787215289,5633510.46939679
0.000156641775911727,331.880495428505,486737.787215289,5634010.46939679
0.00111701201018653,331.880495428505,487237.787215289,5634010.46939679
0.000147213782370106,331.880495428505,487737.787215289,5634010.46939679
0.00013002600435107,331.880495428505,488237.787215289,5634010.46939679
0.00111709977787986,331.880495428505,488737.787215289,5634010.46939679
0.000122199967381498,331.880495428505,489237.787215289,5634010.46939679
0.00012248405916308,331.880495428505,489737.787215289,5634010.46939679
0.000130015788538032,331.880495428505,490237.787215289,5634010.46939679
0.00012228232311149,331.880495428505,490737.787215289,5634010.46939679
0.000122358190141815,331.880495428505,491237.787215289,5634010.46939679
0.000156944368580451,331.880495428505,491737.787215289,5634010.46939679
0.000122458204051158,331.880495428505,492237.787215289,5634010.46939679
0.000122458204051158,331.880495428505,492737.787215289,5634010.46939679
0.000130277182016997,331.880495428505,493237.787215289,5634010.46939679
0.000122397893610887,331.880495428505,493737.787215289,5634010.46939679
0.000188962481982371,331.880495428505,494237.787215289,5634010.46939679
0.000292073759624735,331.880495428505,494737.787215289,5634010.46939679
0.000839676641345457,331.880495428505,495237.787215289,5634010.46939679
0.00226853674347706,331.880495428505,495737.787215289,5634010.46939679
0.000451722355206427,331.880495428505,496237.787215289,5634010.46939679
0.0035026395155023,331.880495428505,496737.787215289,5634010.46939679
0.00329446861295697,331.880495428505,497237.787215289,5634010.46939679
0.00397299995263482,331.880495428505,497737.787215289,5634010.46939679
0.00138324035870256,331.880495428505,498237.787215289,5634010.46939679
0.000841830458976614,331.880495428505,498737.787215289,5634010.46939679
0.000544885076193984,331.880495428505,499237.787215289,5634010.46939679
0.00057966149431461,331.880495428505,499737.787215289,5634010.46939679
0.00257099649801908,331.880495428505,500237.787215289,5634010.46939679
0.000352531356062256,331.880495428505,500737.787215289,5634010.46939679
0.000742022827679838,331.880495428505,501237.787215289,5634010.46939679
0.000543918722344631,331.880495428505,501737.787215289,5634010.46939679
0.000258132178440755,331.880495428505,502237.787215289,5634010.46939679
0.00256529409513126,331.880495428505,502737.787215289,5634010.46939679
0.000892593942999912,331.880495428505,503237.787215289,5634010.46939679
0.000787835429219875,331.880495428505,503737.787215289,5634010.46939679
0.00421414593636442,331.880495428505,504237.787215289,5634010.46939679
0.00107897365945509,331.880495428505,504737.787215289,5634010.46939679
0.00576643330675083,331.880495428505,505237.787215289,5634010.46939679
0.00312188458112749,331.880495428505,505737.787215289,5634010.46939679
0.00259142987728877,331.880495428505,506237.787215289,5634010.46939679
0.00216236830735058,331.880495428505,506737.787215289,5634010.46939679
0.00012248405916308,331.880495428505,507237.787215289,5634010.46939679
0.000520897569681484,331.880495428505,507737.787215289,5634010.46939679
0.00454267909484836,331.880495428505,508237.787215289,5634010.46939679
0.00655245957952781,331.880495428505,508737.787215289,5634010.46939679
0.00479997731709604,331.880495428505,509237.787215289,5634010.46939679
0.00108215727534133,331.880495428505,509737.787215289,5634010.46939679
0.00276464289329052,331.880495428505,510237.787215289,5634010.46939679
0.000160150727877108,331.880495428505,510737.787215289,5634010.46939679
0.00168756033077296,331.880495428505,511237.787215289,5634010.46939679
0.00202856304613796,331.880495428505,511737.787215289,5634010.46939679
0.00746603448239241,331.880495428505,512237.787215289,5634010.46939679
0.00479878189010702,331.880495428505,512737.787215289,5634010.46939679
0.000842845566717169,331.880495428505,513237.787215289,5634010.46939679
0.00291578096362754,331.880495428505,513737.787215289,5634010.46939679
0.000790851347263747,331.880495428505,514237.787215289,5634010.46939679
0.00785550124272369,331.880495428505,514737.787215289,5634010.46939679
0.00612713575349024,331.880495428505,515237.787215289,5634010.46939679
0.00422085233056423,331.880495428505,515737.787215289,5634010.46939679
0.0061220276764438,331.880495428505,516237.787215289,5634010.46939679
0.00612008743967202,331.880495428505,516737.787215289,5634010.46939679
0.000242388642820207,331.880495428505,517237.787215289,5634010.46939679
0.00187991079309063,331.880495428505,517737.787215289,5634010.46939679
0.00114403102789393,331.880495428505,518237.787215289,5634010.46939679
0.00212788695429763,331.880495428505,518737.787215289,5634010.46939679
0.00022758146051166,331.880495428505,519237.787215289,5634010.46939679
0.00022735062029404,331.880495428505,519737.787215289,5634010.46939679
0.000947662490925447,331.880495428505,520237.787215289,5634010.46939679
0.00129234753778222,331.880495428505,520737.787215289,5634010.46939679
0.000188660753103038,331.880495428505,521237.787215289,5634010.46939679
0.00573593474560067,331.880495428505,521737.787215289,5634010.46939679
0.00506813795589183,331.880495428505,522237.787215289,5634010.46939679
0.00476309562833854,331.880495428505,522737.787215289,5634010.46939679
0.00476378527808695,331.880495428505,523237.787215289,5634010.46939679
0.00610942039388419,331.880495428505,523737.787215289,5634010.46939679
0.00539648408520059,331.880495428505,524237.787215289,5634010.46939679
0.000146999495527994,331.880495428505,486737.787215289,5634510.46939679
0.000273468378182554,331.880495428505,487237.787215289,5634510.46939679
0.000156413765524639,331.880495428505,487737.787215289,5634510.46939679
0.000122022091066558,331.880495428505,488237.787215289,5634510.46939679
0.00111547370877226,331.880495428505,488737.787215289,5634510.46939679
0.000122022091066558,331.880495428505,489237.787215289,5634510.46939679
0.000122022091066558,331.880495428505,489737.787215289,5634510.46939679
0.000122022091066558,331.880495428505,490237.787215289,5634510.46939679
0.000156552932093046,331.880495428505,490737.787215289,5634510.46939679
0.000122199967381498,331.880495428505,491237.787215289,5634510.46939679
0.00111777209542583,331.880495428505,491737.787215289,5634510.46939679
0.00111785263870015,331.880495428505,492237.787215289,5634510.46939679
0.00111785263870015,331.880495428505,492737.787215289,5634510.46939679
0.000122273512452237,331.880495428505,493237.787215289,5634510.46939679
0.00111735794906031,331.880495428505,493737.787215289,5634510.46939679
0.000138353243210967,331.880495428505,494237.787215289,5634510.46939679
0.000130168151209289,331.880495428505,494737.787215289,5634510.46939679
0.000740701785950464,331.880495428505,495237.787215289,5634510.46939679
0.000451031039383803,331.880495428505,495737.787215289,5634510.46939679
0.0042148808720861,331.880495428505,496237.787215289,5634510.46939679
0.00256499918368237,331.880495428505,496737.787215289,5634510.46939679
0.00290645233631036,331.880495428505,497237.787215289,5634510.46939679
0.000311314345787981,331.880495428505,497737.787215289,5634510.46939679
0.000790071513757755,331.880495428505,498237.787215289,5634510.46939679
0.000311371957837474,331.880495428505,498737.787215289,5634510.46939679
0.000616122713093113,331.880495428505,499237.787215289,5634510.46939679
0.00396544566073983,331.880495428505,499737.787215289,5634510.46939679
0.00129706513889153,331.880495428505,500237.787215289,5634510.46939679
0.000741561726199542,331.880495428505,500737.787215289,5634510.46939679
0.000292056655258219,331.880495428505,501237.787215289,5634510.46939679
0.000201178814860378,331.880495428505,501737.787215289,5634510.46939679
0.000696032473085677,331.880495428505,502237.787215289,5634510.46939679
0.000351439659663166,331.880495428505,502737.787215289,5634510.46939679
0.000147312995968701,331.880495428505,503237.787215289,5634510.46939679
0.0042057329258415,331.880495428505,503737.787215289,5634510.46939679
0.000257800329905929,331.880495428505,504237.787215289,5634510.46939679
0.00241196344260489,331.880495428505,504737.787215289,5634510.46939679
0.00061683597988139,331.880495428505,505237.787215289,5634510.46939679
0.00114924536913596,331.880495428505,505737.787215289,5634510.46939679
0.000277338962807236,331.880495428505,506237.787215289,5634510.46939679
0.0051296751047431,331.880495428505,506737.787215289,5634510.46939679
0.00012248405916308,331.880495428505,507237.787215289,5634510.46939679
0.00012248405916308,331.880495428505,507737.787215289,5634510.46939679
0.00012248405916308,331.880495428505,508237.787215289,5634510.46939679
0.00335780520882667,331.880495428505,508737.787215289,5634510.46939679
0.00741861109509348,331.880495428505,509237.787215289,5634510.46939679
0.00615807853885105,331.880495428505,509737.787215289,5634510.46939679
0.000663100139363369,331.880495428505,510237.787215289,5634510.46939679
0.000334987592331472,331.880495428505,510737.787215289,5634510.46939679
0.000964242052848977,331.880495428505,511237.787215289,5634510.46939679
0.000964960024270663,331.880495428505,511737.787215289,5634510.46939679
0.00354634551218721,331.880495428505,512237.787215289,5634510.46939679
0.00578555845702205,331.880495428505,512737.787215289,5634510.46939679
0.00291975398001693,331.880495428505,513237.787215289,5634510.46939679
0.00020217647219227,331.880495428505,513737.787215289,5634510.46939679
0.0121579286707242,331.880495428505,514237.787215289,5634510.46939679
0.00397361813150053,331.880495428505,514737.787215289,5634510.46939679
0.00739169062972064,331.880495428505,515237.787215289,5634510.46939679
0.00652660956240756,331.880495428505,515737.787215289,5634510.46939679
0.00291072403591449,331.880495428505,516237.787215289,5634510.46939679
0.000616381636846135,331.880495428505,516737.787215289,5634510.46939679
0.0054080889711945,331.880495428505,517237.787215289,5634510.46939679
0.00290690232259928,331.880495428505,517737.787215289,5634510.46939679
0.00448894545553729,331.880495428505,518237.787215289,5634510.46939679
0.00612106732715342,331.880495428505,518737.787215289,5634510.46939679
0.000274526146093771,331.880495428505,519237.787215289,5634510.46939679
0.000310449564825485,331.880495428505,519737.787215289,5634510.46939679
0.000542779203067851,331.880495428505,520237.787215289,5634510.46939679
0.00100954638281075,331.880495428505,520737.787215289,5634510.46939679
0.00691700778441518,331.880495428505,521237.787215289,5634510.46939679
0.000330439731436082,331.880495428505,521737.787215289,5634510.46939679
0.00395931763924121,331.880495428505,522237.787215289,5634510.46939679
0.00574612550093477,331.880495428505,522737.787215289,5634510.46939679
0.00650608574575636,331.880495428505,523237.787215289,5634510.46939679
0.00650951691512392,331.880495428505,523737.787215289,5634510.46939679
0.00611840871432425,331.880495428505,524237.787215289,5634510.46939679
0.000138674888299699,331.880495428505,486737.787215289,5635010.46939679
0.00013032829018649,331.880495428505,487237.787215289,5635010.46939679
0.000146898277440336,331.880495428505,487737.787215289,5635010.46939679
0.000121938071440059,331.880495428505,488237.787215289,5635010.46939679
0.000121938071440059,331.880495428505,488737.787215289,5635010.46939679
0.00111470563732256,331.880495428505,489237.787215289,5635010.46939679
0.00111470563732256,331.880495428505,489737.787215289,5635010.46939679
0.000121938071440059,331.880495428505,490237.787215289,5635010.46939679
0.00111578338732622,331.880495428505,490737.787215289,5635010.46939679
0.00111637182743123,331.880495428505,491237.787215289,5635010.46939679
0.00111701201018653,331.880495428505,491737.787215289,5635010.46939679
0.00111709977787986,331.880495428505,492237.787215289,5635010.46939679
0.00111709977787986,331.880495428505,492737.787215289,5635010.46939679
0.00111969682330388,331.880495428505,493237.787215289,5635010.46939679
0.000122150975268486,331.880495428505,493737.787215289,5635010.46939679
0.000122120336606486,331.880495428505,494237.787215289,5635010.46939679
0.00013008524881513,331.880495428505,494737.787215289,5635010.46939679
0.000213883731873127,331.880495428505,495237.787215289,5635010.46939679
0.00165980581158203,331.880495428505,495737.787215289,5635010.46939679
0.000479655581307375,331.880495428505,496237.787215289,5635010.46939679
0.00107504144376071,331.880495428505,496737.787215289,5635010.46939679
0.00290472232220246,331.880495428505,497237.787215289,5635010.46939679
0.00309306869834451,331.880495428505,497737.787215289,5635010.46939679
0.00121918213078424,331.880495428505,498237.787215289,5635010.46939679
0.000311148558401061,331.880495428505,498737.787215289,5635010.46939679
0.00121880836506986,331.880495428505,499237.787215289,5635010.46939679
0.000189234081180956,331.880495428505,499737.787215289,5635010.46939679
0.000258061373401563,331.880495428505,500237.787215289,5635010.46939679
0.000227840328918486,331.880495428505,500737.787215289,5635010.46939679
0.000788039081311031,331.880495428505,501237.787215289,5635010.46939679
0.00476674085034758,331.880495428505,501737.787215289,5635010.46939679
0.000147354507223679,331.880495428505,502237.787215289,5635010.46939679
0.000138416281860704,331.880495428505,502737.787215289,5635010.46939679
0.000156641775911727,331.880495428505,503237.787215289,5635010.46939679
0.000213650165518936,331.880495428505,503737.787215289,5635010.46939679
0.000949164094622919,331.880495428505,504237.787215289,5635010.46939679
0.00226642114013802,331.880495428505,504737.787215289,5635010.46939679
0.00478271000602317,331.880495428505,505237.787215289,5635010.46939679
0.000545484616251326,331.880495428505,505737.787215289,5635010.46939679
0.000230214940904505,331.880495428505,506237.787215289,5635010.46939679
0.00312188458112749,331.880495428505,506737.787215289,5635010.46939679
0.00354412708099113,331.880495428505,507237.787215289,5635010.46939679
0.00012248405916308,331.880495428505,507737.787215289,5635010.46939679
0.00012248405916308,331.880495428505,508237.787215289,5635010.46939679
0.00277560628655648,331.880495428505,508737.787215289,5635010.46939679
0.000379268675987468,331.880495428505,509237.787215289,5635010.46939679
0.000517300157823375,331.880495428505,509737.787215289,5635010.46939679
0.00259824389027155,331.880495428505,510237.787215289,5635010.46939679
0.00122688104429424,331.880495428505,510737.787215289,5635010.46939679
0.000334109072107962,331.880495428505,511237.787215289,5635010.46939679
0.000125014128982699,331.880495428505,511737.787215289,5635010.46939679
0.00454615261434886,331.880495428505,512237.787215289,5635010.46939679
0.00398758586597637,331.880495428505,512737.787215289,5635010.46939679
0.00615317507047913,331.880495428505,513237.787215289,5635010.46939679
0.000843503970732837,331.880495428505,513737.787215289,5635010.46939679
0.00614601301631076,331.880495428505,514237.787215289,5635010.46939679
0.00787091044678442,331.880495428505,514737.787215289,5635010.46939679
0.0078703510791513,331.880495428505,515237.787215289,5635010.46939679
0.00890778819273344,331.880495428505,515737.787215289,5635010.46939679
0.00786415117291226,331.880495428505,516237.787215289,5635010.46939679
0.0039710686154276,331.880495428505,516737.787215289,5635010.46939679
0.00575862137828772,331.880495428505,517237.787215289,5635010.46939679
0.00478014580740812,331.880495428505,517737.787215289,5635010.46939679
0.00651923085742571,331.880495428505,518237.787215289,5635010.46939679
0.00226875706603294,331.880495428505,518737.787215289,5635010.46939679
0.000214294624142519,331.880495428505,519237.787215289,5635010.46939679
0.000892485759168367,331.880495428505,519737.787215289,5635010.46939679
0.0022645827827612,331.880495428505,520237.787215289,5635010.46939679
0.00448185783788406,331.880495428505,520737.787215289,5635010.46939679
0.00650529106228935,331.880495428505,521237.787215289,5635010.46939679
0.00692440701626312,331.880495428505,521737.787215289,5635010.46939679
0.00396231283730906,331.880495428505,522237.787215289,5635010.46939679
0.00651024918547406,331.880495428505,522737.787215289,5635010.46939679
0.00737082102575314,331.880495428505,523237.787215289,5635010.46939679
0.0050818039610534,331.880495428505,523737.787215289,5635010.46939679
0.00575414546495782,331.880495428505,524237.787215289,5635010.46939679
0.000121774360173337,331.880495428505,486737.787215289,5635510.46939679
0.000137871376162678,331.880495428505,487237.787215289,5635510.46939679
0.000129573140034606,331.880495428505,487737.787215289,5635510.46939679
0.00111320905902053,331.880495428505,488237.787215289,5635510.46939679
0.00111320905902053,331.880495428505,488737.787215289,5635510.46939679
0.00111320905902053,331.880495428505,489237.787215289,5635510.46939679
0.000121817978841504,331.880495428505,489737.787215289,5635510.46939679
0.000121912651966045,331.880495428505,490237.787215289,5635510.46939679
0.00111969682330388,331.880495428505,490737.787215289,5635510.46939679
0.00111493202486155,331.880495428505,491237.787215289,5635510.46939679
0.000122022091066558,331.880495428505,491737.787215289,5635510.46939679
0.000329446195228428,331.880495428505,492237.787215289,5635510.46939679
0.000213339172767112,331.880495428505,492737.787215289,5635510.46939679
0.000122022091066558,331.880495428505,493237.787215289,5635510.46939679
0.000156368756120359,331.880495428505,493737.787215289,5635510.46939679
0.000129786610977253,331.880495428505,494237.787215289,5635510.46939679
0.000122109902985947,331.880495428505,494737.787215289,5635510.46939679
0.000166633881073578,331.880495428505,495237.787215289,5635510.46939679
0.00020083734155172,331.880495428505,495737.787215289,5635510.46939679
0.00155786012872009,331.880495428505,496237.787215289,5635510.46939679
0.00146463282637772,331.880495428505,496737.787215289,5635510.46939679
0.000330353625682992,331.880495428505,497237.787215289,5635510.46939679
0.000696249324447684,331.880495428505,497737.787215289,5635510.46939679
0.000423809246032533,331.880495428505,498237.787215289,5635510.46939679
0.000740973320235238,331.880495428505,498737.787215289,5635510.46939679
0.000147480004016538,331.880495428505,499237.787215289,5635510.46939679
0.000351533611047176,331.880495428505,499737.787215289,5635510.46939679
0.000177577446591745,331.880495428505,500237.787215289,5635510.46939679
0.000200982877492665,331.880495428505,500737.787215289,5635510.46939679
0.000786946593204054,331.880495428505,501237.787215289,5635510.46939679
0.00107301653561413,331.880495428505,501737.787215289,5635510.46939679
0.000156578975472806,331.880495428505,502237.787215289,5635510.46939679
0.000122088690251356,331.880495428505,502737.787215289,5635510.46939679
0.000129860907294352,331.880495428505,503237.787215289,5635510.46939679
0.000147154761779371,331.880495428505,503737.787215289,5635510.46939679
0.000177505013966695,331.880495428505,504237.787215289,5635510.46939679
0.00107536855561101,331.880495428505,504737.787215289,5635510.46939679
0.00612479914367925,331.880495428505,505237.787215289,5635510.46939679
0.0057655272128045,331.880495428505,505737.787215289,5635510.46939679
0.00453076571194971,331.880495428505,506237.787215289,5635510.46939679
0.000455705115329326,331.880495428505,506737.787215289,5635510.46939679
0.00167225905028632,331.880495428505,507237.787215289,5635510.46939679
0.00012248405916308,331.880495428505,507737.787215289,5635510.46939679
0.00012248405916308,331.880495428505,508237.787215289,5635510.46939679
0.00012248405916308,331.880495428505,508737.787215289,5635510.46939679
0.00192208925734019,331.880495428505,509237.787215289,5635510.46939679
0.00514316328478898,331.880495428505,509737.787215289,5635510.46939679
0.00123358872105648,331.880495428505,510237.787215289,5635510.46939679
0.0051296751047431,331.880495428505,510737.787215289,5635510.46939679
0.000548986019477392,331.880495428505,511237.787215289,5635510.46939679
0.000357141267032576,331.880495428505,511737.787215289,5635510.46939679
0.000316952682027717,331.880495428505,512237.787215289,5635510.46939679
0.00452098487143813,331.880495428505,512737.787215289,5635510.46939679
0.00742263770389356,331.880495428505,513237.787215289,5635510.46939679
0.000582000424147418,331.880495428505,513737.787215289,5635510.46939679
0.00122507299910981,331.880495428505,514237.787215289,5635510.46939679
0.00892373870500713,331.880495428505,514737.787215289,5635510.46939679
0.00788138915592863,331.880495428505,515237.787215289,5635510.46939679
0.00838253641338182,331.880495428505,515737.787215289,5635510.46939679
0.00695529027432649,331.880495428505,516237.787215289,5635510.46939679
0.00373666858540407,331.880495428505,516737.787215289,5635510.46939679
0.00694706727784951,331.880495428505,517237.787215289,5635510.46939679
0.00449870603357934,331.880495428505,517737.787215289,5635510.46939679
0.0057662084841565,331.880495428505,518237.787215289,5635510.46939679
0.00107858732153795,331.880495428505,518737.787215289,5635510.46939679
0.000616353540735234,331.880495428505,519237.787215289,5635510.46939679
0.00372620674105694,331.880495428505,519737.787215289,5635510.46939679
0.00350193289785673,331.880495428505,520237.787215289,5635510.46939679
0.00448777961052213,331.880495428505,520737.787215289,5635510.46939679
0.00477593910063713,331.880495428505,521237.787215289,5635510.46939679
0.00290748887537885,331.880495428505,521737.787215289,5635510.46939679
0.00738098996008754,331.880495428505,522237.787215289,5635510.46939679
0.00541176897513571,331.880495428505,522737.787215289,5635510.46939679
0.00738133445281901,331.880495428505,523237.787215289,5635510.46939679
0.00738531679443097,331.880495428505,523737.787215289,5635510.46939679
0.00541538843753544,331.880495428505,524237.787215289,5635510.46939679
0.000121680681225285,331.880495428505,486737.787215289,5636010.46939679
0.000155976130024428,331.880495428505,487237.787215289,5636010.46939679
0.000129473461617598,331.880495428505,487737.787215289,5636010.46939679
0.00111235268618916,331.880495428505,488237.787215289,5636010.46939679
0.00111235268618916,331.880495428505,488737.787215289,5636010.46939679
0.00111293279097352,331.880495428505,489237.787215289,5636010.46939679
0.000137998386139479,331.880495428505,489737.787215289,5636010.46939679
0.000121998825659194,331.880495428505,490237.787215289,5636010.46939679
0.00013032829018649,331.880495428505,490737.787215289,5636010.46939679
0.000188466078998806,331.880495428505,491237.787215289,5636010.46939679
0.000146999495527994,331.880495428505,491737.787215289,5636010.46939679
0.000166333351914119,331.880495428505,492237.787215289,5636010.46939679
0.00111470563732256,331.880495428505,492737.787215289,5636010.46939679
0.000121925445807063,331.880495428505,493237.787215289,5636010.46939679
0.000121899685426072,331.880495428505,493737.787215289,5636010.46939679
0.000188261999985652,331.880495428505,494237.787215289,5636010.46939679
0.000129848893128956,331.880495428505,494737.787215289,5636010.46939679
0.000122088690251356,331.880495428505,495237.787215289,5636010.46939679
0.000122140870499165,331.880495428505,495737.787215289,5636010.46939679
0.000147154761779371,331.880495428505,496237.787215289,5636010.46939679
0.000130036119169926,331.880495428505,496737.787215289,5636010.46939679
0.000130113634378605,331.880495428505,497237.787215289,5636010.46939679
0.000122358190141815,331.880495428505,497737.787215289,5636010.46939679
0.000147414117339842,331.880495428505,498237.787215289,5636010.46939679
0.000122366262455049,331.880495428505,498737.787215289,5636010.46939679
0.00045049220220812,331.880495428505,499237.787215289,5636010.46939679
0.000257556909762062,331.880495428505,499737.787215289,5636010.46939679
0.000177454554549283,331.880495428505,500237.787215289,5636010.46939679
0.000147247804716834,331.880495428505,500737.787215289,5636010.46939679
0.00013829777496599,331.880495428505,501237.787215289,5636010.46939679
0.000156512806267967,331.880495428505,501737.787215289,5636010.46939679
0.000129884520142196,331.880495428505,502237.787215289,5636010.46939679
0.000121998825659194,331.880495428505,502737.787215289,5636010.46939679
0.00012248405916308,331.880495428505,503237.787215289,5636010.46939679
0.000156539701367173,331.880495428505,503737.787215289,5636010.46939679
0.000188805522565035,331.880495428505,504237.787215289,5636010.46939679
0.000479625462493343,331.880495428505,504737.787215289,5636010.46939679
0.00575355357648426,331.880495428505,505237.787215289,5636010.46939679
0.00273645775361027,331.880495428505,505737.787215289,5636010.46939679
0.000744215777595791,331.880495428505,506237.787215289,5636010.46939679
0.000661361129035885,331.880495428505,506737.787215289,5636010.46939679
0.00167812988679816,331.880495428505,507237.787215289,5636010.46939679
0.0018805338779119,331.880495428505,507737.787215289,5636010.46939679
0.00012248405916308,331.880495428505,508237.787215289,5636010.46939679
0.00012248405916308,331.880495428505,508737.787215289,5636010.46939679
0.00012248405916308,331.880495428505,509237.787215289,5636010.46939679
0.000125188001027606,331.880495428505,509737.787215289,5636010.46939679
0.005863518326726,331.880495428505,510237.787215289,5636010.46939679
0.00191820049904708,331.880495428505,510737.787215289,5636010.46939679
0.00545819423508204,331.880495428505,511237.787215289,5636010.46939679
0.000430246569511591,331.880495428505,511737.787215289,5636010.46939679
0.0001249293121547,331.880495428505,512237.787215289,5636010.46939679
0.000354990031309425,331.880495428505,512737.787215289,5636010.46939679
0.00399355050991186,331.880495428505,513237.787215289,5636010.46939679
0.00480785707537591,331.880495428505,513737.787215289,5636010.46939679
0.000483157841912926,331.880495428505,514237.787215289,5636010.46939679
0.00654724207895457,331.880495428505,514737.787215289,5636010.46939679
0.00510724230775509,331.880495428505,515237.787215289,5636010.46939679
0.00577941675714197,331.880495428505,515737.787215289,5636010.46939679
0.00838461724609942,331.880495428505,516237.787215289,5636010.46939679
0.00695643513428515,331.880495428505,516737.787215289,5636010.46939679
0.00695195123393757,331.880495428505,517237.787215289,5636010.46939679
0.00695195123393757,331.880495428505,517737.787215289,5636010.46939679
0.00478984091201875,331.880495428505,518237.787215289,5636010.46939679
0.00613760470044457,331.880495428505,518737.787215289,5636010.46939679
0.00694170448883298,331.880495428505,519237.787215289,5636010.46939679
0.000122696591241002,331.880495428505,519737.787215289,5636010.46939679
0.00693706488842809,331.880495428505,520237.787215289,5636010.46939679
0.00575671727781236,331.880495428505,520737.787215289,5636010.46939679
0.00541100671701523,331.880495428505,521237.787215289,5636010.46939679
0.0069395882385165,331.880495428505,521737.787215289,5636010.46939679
0.00541538843753544,331.880495428505,522237.787215289,5636010.46939679
0.00200578131013945,331.880495428505,522737.787215289,5636010.46939679
0.00694170448883298,331.880495428505,523237.787215289,5636010.46939679
0.000243177587570618,331.880495428505,523737.787215289,5636010.46939679
0.0069473355001294,331.880495428505,524237.787215289,5636010.46939679
0.000121500794723223,331.880495428505,486737.787215289,5636510.46939679
0.000137492260362218,331.880495428505,487237.787215289,5636510.46939679
0.00013751588697828,331.880495428505,487737.787215289,5636510.46939679
0.000129473461617598,331.880495428505,488237.787215289,5636510.46939679
0.00111347689061752,331.880495428505,488737.787215289,5636510.46939679
0.00111969682330388,331.880495428505,489237.787215289,5636510.46939679
0.00111618002349404,331.880495428505,489737.787215289,5636510.46939679
0.00012248405916308,331.880495428505,490237.787215289,5636510.46939679
0.00111801154627609,331.880495428505,490737.787215289,5636510.46939679
0.000177505013966695,331.880495428505,491237.787215289,5636510.46939679
0.000509864306306433,331.880495428505,491737.787215289,5636510.46939679
0.000542113396654199,331.880495428505,492237.787215289,5636510.46939679
0.000122150975268486,331.880495428505,492737.787215289,5636510.46939679
0.000576456007400462,331.880495428505,493237.787215289,5636510.46939679
0.000227105860287614,331.880495428505,493737.787215289,5636510.46939679
0.000835526932996537,331.880495428505,494237.787215289,5636510.46939679
0.000200318839307497,331.880495428505,494737.787215289,5636510.46939679
0.000121845993922162,331.880495428505,495237.787215289,5636510.46939679
0.000137998386139479,331.880495428505,495737.787215289,5636510.46939679
0.000129706491476563,331.880495428505,496237.787215289,5636510.46939679
0.000166366699342667,331.880495428505,496737.787215289,5636510.46939679
0.000156442884187789,331.880495428505,497237.787215289,5636510.46939679
0.00078611698930478,331.880495428505,497737.787215289,5636510.46939679
0.00111627644773976,331.880495428505,498237.787215289,5636510.46939679
0.000122109902985947,331.880495428505,498737.787215289,5636510.46939679
0.00013032829018649,331.880495428505,499237.787215289,5636510.46939679
0.000138674888299699,331.880495428505,499737.787215289,5636510.46939679
0.000122022091066558,331.880495428505,500237.787215289,5636510.46939679
0.000121986978161952,331.880495428505,500737.787215289,5636510.46939679
0.000121899685426072,331.880495428505,501237.787215289,5636510.46939679
0.00012248405916308,331.880495428505,501737.787215289,5636510.46939679
0.000121817978841504,331.880495428505,502237.787215289,5636510.46939679
0.000121886541244498,331.880495428505,502737.787215289,5636510.46939679
0.000138674888299699,331.880495428505,503237.787215289,5636510.46939679
0.000200642949190449,331.880495428505,503737.787215289,5636510.46939679
0.000273909424571957,331.880495428505,504237.787215289,5636510.46939679
0.000450399117692738,331.880495428505,504737.787215289,5636510.46939679
0.000654874486677844,331.880495428505,505237.787215289,5636510.46939679
0.00449484708576592,331.880495428505,505737.787215289,5636510.46939679
0.00450186873257768,331.880495428505,506237.787215289,5636510.46939679
0.00614199124894448,331.880495428505,506737.787215289,5636510.46939679
0.00580775267430408,331.880495428505,507237.787215289,5636510.46939679
0.00259142987728877,331.880495428505,507737.787215289,5636510.46939679
0.00229496549338083,331.880495428505,508237.787215289,5636510.46939679
0.00012248405916308,331.880495428505,508737.787215289,5636510.46939679
0.00012248405916308,331.880495428505,509237.787215289,5636510.46939679
0.00012248405916308,331.880495428505,509737.787215289,5636510.46939679
0.00012248405916308,331.880495428505,510237.787215289,5636510.46939679
0.00012248405916308,331.880495428505,510737.787215289,5636510.46939679
0.000623189305902894,331.880495428505,511237.787215289,5636510.46939679
0.00179029728190401,331.880495428505,511737.787215289,5636510.46939679
0.00190495306303827,331.880495428505,512237.787215289,5636510.46939679
0.000125356254801756,331.880495428505,512737.787215289,5636510.46939679
0.000124388980014948,331.880495428505,513237.787215289,5636510.46939679
0.000123668680529552,331.880495428505,513737.787215289,5636510.46939679
0.000620957398566267,331.880495428505,514237.787215289,5636510.46939679
0.00544596075121508,331.880495428505,514737.787215289,5636510.46939679
0.00656615927663293,331.880495428505,515237.787215289,5636510.46939679
0.00511632700541664,331.880495428505,515737.787215289,5636510.46939679
0.00893910744561985,331.880495428505,516237.787215289,5636510.46939679
0.00615701383981687,331.880495428505,516737.787215289,5636510.46939679
0.00615300833844772,331.880495428505,517237.787215289,5636510.46939679
0.00696635749885854,331.880495428505,517737.787215289,5636510.46939679
0.00741209923982474,331.880495428505,518237.787215289,5636510.46939679
0.00614954720949109,331.880495428505,518737.787215289,5636510.46939679
0.00837586899118967,331.880495428505,519237.787215289,5636510.46939679
0.00542338216660459,331.880495428505,519737.787215289,5636510.46939679
0.00397625815997619,331.880495428505,520237.787215289,5636510.46939679
0.00653091823526629,331.880495428505,520737.787215289,5636510.46939679
0.00509258121673351,331.880495428505,521237.787215289,5636510.46939679
0.0061378337302895,331.880495428505,521737.787215289,5636510.46939679
0.00653306116906431,331.880495428505,522237.787215289,5636510.46939679
0.00739717416266071,331.880495428505,522737.787215289,5636510.46939679
0.00509695831356231,331.880495428505,523237.787215289,5636510.46939679
0.00577348282863043,331.880495428505,523737.787215289,5636510.46939679
0.00577752344124782,331.880495428505,524237.787215289,5636510.46939679
0.00012921684254872,331.880495428505,486737.787215289,5637010.46939679
0.000129122838291909,331.880495428505,487237.787215289,5637010.46939679
0.00111070824081161,331.880495428505,487737.787215289,5637010.46939679
0.000147556026534349,331.880495428505,488237.787215289,5637010.46939679
0.0011139892051617,331.880495428505,488737.787215289,5637010.46939679
0.000121986978161952,331.880495428505,489237.787215289,5637010.46939679
0.000147178731479347,331.880495428505,489737.787215289,5637010.46939679
0.000122308281073528,331.880495428505,490237.787215289,5637010.46939679
0.000122390082463527,331.880495428505,490737.787215289,5637010.46939679
0.000423573487563625,331.880495428505,491237.787215289,5637010.46939679
0.000949164094622919,331.880495428505,491737.787215289,5637010.46939679
0.000397757247305132,331.880495428505,492237.787215289,5637010.46939679
0.00014725892766621,331.880495428505,492737.787215289,5637010.46939679
0.00013002600435107,331.880495428505,493237.787215289,5637010.46939679
0.000309944436254382,331.880495428505,493737.787215289,5637010.46939679
0.000422378542407671,331.880495428505,494237.787215289,5637010.46939679
0.000129811980935027,331.880495428505,494737.787215289,5637010.46939679
0.000213170201562536,331.880495428505,495237.787215289,5637010.46939679
0.000129634565390284,331.880495428505,495737.787215289,5637010.46939679
0.000137920760661994,331.880495428505,496237.787215289,5637010.46939679
0.000121899685426072,331.880495428505,496737.787215289,5637010.46939679
0.000129773686457026,331.880495428505,497237.787215289,5637010.46939679
0.00111547370877226,331.880495428505,497737.787215289,5637010.46939679
0.00111547370877226,331.880495428505,498237.787215289,5637010.46939679
0.000129836736325915,331.880495428505,498737.787215289,5637010.46939679
0.00111526102637999,331.880495428505,499237.787215289,5637010.46939679
0.00111493202486155,331.880495428505,499737.787215289,5637010.46939679
0.00111459021919179,331.880495428505,500237.787215289,5637010.46939679
0.000121899685426072,331.880495428505,500737.787215289,5637010.46939679
0.000121817978841504,331.880495428505,501237.787215289,5637010.46939679
0.00013032829018649,331.880495428505,501737.787215289,5637010.46939679
0.000188093688071606,331.880495428505,502237.787215289,5637010.46939679
0.000121962836058607,331.880495428505,502737.787215289,5637010.46939679
0.000147556026534349,331.880495428505,503237.787215289,5637010.46939679
0.000122170872159308,331.880495428505,503737.787215289,5637010.46939679
0.000351317551496246,331.880495428505,504237.787215289,5637010.46939679
0.000291859615762439,331.880495428505,504737.787215289,5637010.46939679
0.00575173011915811,331.880495428505,505237.787215289,5637010.46939679
0.00541675440917656,331.880495428505,505737.787215289,5637010.46939679
0.00122284634415005,331.880495428505,506237.787215289,5637010.46939679
0.00482092896421552,331.880495428505,506737.787215289,5637010.46939679
0.0011563007561629,331.880495428505,507237.787215289,5637010.46939679
0.00699657501204747,331.880495428505,507737.787215289,5637010.46939679
0.00699657501204747,331.880495428505,508237.787215289,5637010.46939679
0.00229488887482177,331.880495428505,508737.787215289,5637010.46939679
0.0027292035284424,331.880495428505,509237.787215289,5637010.46939679
0.00166097428009133,331.880495428505,509737.787215289,5637010.46939679
0.00012248405916308,331.880495428505,510237.787215289,5637010.46939679
0.00012248405916308,331.880495428505,510737.787215289,5637010.46939679
0.00548853130277646,331.880495428505,511237.787215289,5637010.46939679
0.00514316328478898,331.880495428505,511737.787215289,5637010.46939679
0.00333062775077305,331.880495428505,512237.787215289,5637010.46939679
0.00402018455520181,331.880495428505,512737.787215289,5637010.46939679
0.000317322667635906,331.880495428505,513237.787215289,5637010.46939679
0.000124436004380267,331.880495428505,513737.787215289,5637010.46939679
0.000124393984781278,331.880495428505,514237.787215289,5637010.46939679
0.000123715760493531,331.880495428505,514737.787215289,5637010.46939679
0.00012248405916308,331.880495428505,515237.787215289,5637010.46939679
0.00698922825657943,331.880495428505,515737.787215289,5637010.46939679
0.00697971994278837,331.880495428505,516237.787215289,5637010.46939679
0.00616142096682285,331.880495428505,516737.787215289,5637010.46939679
0.00615762508273122,331.880495428505,517237.787215289,5637010.46939679
0.00480359083055774,331.880495428505,517737.787215289,5637010.46939679
0.00157133699054636,331.880495428505,518237.787215289,5637010.46939679
0.002580237748803,331.880495428505,518737.787215289,5637010.46939679
0.00653795203520078,331.880495428505,519237.787215289,5637010.46939679
0.00577462086830215,331.880495428505,519737.787215289,5637010.46939679
0.00740218583859235,331.880495428505,520237.787215289,5637010.46939679
0.00577211808815968,331.880495428505,520737.787215289,5637010.46939679
0.010740614992857,331.880495428505,521237.787215289,5637010.46939679
0.00542827147504648,331.880495428505,521737.787215289,5637010.46939679
0.00330502685752316,331.880495428505,522237.787215289,5637010.46939679
0.00654261266369411,331.880495428505,522737.787215289,5637010.46939679
0.0074074625426805,331.880495428505,523237.787215289,5637010.46939679
0.00654543986650785,331.880495428505,523737.787215289,5637010.46939679
0.00654898346135051,331.880495428505,524237.787215289,5637010.46939679
0.000121327737974212,331.880495428505,486737.787215289,5637510.46939679
0.000121351161302126,331.880495428505,487237.787215289,5637510.46939679
0.00239270401588462,331.880495428505,487737.787215289,5637510.46939679
0.00111360780220816,331.880495428505,488237.787215289,5637510.46939679
0.00111493202486155,331.880495428505,488737.787215289,5637510.46939679
0.000166536336014425,331.880495428505,489237.787215289,5637510.46939679
0.00111793245014582,331.880495428505,489737.787215289,5637510.46939679
0.0011194604669414,331.880495428505,490237.787215289,5637510.46939679
0.000122555447954108,331.880495428505,490737.787215289,5637510.46939679
0.000480238255648751,331.880495428505,491237.787215289,5637510.46939679
0.00176808892637732,331.880495428505,491737.787215289,5637510.46939679
0.000615034068195082,331.880495428505,492237.787215289,5637510.46939679
0.000166932871030168,331.880495428505,492737.787215289,5637510.46939679
0.000130211467938998,331.880495428505,493237.787215289,5637510.46939679
0.000274109769559919,331.880495428505,493737.787215289,5637510.46939679
0.00308327975464105,331.880495428505,494237.787215289,5637510.46939679
0.000129973874642396,331.880495428505,494737.787215289,5637510.46939679
0.00111598394258756,331.880495428505,495237.787215289,5637510.46939679
0.000129811980935027,331.880495428505,495737.787215289,5637510.46939679
0.000146883067393821,331.880495428505,496237.787215289,5637510.46939679
0.000176730138904977,331.880495428505,496737.787215289,5637510.46939679
0.000121803658373071,331.880495428505,497237.787215289,5637510.46939679
0.00012248405916308,331.880495428505,497737.787215289,5637510.46939679
0.000121859700654904,331.880495428505,498237.787215289,5637510.46939679
0.0011139892051617,331.880495428505,498737.787215289,5637510.46939679
0.00111373678615886,331.880495428505,499237.787215289,5637510.46939679
0.000241107505743769,331.880495428505,499737.787215289,5637510.46939679
0.000121759368530279,331.880495428505,500237.787215289,5637510.46939679
0.0001217286638256,331.880495428505,500737.787215289,5637510.46939679
0.000129473461617598,331.880495428505,501237.787215289,5637510.46939679
0.000156133768027437,331.880495428505,501737.787215289,5637510.46939679
0.000448989330352717,331.880495428505,502237.787215289,5637510.46939679
0.000147092575182825,331.880495428505,502737.787215289,5637510.46939679
0.000122190366440315,331.880495428505,503237.787215289,5637510.46939679
0.000122308281073528,331.880495428505,503737.787215289,5637510.46939679
0.000130244850782936,331.880495428505,504237.787215289,5637510.46939679
0.000177824832384185,331.880495428505,504737.787215289,5637510.46939679
0.00101212571231588,331.880495428505,505237.787215289,5637510.46939679
0.00156515230128564,331.880495428505,505737.787215289,5637510.46939679
0.00177470695763427,331.880495428505,506237.787215289,5637510.46939679
0.000748784628150692,331.880495428505,506737.787215289,5637510.46939679
0.00792143291874676,331.880495428505,507237.787215289,5637510.46939679
0.000748784628150692,331.880495428505,507737.787215289,5637510.46939679
0.00482092896421552,331.880495428505,508237.787215289,5637510.46939679
0.00123035357843105,331.880495428505,508737.787215289,5637510.46939679
0.00293398382797756,331.880495428505,509237.787215289,5637510.46939679
0.000703716595710558,331.880495428505,509737.787215289,5637510.46939679
0.000623196252059742,331.880495428505,510237.787215289,5637510.46939679
0.00169424317764128,331.880495428505,510737.787215289,5637510.46939679
0.0051485279318686,331.880495428505,511237.787215289,5637510.46939679
0.00547254623692716,331.880495428505,511737.787215289,5637510.46939679
0.00292550553608908,331.880495428505,512237.787215289,5637510.46939679
0.0035443608970022,331.880495428505,512737.787215289,5637510.46939679
0.000334998776431456,331.880495428505,513237.787215289,5637510.46939679
0.000551525008865635,331.880495428505,513737.787215289,5637510.46939679
0.00132622577189297,331.880495428505,514237.787215289,5637510.46939679
0.000382734238274475,331.880495428505,514737.787215289,5637510.46939679
0.00012248405916308,331.880495428505,515237.787215289,5637510.46939679
0.000124391986189271,331.880495428505,515737.787215289,5637510.46939679
0.000124277499174444,331.880495428505,516237.787215289,5637510.46939679
0.00692504867183639,331.880495428505,516737.787215289,5637510.46939679
0.00743439912774212,331.880495428505,517237.787215289,5637510.46939679
0.00791168636045669,331.880495428505,517737.787215289,5637510.46939679
0.00743170904316462,331.880495428505,518237.787215289,5637510.46939679
0.00742039596958848,331.880495428505,518737.787215289,5637510.46939679
0.00654724207895457,331.880495428505,519237.787215289,5637510.46939679
0.00578282626354507,331.880495428505,519737.787215289,5637510.46939679
0.00654915440487463,331.880495428505,520237.787215289,5637510.46939679
0.00543172194393844,331.880495428505,520737.787215289,5637510.46939679
0.0035185174857303,331.880495428505,521237.787215289,5637510.46939679
0.00577941675714197,331.880495428505,521737.787215289,5637510.46939679
0.00950118410862936,331.880495428505,522237.787215289,5637510.46939679
0.00696635749885854,331.880495428505,522737.787215289,5637510.46939679
0.00696654627073619,331.880495428505,523237.787215289,5637510.46939679
0.00615545109669694,331.880495428505,523737.787215289,5637510.46939679
0.00480753720233173,331.880495428505,524237.787215289,5637510.46939679
0.000121253813224809,331.880495428505,486737.787215289,5638010.46939679
0.000199433802482171,331.880495428505,487237.787215289,5638010.46939679
0.000328340948680363,331.880495428505,487737.787215289,5638010.46939679
0.000121845993922162,331.880495428505,488237.787215289,5638010.46939679
0.000138125513120509,331.880495428505,488737.787215289,5638010.46939679
0.00187541994265984,331.880495428505,489237.787215289,5638010.46939679
0.0019987794123013,331.880495428505,489737.787215289,5638010.46939679
0.000788880929831164,331.880495428505,490237.787215289,5638010.46939679
0.000374876679797076,331.880495428505,490737.787215289,5638010.46939679
0.000655485782886713,331.880495428505,491237.787215289,5638010.46939679
0.00421897857088026,331.880495428505,491737.787215289,5638010.46939679
0.000352019563708146,331.880495428505,492237.787215289,5638010.46939679
0.00014755099525967,331.880495428505,492737.787215289,5638010.46939679
0.000292004569868013,331.880495428505,493237.787215289,5638010.46939679
0.000542956800585334,331.880495428505,493737.787215289,5638010.46939679
0.000450367540326254,331.880495428505,494237.787215289,5638010.46939679
0.000122237441819165,331.880495428505,494737.787215289,5638010.46939679
0.000129973874642396,331.880495428505,495237.787215289,5638010.46939679
0.000200590373418103,331.880495428505,495737.787215289,5638010.46939679
0.000146971467790428,331.880495428505,496237.787215289,5638010.46939679
0.000421690479754738,331.880495428505,496737.787215289,5638010.46939679
0.000121789121212078,331.880495428505,497237.787215289,5638010.46939679
0.000167061049718756,331.880495428505,497737.787215289,5638010.46939679
0.000188048444714259,331.880495428505,498237.787215289,5638010.46939679
0.000121774360173337,331.880495428505,498737.787215289,5638010.46939679
0.00111293279097352,331.880495428505,499237.787215289,5638010.46939679
0.00111293279097352,331.880495428505,499737.787215289,5638010.46939679
0.000121789121212078,331.880495428505,500237.787215289,5638010.46939679
0.000121789121212078,331.880495428505,500737.787215289,5638010.46939679
0.000121744139107142,331.880495428505,501237.787215289,5638010.46939679
0.000156222928963924,331.880495428505,501737.787215289,5638010.46939679
0.000241470382997546,331.880495428505,502237.787215289,5638010.46939679
0.000786577440339421,331.880495428505,502737.787215289,5638010.46939679
0.000147291669572846,331.880495428505,503237.787215289,5638010.46939679
0.000213982556104741,331.880495428505,503737.787215289,5638010.46939679
0.000201239089997868,331.880495428505,504237.787215289,5638010.46939679
0.000167211413665645,331.880495428505,504737.787215289,5638010.46939679
0.000214567635260829,331.880495428505,505237.787215289,5638010.46939679
0.00508900849467195,331.880495428505,505737.787215289,5638010.46939679
0.00450186873257768,331.880495428505,506237.787215289,5638010.46939679
0.00792143291874676,331.880495428505,506737.787215289,5638010.46939679
0.0040017813053303,331.880495428505,507237.787215289,5638010.46939679
0.00177470695763427,331.880495428505,507737.787215289,5638010.46939679
0.00312188458112749,331.880495428505,508237.787215289,5638010.46939679
0.000378274026604546,331.880495428505,508737.787215289,5638010.46939679
0.00376092111281757,331.880495428505,509237.787215289,5638010.46939679
0.000661361129035885,331.880495428505,509737.787215289,5638010.46939679
0.00157712619450313,331.880495428505,510237.787215289,5638010.46939679
0.000904429573183911,331.880495428505,510737.787215289,5638010.46939679
0.00180274737799244,331.880495428505,511237.787215289,5638010.46939679
0.00742004331960577,331.880495428505,511737.787215289,5638010.46939679
0.00398738917890487,331.880495428505,512237.787215289,5638010.46939679
0.00540239483935993,331.880495428505,512737.787215289,5638010.46939679
0.00453097717624708,331.880495428505,513237.787215289,5638010.46939679
0.000230825418836863,331.880495428505,513737.787215289,5638010.46939679
0.000315497789616835,331.880495428505,514237.787215289,5638010.46939679
0.000551938711483796,331.880495428505,514737.787215289,5638010.46939679
0.000298136016429819,331.880495428505,515237.787215289,5638010.46939679
0.00071110010536444,331.880495428505,515737.787215289,5638010.46939679
0.000192053137591458,331.880495428505,516237.787215289,5638010.46939679
0.000123560083303501,331.880495428505,516737.787215289,5638010.46939679
0.000123681183302246,331.880495428505,517237.787215289,5638010.46939679
0.000123560083303501,331.880495428505,517737.787215289,5638010.46939679
0.00115520944947092,331.880495428505,518237.787215289,5638010.46939679
0.00451927005685361,331.880495428505,518737.787215289,5638010.46939679
0.00274781294032302,331.880495428505,519237.787215289,5638010.46939679
0.00578882702372133,331.880495428505,519737.787215289,5638010.46939679
0.00544422773606523,331.880495428505,520237.787215289,5638010.46939679
0.00578298242557122,331.880495428505,520737.787215289,5638010.46939679
0.00101731720002933,331.880495428505,521237.787215289,5638010.46939679
0.00511565291067289,331.880495428505,521737.787215289,5638010.46939679
0.00139018184671722,331.880495428505,522237.787215289,5638010.46939679
0.00022972738949287,331.880495428505,522737.787215289,5638010.46939679
0.00616773315140845,331.880495428505,523237.787215289,5638010.46939679
0.00012248405916308,331.880495428505,523737.787215289,5638010.46939679
0.00012248405916308,331.880495428505,524237.787215289,5638010.46939679
0.00012117368530961,331.880495428505,486737.787215289,5638510.46939679
0.000371148735356673,331.880495428505,487237.787215289,5638510.46939679
0.00393435641357504,331.880495428505,487737.787215289,5638510.46939679
0.000156273481239579,331.880495428505,488237.787215289,5638510.46939679
0.000738672201196724,331.880495428505,488737.787215289,5638510.46939679
0.00272370837315619,331.880495428505,489237.787215289,5638510.46939679
0.00574716630176083,331.880495428505,489737.787215289,5638510.46939679
0.00540970517355029,331.880495428505,490237.787215289,5638510.46939679
0.00273645775361027,331.880495428505,490737.787215289,5638510.46939679
0.00350801140071095,331.880495428505,491237.787215289,5638510.46939679
0.00329548459864694,331.880495428505,491737.787215289,5638510.46939679
0.000189472587840076,331.880495428505,492237.787215289,5638510.46939679
0.000189400331646404,331.880495428505,492737.787215289,5638510.46939679
0.00101192283643983,331.880495428505,493237.787215289,5638510.46939679
0.000177834657391842,331.880495428505,493737.787215289,5638510.46939679
0.000257957912064866,331.880495428505,494237.787215289,5638510.46939679
0.000130228294949119,331.880495428505,494737.787215289,5638510.46939679
0.000122308281073528,331.880495428505,495237.787215289,5638510.46939679
0.000351163535322045,331.880495428505,495737.787215289,5638510.46939679
0.000576600633932451,331.880495428505,496237.787215289,5638510.46939679
0.000652006733900206,331.880495428505,496737.787215289,5638510.46939679
0.000121962836058607,331.880495428505,497237.787215289,5638510.46939679
0.000121962836058607,331.880495428505,497737.787215289,5638510.46939679
0.000121938071440059,331.880495428505,498237.787215289,5638510.46939679
0.000256723294959787,331.880495428505,498737.787215289,5638510.46939679
0.000121873214935916,331.880495428505,499237.787215289,5638510.46939679
0.000121912651966045,331.880495428505,499737.787215289,5638510.46939679
0.000121962836058607,331.880495428505,500237.787215289,5638510.46939679
0.00012248405916308,331.880495428505,500737.787215289,5638510.46939679
0.000121886541244498,331.880495428505,501237.787215289,5638510.46939679
0.000129799374690025,331.880495428505,501737.787215289,5638510.46939679
0.000329683277731159,331.880495428505,502237.787215289,5638510.46939679
0.0057393216597253,331.880495428505,502737.787215289,5638510.46939679
0.00395833504487331,331.880495428505,503237.787215289,5638510.46939679
0.00328977621543664,331.880495428505,503737.787215289,5638510.46939679
0.000697256601028895,331.880495428505,504237.787215289,5638510.46939679
0.00449285043567483,331.880495428505,504737.787215289,5638510.46939679
0.00166644749733342,331.880495428505,505237.787215289,5638510.46939679
0.00542101563207448,331.880495428505,505737.787215289,5638510.46939679
0.00450312039090687,331.880495428505,506237.787215289,5638510.46939679
0.00617969784019223,331.880495428505,506737.787215289,5638510.46939679
0.000216358707703628,331.880495428505,507237.787215289,5638510.46939679
0.00453076571194971,331.880495428505,507737.787215289,5638510.46939679
0.00657546344303522,331.880495428505,508237.787215289,5638510.46939679
0.000353408638026597,331.880495428505,508737.787215289,5638510.46939679
0.00148220173715737,331.880495428505,509237.787215289,5638510.46939679
0.0035345578725146,331.880495428505,509737.787215289,5638510.46939679
0.00243545626166524,331.880495428505,510237.787215289,5638510.46939679
0.00275739249134089,331.880495428505,510737.787215289,5638510.46939679
0.00148220173715737,331.880495428505,511237.787215289,5638510.46939679
0.0051296751047431,331.880495428505,511737.787215289,5638510.46939679
0.00425806687651942,331.880495428505,512237.787215289,5638510.46939679
0.000515943514590382,331.880495428505,512737.787215289,5638510.46939679
0.000334135011630359,331.880495428505,513237.787215289,5638510.46939679
0.00139316314639653,331.880495428505,513737.787215289,5638510.46939679
0.00617989031391344,331.880495428505,514237.787215289,5638510.46939679
0.00375264736264078,331.880495428505,514737.787215289,5638510.46939679
0.00452401467065798,331.880495428505,515237.787215289,5638510.46939679
0.00102134584122238,331.880495428505,515737.787215289,5638510.46939679
0.000380101347776698,331.880495428505,516237.787215289,5638510.46939679
0.00116789448138284,331.880495428505,516737.787215289,5638510.46939679
0.000359293357455178,331.880495428505,517237.787215289,5638510.46939679
0.000124785572560272,331.880495428505,517737.787215289,5638510.46939679
0.00012248405916308,331.880495428505,518237.787215289,5638510.46939679
0.000123471793285415,331.880495428505,518737.787215289,5638510.46939679
0.000123471793285415,331.880495428505,519237.787215289,5638510.46939679
0.00012248405916308,331.880495428505,519737.787215289,5638510.46939679
0.00012248405916308,331.880495428505,520237.787215289,5638510.46939679
0.00012248405916308,331.880495428505,520737.787215289,5638510.46939679
0.00012248405916308,331.880495428505,521237.787215289,5638510.46939679
0.00012248405916308,331.880495428505,521737.787215289,5638510.46939679
0.00012248405916308,331.880495428505,522237.787215289,5638510.46939679
0.00012248405916308,331.880495428505,522737.787215289,5638510.46939679
0.00012248405916308,331.880495428505,523237.787215289,5638510.46939679
0.00012248405916308,331.880495428505,523737.787215289,5638510.46939679
0.00012248405916308,331.880495428505,524237.787215289,5638510.46939679
0.000239914851526527,331.880495428505,486737.787215289,5639010.46939679
0.000475839831646374,331.880495428505,487237.787215289,5639010.46939679
0.00347594210136633,331.880495428505,487737.787215289,5639010.46939679
0.00419617843051247,331.880495428505,488237.787215289,5639010.46939679
0.00506215707518097,331.880495428505,488737.787215289,5639010.46939679
0.00420789534669624,331.880495428505,489237.787215289,5639010.46939679
0.00448632787686808,331.880495428505,489737.787215289,5639010.46939679
0.00508900849467195,331.880495428505,490237.787215289,5639010.46939679
0.00509695831356231,331.880495428505,490737.787215289,5639010.46939679
0.00330155033328746,331.880495428505,491237.787215289,5639010.46939679
0.00613760470044457,331.880495428505,491737.787215289,5639010.46939679
0.00449728506626984,331.880495428505,492237.787215289,5639010.46939679
0.00652607809946969,331.880495428505,492737.787215289,5639010.46939679
0.00576171045748274,331.880495428505,493237.787215289,5639010.46939679
0.000122696591241002,331.880495428505,493737.787215289,5639010.46939679
0.000122637739698066,331.880495428505,494237.787215289,5639010.46939679
0.000157071773875557,331.880495428505,494737.787215289,5639010.46939679
0.000147542354407079,331.880495428505,495237.787215289,5639010.46939679
0.000310551144015891,331.880495428505,495737.787215289,5639010.46939679
0.000147344267415461,331.880495428505,496237.787215289,5639010.46939679
0.000422745973875699,331.880495428505,496737.787215289,5639010.46939679
0.00111646618310901,331.880495428505,497237.787215289,5639010.46939679
0.00111646618310901,331.880495428505,497737.787215289,5639010.46939679
0.000147092575182825,331.880495428505,498237.787215289,5639010.46939679
0.000177122636515003,331.880495428505,498737.787215289,5639010.46939679
0.000213378888910302,331.880495428505,499237.787215289,5639010.46939679
0.00111598394258756,331.880495428505,499737.787215289,5639010.46939679
0.000122130658209779,331.880495428505,500237.787215289,5639010.46939679
0.00111646618310901,331.880495428505,500737.787215289,5639010.46939679
0.000122044807226831,331.880495428505,501237.787215289,5639010.46939679
0.000156526327052225,331.880495428505,501737.787215289,5639010.46939679
0.000478930221764519,331.880495428505,502237.787215289,5639010.46939679
0.00372008980651704,331.880495428505,502737.787215289,5639010.46939679
0.00651061145617613,331.880495428505,503237.787215289,5639010.46939679
0.00449325888036626,331.880495428505,503737.787215289,5639010.46939679
0.0100735738256814,331.880495428505,504237.787215289,5639010.46939679
0.00576413326045607,331.880495428505,504737.787215289,5639010.46939679
0.00542489003408461,331.880495428505,505237.787215289,5639010.46939679
0.00130914895617765,331.880495428505,505737.787215289,5639010.46939679
0.00545819423508204,331.880495428505,506237.787215289,5639010.46939679
0.00215110733096979,331.880495428505,506737.787215289,5639010.46939679
0.00293398382797756,331.880495428505,507237.787215289,5639010.46939679
0.00657546344303522,331.880495428505,507737.787215289,5639010.46939679
0.00293398382797756,331.880495428505,508237.787215289,5639010.46939679
0.00545819423508204,331.880495428505,508737.787215289,5639010.46939679
0.00167812988679816,331.880495428505,509237.787215289,5639010.46939679
0.00617969784019223,331.880495428505,509737.787215289,5639010.46939679
0.00291667124966502,331.880495428505,510237.787215289,5639010.46939679
0.00614696836561226,331.880495428505,510737.787215289,5639010.46939679
0.00479740774156105,331.880495428505,511237.787215289,5639010.46939679
0.00275739249134089,331.880495428505,511737.787215289,5639010.46939679
0.00257622412815087,331.880495428505,512237.787215289,5639010.46939679
0.000229044329852878,331.880495428505,512737.787215289,5639010.46939679
0.00400190594536274,331.880495428505,513237.787215289,5639010.46939679
0.00214261184206945,331.880495428505,513737.787215289,5639010.46939679
0.00580775267430408,331.880495428505,514237.787215289,5639010.46939679
0.000202659377609879,331.880495428505,514737.787215289,5639010.46939679
0.000619744841364837,331.880495428505,515237.787215289,5639010.46939679
0.00167818215406305,331.880495428505,515737.787215289,5639010.46939679
0.00293407521024251,331.880495428505,516237.787215289,5639010.46939679
0.00425826561315191,331.880495428505,516737.787215289,5639010.46939679
0.000796776133034501,331.880495428505,517237.787215289,5639010.46939679
0.00070268127850972,331.880495428505,517737.787215289,5639010.46939679
0.00012248405916308,331.880495428505,518237.787215289,5639010.46939679
0.00012248405916308,331.880495428505,518737.787215289,5639010.46939679
0.000124318246227022,331.880495428505,519237.787215289,5639010.46939679
0.000124318246227022,331.880495428505,519737.787215289,5639010.46939679
0.00012248405916308,331.880495428505,520237.787215289,5639010.46939679
0.00012248405916308,331.880495428505,520737.787215289,5639010.46939679
0.00012248405916308,331.880495428505,521237.787215289,5639010.46939679
0.00012248405916308,331.880495428505,521737.787215289,5639010.46939679
0.00012248405916308,331.880495428505,522237.787215289,5639010.46939679
0.00012248405916308,331.880495428505,522737.787215289,5639010.46939679
0.00012248405916308,331.880495428505,523237.787215289,5639010.46939679
0.00012248405916308,331.880495428505,523737.787215289,5639010.46939679
0.000141476309682068,331.880495428505,524237.787215289,5639010.46939679
0.000446322112284891,331.880495428505,486737.787215289,5639510.46939679
0.00645384829642085,331.880495428505,487237.787215289,5639510.46939679
0.00474160347521918,331.880495428505,487737.787215289,5639510.46939679
0.00419660175235594,331.880495428505,488237.787215289,5639510.46939679
0.00447150857295924,331.880495428505,488737.787215289,5639510.46939679
0.00328291129366257,331.880495428505,489237.787215289,5639510.46939679
0.0035004629352068,331.880495428505,489737.787215289,5639510.46939679
0.00166538915106018,331.880495428505,490237.787215289,5639510.46939679
0.00397736368235825,331.880495428505,490737.787215289,5639510.46939679
0.00617969784019223,331.880495428505,491237.787215289,5639510.46939679
0.00614199124894448,331.880495428505,491737.787215289,5639510.46939679
0.00373530352081297,331.880495428505,492237.787215289,5639510.46939679
0.00613760470044457,331.880495428505,492737.787215289,5639510.46939679
0.00576483557775859,331.880495428505,493237.787215289,5639510.46939679
0.000201724463069325,331.880495428505,493737.787215289,5639510.46939679
0.000451932672413707,331.880495428505,494237.787215289,5639510.46939679
0.00112087698534613,331.880495428505,494737.787215289,5639510.46939679
0.000138755713777637,331.880495428505,495237.787215289,5639510.46939679
0.000201215254558164,331.880495428505,495737.787215289,5639510.46939679
0.000147442813203017,331.880495428505,496237.787215289,5639510.46939679
0.000257981815935849,331.880495428505,496737.787215289,5639510.46939679
0.00012248405916308,331.880495428505,497237.787215289,5639510.46939679
0.000130046135394828,331.880495428505,497737.787215289,5639510.46939679
0.000122180668784247,331.880495428505,498237.787215289,5639510.46939679
0.000309892883990527,331.880495428505,498737.787215289,5639510.46939679
0.000147130285904925,331.880495428505,499237.787215289,5639510.46939679
0.000329794168366564,331.880495428505,499737.787215289,5639510.46939679
0.0050662421967658,331.880495428505,500237.787215289,5639510.46939679
0.00476131397162672,331.880495428505,500737.787215289,5639510.46939679
0.000227203997585392,331.880495428505,501237.787215289,5639510.46939679
0.00308206846487693,331.880495428505,501737.787215289,5639510.46939679
0.00610688430684987,331.880495428505,502237.787215289,5639510.46939679
0.000423859449381936,331.880495428505,502737.787215289,5639510.46939679
0.00256724614060284,331.880495428505,503237.787215289,5639510.46939679
0.00694345545676116,331.880495428505,503737.787215289,5639510.46939679
0.00576483557775859,331.880495428505,504237.787215289,5639510.46939679
0.00351048215840665,331.880495428505,504737.787215289,5639510.46939679
0.00130914895617765,331.880495428505,505237.787215289,5639510.46939679
0.00275739249134089,331.880495428505,505737.787215289,5639510.46939679
0.00657546344303522,331.880495428505,506237.787215289,5639510.46939679
0.00744465577571682,331.880495428505,506737.787215289,5639510.46939679
0.00842874423971106,331.880495428505,507237.787215289,5639510.46939679
0.00580775267430408,331.880495428505,507737.787215289,5639510.46939679
0.00108670504328348,331.880495428505,508237.787215289,5639510.46939679
0.000452924544667525,331.880495428505,508737.787215289,5639510.46939679
0.00453076571194971,331.880495428505,509237.787215289,5639510.46939679
0.00577231557659782,331.880495428505,509737.787215289,5639510.46939679
0.00330004221235773,331.880495428505,510237.787215289,5639510.46939679
0.00242108534835114,331.880495428505,510737.787215289,5639510.46939679
0.00397946421030501,331.880495428505,511237.787215289,5639510.46939679
0.00275739249134089,331.880495428505,511737.787215289,5639510.46939679
0.00330155033328746,331.880495428505,512237.787215289,5639510.46939679
0.00542670301029979,331.880495428505,512737.787215289,5639510.46939679
0.00398070898265904,331.880495428505,513237.787215289,5639510.46939679
0.00242426791379381,331.880495428505,513737.787215289,5639510.46939679
0.00201284997284659,331.880495428505,514237.787215289,5639510.46939679
0.00292232071372568,331.880495428505,514737.787215289,5639510.46939679
0.000158630069275716,331.880495428505,515237.787215289,5639510.46939679
0.00040251231829506,331.880495428505,515737.787215289,5639510.46939679
0.000484904882517568,331.880495428505,516237.787215289,5639510.46939679
0.00102134584122238,331.880495428505,516737.787215289,5639510.46939679
0.00312231915212187,331.880495428505,517237.787215289,5639510.46939679
0.000962394651209012,331.880495428505,517737.787215289,5639510.46939679
0.000214146861692088,331.880495428505,518237.787215289,5639510.46939679
0.000227861441920151,331.880495428505,518737.787215289,5639510.46939679
0.000351872017249284,331.880495428505,519237.787215289,5639510.46939679
0.000189144387990385,331.880495428505,519737.787215289,5639510.46939679
0.00012248405916308,331.880495428505,520237.787215289,5639510.46939679
0.00012248405916308,331.880495428505,520737.787215289,5639510.46939679
0.00012248405916308,331.880495428505,521237.787215289,5639510.46939679
0.000310789599379019,331.880495428505,521737.787215289,5639510.46939679
0.000274503712563598,331.880495428505,522237.787215289,5639510.46939679
0.000193411317297453,331.880495428505,522737.787215289,5639510.46939679
0.000518552125426224,331.880495428505,523237.787215289,5639510.46939679
0.000217392843543633,331.880495428505,523737.787215289,5639510.46939679
0.000203044937322812,331.880495428505,524237.787215289,5639510.46939679
0.00391938432336106,331.880495428505,486737.787215289,5640010.46939679
0.00326038100997272,331.880495428505,487237.787215289,5640010.46939679
0.00254878945596303,331.880495428505,487737.787215289,5640010.46939679
0.00165390610994221,331.880495428505,488237.787215289,5640010.46939679
0.00176224854915635,331.880495428505,488737.787215289,5640010.46939679
0.00349315836412063,331.880495428505,489237.787215289,5640010.46939679
0.000578509904050232,331.880495428505,489737.787215289,5640010.46939679
0.000790689927381282,331.880495428505,490237.787215289,5640010.46939679
0.00509837542514545,331.880495428505,490737.787215289,5640010.46939679
0.00376092111281757,331.880495428505,491237.787215289,5640010.46939679
0.000584144661302522,331.880495428505,491737.787215289,5640010.46939679
0.00425806687651942,331.880495428505,492237.787215289,5640010.46939679
0.00425806687651942,331.880495428505,492737.787215289,5640010.46939679
0.00542489003408461,331.880495428505,493237.787215289,5640010.46939679
0.00613760470044457,331.880495428505,493737.787215289,5640010.46939679
0.000148042250913789,331.880495428505,494237.787215289,5640010.46939679
0.00016744847126574,331.880495428505,494737.787215289,5640010.46939679
0.000157314436704506,331.880495428505,495237.787215289,5640010.46939679
0.000893776934574515,331.880495428505,495737.787215289,5640010.46939679
0.000310902741517512,331.880495428505,496237.787215289,5640010.46939679
0.000138568489080059,331.880495428505,496737.787215289,5640010.46939679
0.000122390082463527,331.880495428505,497237.787215289,5640010.46939679
0.000310551144015891,331.880495428505,497737.787215289,5640010.46939679
0.000787678183695898,331.880495428505,498237.787215289,5640010.46939679
0.000200968910996769,331.880495428505,498737.787215289,5640010.46939679
0.000122308281073528,331.880495428505,499237.787215289,5640010.46939679
0.000509936131796244,331.880495428505,499737.787215289,5640010.46939679
0.00212748287333592,331.880495428505,500237.787215289,5640010.46939679
0.00371961693416739,331.880495428505,500737.787215289,5640010.46939679
0.00013847587459048,331.880495428505,501237.787215289,5640010.46939679
0.000653660577803187,331.880495428505,501737.787215289,5640010.46939679
0.00290213035677534,331.880495428505,502237.787215289,5640010.46939679
0.00477593910063713,331.880495428505,502737.787215289,5640010.46939679
0.00575915105568548,331.880495428505,503237.787215289,5640010.46939679
0.000452798652679389,331.880495428505,503737.787215289,5640010.46939679
0.00653534201335973,331.880495428505,504237.787215289,5640010.46939679
0.00842874423971106,331.880495428505,504737.787215289,5640010.46939679
0.00699657501204747,331.880495428505,505237.787215289,5640010.46939679
0.00842874423971106,331.880495428505,505737.787215289,5640010.46939679
0.00545819423508204,331.880495428505,506237.787215289,5640010.46939679
0.0051296751047431,331.880495428505,506737.787215289,5640010.46939679
0.0025756177794068,331.880495428505,507237.787215289,5640010.46939679
0.000896553590537001,331.880495428505,507737.787215289,5640010.46939679
0.0013002316609655,331.880495428505,508237.787215289,5640010.46939679
0.000953146136453959,331.880495428505,508737.787215289,5640010.46939679
0.003974523089139,331.880495428505,509237.787215289,5640010.46939679
0.00107897365945509,331.880495428505,509737.787215289,5640010.46939679
0.00138308015788072,331.880495428505,510237.787215289,5640010.46939679
0.000698709990522266,331.880495428505,510737.787215289,5640010.46939679
0.0016674268648797,331.880495428505,511237.787215289,5640010.46939679
0.00425806687651942,331.880495428505,511737.787215289,5640010.46939679
0.000621554963554568,331.880495428505,512237.787215289,5640010.46939679
0.0035345578725146,331.880495428505,512737.787215289,5640010.46939679
0.00167812988679816,331.880495428505,513237.787215289,5640010.46939679
0.00312188458112749,331.880495428505,513737.787215289,5640010.46939679
0.00312188458112749,331.880495428505,514237.787215289,5640010.46939679
0.00400184369199235,331.880495428505,514737.787215289,5640010.46939679
0.000543373707634433,331.880495428505,515237.787215289,5640010.46939679
0.000484912411320321,331.880495428505,515737.787215289,5640010.46939679
0.000402506056841447,331.880495428505,516237.787215289,5640010.46939679
0.0013881511802121,331.880495428505,516737.787215289,5640010.46939679
0.000950015659270235,331.880495428505,517237.787215289,5640010.46939679
0.000314877391704282,331.880495428505,517737.787215289,5640010.46939679
0.000661412475716509,331.880495428505,518237.787215289,5640010.46939679
0.000428316885030161,331.880495428505,518737.787215289,5640010.46939679
0.000703771230780119,331.880495428505,519237.787215289,5640010.46939679
0.00201873757625553,331.880495428505,519737.787215289,5640010.46939679
0.00116167858556789,331.880495428505,520237.787215289,5640010.46939679
0.00148926097634722,331.880495428505,520737.787215289,5640010.46939679
0.000487144949849772,331.880495428505,521237.787215289,5640010.46939679
0.00033363006641097,331.880495428505,521737.787215289,5640010.46939679
0.000620652202877057,331.880495428505,522237.787215289,5640010.46939679
0.000354888128593287,331.880495428505,522737.787215289,5640010.46939679
0.000702182974798874,331.880495428505,523237.787215289,5640010.46939679
0.000427343673311377,331.880495428505,523737.787215289,5640010.46939679
0.000276574710915632,331.880495428505,524237.787215289,5640010.46939679
0.00210681586713399,331.880495428505,486737.787215289,5640510.46939679
0.00164680938974125,331.880495428505,487237.787215289,5640510.46939679
0.00474098050132971,331.880495428505,487737.787215289,5640510.46939679
0.00255376499961252,331.880495428505,488237.787215289,5640510.46939679
0.000509152540745217,331.880495428505,488737.787215289,5640510.46939679
0.000213809417692258,331.880495428505,489237.787215289,5640510.46939679
0.0003985520565704,331.880495428505,489737.787215289,5640510.46939679
0.000243016605006971,331.880495428505,490237.787215289,5640510.46939679
0.00016771005169372,331.880495428505,490737.787215289,5640510.46939679
0.000353337187748952,331.880495428505,491237.787215289,5640510.46939679
0.000515943514590382,331.880495428505,491737.787215289,5640510.46939679
0.00123035357843105,331.880495428505,492237.787215289,5640510.46939679
0.00178560214571314,331.880495428505,492737.787215289,5640510.46939679
0.00453076571194971,331.880495428505,493237.787215289,5640510.46939679
0.00653534201335973,331.880495428505,493737.787215289,5640510.46939679
0.00653352549180244,331.880495428505,494237.787215289,5640510.46939679
0.000331640132380583,331.880495428505,494737.787215289,5640510.46939679
0.000292860077674994,331.880495428505,495237.787215289,5640510.46939679
0.000951664108901171,331.880495428505,495737.787215289,5640510.46939679
0.0014683695370886,331.880495428505,496237.787215289,5640510.46939679
0.000122458204051158,331.880495428505,496737.787215289,5640510.46939679
0.000147542354407079,331.880495428505,497237.787215289,5640510.46939679
0.000177743648525273,331.880495428505,497737.787215289,5640510.46939679
0.000189046938682874,331.880495428505,498237.787215289,5640510.46939679
0.000122390082463527,331.880495428505,498737.787215289,5640510.46939679
0.000122390082463527,331.880495428505,499237.787215289,5640510.46939679
0.000213982556104741,331.880495428505,499737.787215289,5640510.46939679
0.000839019911153995,331.880495428505,500237.787215289,5640510.46939679
0.0057478470962471,331.880495428505,500737.787215289,5640510.46939679
0.000740561128342033,331.880495428505,501237.787215289,5640510.46939679
0.00476798328808338,331.880495428505,501737.787215289,5640510.46939679
0.00272895064810356,331.880495428505,502237.787215289,5640510.46939679
0.00612479914367925,331.880495428505,502737.787215289,5640510.46939679
0.00694110814873961,331.880495428505,503237.787215289,5640510.46939679
0.00577231557659782,331.880495428505,503737.787215289,5640510.46939679
0.00312188458112749,331.880495428505,504237.787215289,5640510.46939679
0.00792143291874676,331.880495428505,504737.787215289,5640510.46939679
0.00215110733096979,331.880495428505,505237.787215289,5640510.46939679
0.00084259160362705,331.880495428505,505737.787215289,5640510.46939679
0.0031028358138791,331.880495428505,506237.787215289,5640510.46939679
0.00787309880259936,331.880495428505,506737.787215289,5640510.46939679
0.00138350223186473,331.880495428505,507237.787215289,5640510.46939679
0.00291399893640484,331.880495428505,507737.787215289,5640510.46939679
0.00652687325415466,331.880495428505,508237.787215289,5640510.46939679
0.00257175516467579,331.880495428505,508737.787215289,5640510.46939679
0.00478663037283406,331.880495428505,509237.787215289,5640510.46939679
0.00350941119288431,331.880495428505,509737.787215289,5640510.46939679
0.0044985314925798,331.880495428505,510237.787215289,5640510.46939679
0.000952999314875876,331.880495428505,510737.787215289,5640510.46939679
0.00188673058460887,331.880495428505,511237.787215289,5640510.46939679
0.00122284634415005,331.880495428505,511737.787215289,5640510.46939679
0.000959828029763335,331.880495428505,512237.787215289,5640510.46939679
0.00123035357843105,331.880495428505,512737.787215289,5640510.46939679
0.000428277024328687,331.880495428505,513237.787215289,5640510.46939679
0.00058917715271264,331.880495428505,513737.787215289,5640510.46939679
0.00376092111281757,331.880495428505,514237.787215289,5640510.46939679
0.000959842993216445,331.880495428505,514737.787215289,5640510.46939679
0.000696522465361023,331.880495428505,515237.787215289,5640510.46939679
0.000261340496904445,331.880495428505,515737.787215289,5640510.46939679
0.000623196252059742,331.880495428505,516237.787215289,5640510.46939679
0.000456908457931985,331.880495428505,516737.787215289,5640510.46939679
0.000623223932915314,331.880495428505,517237.787215289,5640510.46939679
0.000335013615046632,331.880495428505,517737.787215289,5640510.46939679
0.000428310274851921,331.880495428505,518237.787215289,5640510.46939679
0.000230236367524456,331.880495428505,518737.787215289,5640510.46939679
0.000428303650406075,331.880495428505,519237.787215289,5640510.46939679
0.00115637264363682,331.880495428505,519737.787215289,5640510.46939679
0.000427663011864884,331.880495428505,520237.787215289,5640510.46939679
0.000548198948868267,331.880495428505,520737.787215289,5640510.46939679
0.000515203816379689,331.880495428505,521237.787215289,5640510.46939679
0.000747168181066229,331.880495428505,521737.787215289,5640510.46939679
0.000747168181066229,331.880495428505,522237.787215289,5640510.46939679
0.00201689375728372,331.880495428505,522737.787215289,5640510.46939679
0.000746620875720114,331.880495428505,523237.787215289,5640510.46939679
0.000746620875720114,331.880495428505,523737.787215289,5640510.46939679
0.000701390068554925,331.880495428505,524237.787215289,5640510.46939679
0.00368178944971807,331.880495428505,486737.787215289,5641010.46939679
0.00686355160570916,331.880495428505,487237.787215289,5641010.46939679
0.000507180342642962,331.880495428505,487737.787215289,5641010.46939679
0.000241271570457962,331.880495428505,488237.787215289,5641010.46939679
0.000147026861589921,331.880495428505,488737.787215289,5641010.46939679
0.000138342373147913,331.880495428505,489237.787215289,5641010.46939679
0.000130244850782936,331.880495428505,489737.787215289,5641010.46939679
0.000138799703171714,331.880495428505,490237.787215289,5641010.46939679
0.000138947368256601,331.880495428505,490737.787215289,5641010.46939679
0.000157423260285601,331.880495428505,491237.787215289,5641010.46939679
0.0012212617306421,331.880495428505,491737.787215289,5641010.46939679
0.00188701563879287,331.880495428505,492237.787215289,5641010.46939679
0.00213798194410518,331.880495428505,492737.787215289,5641010.46939679
0.00482092896421552,331.880495428505,493237.787215289,5641010.46939679
0.00108670504328348,331.880495428505,493737.787215289,5641010.46939679
0.00482092896421552,331.880495428505,494237.787215289,5641010.46939679
0.000123749153013144,331.880495428505,494737.787215289,5641010.46939679
0.00397736368235825,331.880495428505,495237.787215289,5641010.46939679
0.00509396460171674,331.880495428505,495737.787215289,5641010.46939679
0.000375432980809428,331.880495428505,496237.787215289,5641010.46939679
0.000399076276660344,331.880495428505,496737.787215289,5641010.46939679
0.000138947368256601,331.880495428505,497237.787215289,5641010.46939679
0.00025848872006932,331.880495428505,497737.787215289,5641010.46939679
0.000697464975515184,331.880495428505,498237.787215289,5641010.46939679
0.000122649800363436,331.880495428505,498737.787215289,5641010.46939679
0.000157218393390966,331.880495428505,499237.787215289,5641010.46939679
0.000424472331770876,331.880495428505,499737.787215289,5641010.46939679
0.000840746388474157,331.880495428505,500237.787215289,5641010.46939679
0.000451932672413707,331.880495428505,500737.787215289,5641010.46939679
0.00273289659243711,331.880495428505,501237.787215289,5641010.46939679
0.000374913546606601,331.880495428505,501737.787215289,5641010.46939679
0.00256938819088037,331.880495428505,502237.787215289,5641010.46939679
0.00738964258411038,331.880495428505,502737.787215289,5641010.46939679
0.00614028406063121,331.880495428505,503237.787215289,5641010.46939679
0.00617969784019223,331.880495428505,503737.787215289,5641010.46939679
0.00653534201335973,331.880495428505,504237.787215289,5641010.46939679
0.00397736368235825,331.880495428505,504737.787215289,5641010.46939679
0.00373530352081297,331.880495428505,505237.787215289,5641010.46939679
0.000841327981840301,331.880495428505,505737.787215289,5641010.46939679
0.00156421089349905,331.880495428505,506237.787215289,5641010.46939679
0.00329461621021422,331.880495428505,506737.787215289,5641010.46939679
0.00226940218985122,331.880495428505,507237.787215289,5641010.46939679
0.000840233097572904,331.880495428505,507737.787215289,5641010.46939679
0.00290705037203755,331.880495428505,508237.787215289,5641010.46939679
0.00329818589319126,331.880495428505,508737.787215289,5641010.46939679
0.00213580323669455,331.880495428505,509237.787215289,5641010.46939679
0.00373416396758188,331.880495428505,509737.787215289,5641010.46939679
0.00291310994388124,331.880495428505,510237.787215289,5641010.46939679
0.00541936180773467,331.880495428505,510737.787215289,5641010.46939679
0.00291608157259388,331.880495428505,511237.787215289,5641010.46939679
0.00842874423971106,331.880495428505,511737.787215289,5641010.46939679
0.00617969784019223,331.880495428505,512237.787215289,5641010.46939679
0.00351201465301819,331.880495428505,512737.787215289,5641010.46939679
0.000896553590537001,331.880495428505,513237.787215289,5641010.46939679
0.00274393922471614,331.880495428505,513737.787215289,5641010.46939679
0.00697209791503508,331.880495428505,514237.787215289,5641010.46939679
0.00659275323878131,331.880495428505,514737.787215289,5641010.46939679
0.000705574841605393,331.880495428505,515237.787215289,5641010.46939679
0.00259147027696273,331.880495428505,515737.787215289,5641010.46939679
0.000355511919166787,331.880495428505,516237.787215289,5641010.46939679
0.000514151057681951,331.880495428505,516737.787215289,5641010.46939679
0.000658610933450104,331.880495428505,517237.787215289,5641010.46939679
0.000484904882517568,331.880495428505,517737.787215289,5641010.46939679
0.000314009413389349,331.880495428505,518237.787215289,5641010.46939679
0.000703738513764702,331.880495428505,518737.787215289,5641010.46939679
0.000455712219645843,331.880495428505,519237.787215289,5641010.46939679
0.00101726470400848,331.880495428505,519737.787215289,5641010.46939679
0.000514075221626048,331.880495428505,520237.787215289,5641010.46939679
0.000332907472210622,331.880495428505,520737.787215289,5641010.46939679
0.000956352378060645,331.880495428505,521237.787215289,5641010.46939679
0.000354102355635786,331.880495428505,521737.787215289,5641010.46939679
0.000294031952475934,331.880495428505,522237.787215289,5641010.46939679
0.000546957156700196,331.880495428505,522737.787215289,5641010.46939679
0.000618870529345471,331.880495428505,523237.787215289,5641010.46939679
0.00138697442803837,331.880495428505,523737.787215289,5641010.46939679
0.000955445453454552,331.880495428505,524237.787215289,5641010.46939679
0.00128160380672098,331.880495428505,486737.787215289,5641510.46939679
0.000165547028041297,331.880495428505,487237.787215289,5641510.46939679
0.000165872599526017,331.880495428505,487737.787215289,5641510.46939679
0.000156188035763641,331.880495428505,488237.787215289,5641510.46939679
0.00111526102637999,331.880495428505,488737.787215289,5641510.46939679
0.00111665191296029,331.880495428505,489237.787215289,5641510.46939679
0.00111847176426019,331.880495428505,489737.787215289,5641510.46939679
0.00112010444599558,331.880495428505,490237.787215289,5641510.46939679
0.000138862538371089,331.880495428505,490737.787215289,5641510.46939679
0.00016738930516706,331.880495428505,491237.787215289,5641510.46939679
0.000147898215118481,331.880495428505,491737.787215289,5641510.46939679
0.000698516396120036,331.880495428505,492237.787215289,5641510.46939679
0.000481586943300242,331.880495428505,492737.787215289,5641510.46939679
0.000791877493990699,331.880495428505,493237.787215289,5641510.46939679
0.00695388409075392,331.880495428505,493737.787215289,5641510.46939679
0.00896854523508382,331.880495428505,494237.787215289,5641510.46939679
0.00275739249134089,331.880495428505,494737.787215289,5641510.46939679
0.0040017813053303,331.880495428505,495237.787215289,5641510.46939679
0.00114892593229801,331.880495428505,495737.787215289,5641510.46939679
0.00061732122905519,331.880495428505,496237.787215289,5641510.46939679
0.000130630526930991,331.880495428505,496737.787215289,5641510.46939679
0.000544817995385201,331.880495428505,497237.787215289,5641510.46939679
0.00061683597988139,331.880495428505,497737.787215289,5641510.46939679
0.000331373007454729,331.880495428505,498237.787215289,5641510.46939679
0.000167404347158596,331.880495428505,498737.787215289,5641510.46939679
0.000130596104667693,331.880495428505,499237.787215289,5641510.46939679
0.000951967867425185,331.880495428505,499737.787215289,5641510.46939679
0.000512026356552242,331.880495428505,500237.787215289,5641510.46939679
0.00613278019827321,331.880495428505,500737.787215289,5641510.46939679
0.000424769805501421,331.880495428505,501237.787215289,5641510.46939679
0.00508766749732285,331.880495428505,501737.787215289,5641510.46939679
0.00576171045748274,331.880495428505,502237.787215289,5641510.46939679
0.00652968800845358,331.880495428505,502737.787215289,5641510.46939679
0.00479151315739308,331.880495428505,503237.787215289,5641510.46939679
0.0051296751047431,331.880495428505,503737.787215289,5641510.46939679
0.00577071114095254,331.880495428505,504237.787215289,5641510.46939679
0.000275449862721631,331.880495428505,504737.787215289,5641510.46939679
0.0025719668149625,331.880495428505,505237.787215289,5641510.46939679
0.000311400264638481,331.880495428505,505737.787215289,5641510.46939679
0.0065170488762835,331.880495428505,506237.787215289,5641510.46939679
0.000655485782886713,331.880495428505,506737.787215289,5641510.46939679
0.00051120724379528,331.880495428505,507237.787215289,5641510.46939679
0.00396339240902929,331.880495428505,507737.787215289,5641510.46939679
0.00448632787686808,331.880495428505,508237.787215289,5641510.46939679
0.000841732961870969,331.880495428505,508737.787215289,5641510.46939679
0.000481440022453187,331.880495428505,509237.787215289,5641510.46939679
0.0044985314925798,331.880495428505,509737.787215289,5641510.46939679
0.00213580323669455,331.880495428505,510237.787215289,5641510.46939679
0.00422660137213504,331.880495428505,510737.787215289,5641510.46939679
0.00542489003408461,331.880495428505,511237.787215289,5641510.46939679
0.00545819423508204,331.880495428505,511737.787215289,5641510.46939679
0.00215110733096979,331.880495428505,512237.787215289,5641510.46939679
0.00423208547882482,331.880495428505,512737.787215289,5641510.46939679
0.00617969784019223,331.880495428505,513237.787215289,5641510.46939679
0.00274393922471614,331.880495428505,513737.787215289,5641510.46939679
0.00243545626166524,331.880495428505,514237.787215289,5641510.46939679
0.000314825277146766,331.880495428505,514737.787215289,5641510.46939679
0.00312188458112749,331.880495428505,515237.787215289,5641510.46939679
0.00657546344303522,331.880495428505,515737.787215289,5641510.46939679
0.00545827932681823,331.880495428505,516237.787215289,5641510.46939679
0.000455712219645843,331.880495428505,516737.787215289,5641510.46939679
0.000843652732948272,331.880495428505,517237.787215289,5641510.46939679
0.000334114280775847,331.880495428505,517737.787215289,5641510.46939679
0.000260654535573251,331.880495428505,518237.787215289,5641510.46939679
0.000455712219645843,331.880495428505,518737.787215289,5641510.46939679
0.000513365879310812,331.880495428505,519237.787215289,5641510.46939679
0.000453624365048751,331.880495428505,519737.787215289,5641510.46939679
0.00115127549949827,331.880495428505,520237.787215289,5641510.46939679
0.00122503980341695,331.880495428505,520737.787215289,5641510.46939679
0.000353970980156736,331.880495428505,521237.787215289,5641510.46939679
0.000293753117165022,331.880495428505,521737.787215289,5641510.46939679
0.00330512528692956,331.880495428505,522237.787215289,5641510.46939679
0.00147470903534191,331.880495428505,522737.787215289,5641510.46939679
0.00166979536455945,331.880495428505,523237.787215289,5641510.46939679
0.000400203619344899,331.880495428505,523737.787215289,5641510.46939679
0.000312146813742104,331.880495428505,524237.787215289,5641510.46939679
0.000307242716701218,331.880495428505,486737.787215289,5642010.46939679
0.000146163011302876,331.880495428505,487237.787215289,5642010.46939679
0.00111106276410684,331.880495428505,487737.787215289,5642010.46939679
0.00111320905902053,331.880495428505,488237.787215289,5642010.46939679
0.00111447326337531,331.880495428505,488737.787215289,5642010.46939679
0.00111568137018281,331.880495428505,489237.787215289,5642010.46939679
0.00012248405916308,331.880495428505,489737.787215289,5642010.46939679
0.000122390082463527,331.880495428505,490237.787215289,5642010.46939679
0.000130346406338275,331.880495428505,490737.787215289,5642010.46939679
0.000122555447954108,331.880495428505,491237.787215289,5642010.46939679
0.000147711550795914,331.880495428505,491737.787215289,5642010.46939679
0.000157278372180775,331.880495428505,492237.787215289,5642010.46939679
0.000138959854389662,331.880495428505,492737.787215289,5642010.46939679
0.00107854329128198,331.880495428505,493237.787215289,5642010.46939679
0.00147124882669083,331.880495428505,493737.787215289,5642010.46939679
0.00509695831356231,331.880495428505,494237.787215289,5642010.46939679
0.00156750306173837,331.880495428505,494737.787215289,5642010.46939679
0.00545819423508204,331.880495428505,495237.787215289,5642010.46939679
0.00425806687651942,331.880495428505,495737.787215289,5642010.46939679
0.000123749153013144,331.880495428505,496237.787215289,5642010.46939679
0.0013002316609655,331.880495428505,496737.787215289,5642010.46939679
0.000425545496563987,331.880495428505,497237.787215289,5642010.46939679
0.00577071114095254,331.880495428505,497737.787215289,5642010.46939679
0.000580165747851263,331.880495428505,498237.787215289,5642010.46939679
0.000228646827069478,331.880495428505,498737.787215289,5642010.46939679
0.00061732122905519,331.880495428505,499237.787215289,5642010.46939679
0.00114842458962884,331.880495428505,499737.787215289,5642010.46939679
0.00291527103734896,331.880495428505,500237.787215289,5642010.46939679
0.00577071114095254,331.880495428505,500737.787215289,5642010.46939679
0.00373530352081297,331.880495428505,501237.787215289,5642010.46939679
0.00694891769653575,331.880495428505,501737.787215289,5642010.46939679
0.00509473421659163,331.880495428505,502237.787215289,5642010.46939679
0.00373797314371239,331.880495428505,502737.787215289,5642010.46939679
0.00453076571194971,331.880495428505,503237.787215289,5642010.46939679
0.00397625815997619,331.880495428505,503737.787215289,5642010.46939679
0.00652687325415466,331.880495428505,504237.787215289,5642010.46939679
0.00478144972095069,331.880495428505,504737.787215289,5642010.46939679
0.000228169776156923,331.880495428505,505237.787215289,5642010.46939679
0.00256684342223245,331.880495428505,505737.787215289,5642010.46939679
0.000788566955322426,331.880495428505,506237.787215289,5642010.46939679
0.00101082292371963,331.880495428505,506737.787215289,5642010.46939679
0.00146665157185199,331.880495428505,507237.787215289,5642010.46939679
0.00308759859782818,331.880495428505,507737.787215289,5642010.46939679
0.000311765677111332,331.880495428505,508237.787215289,5642010.46939679
0.000695474116124176,331.880495428505,508737.787215289,5642010.46939679
0.00121602796969917,331.880495428505,509237.787215289,5642010.46939679
0.000578119349005899,331.880495428505,509737.787215289,5642010.46939679
0.00273645775361027,331.880495428505,510237.787215289,5642010.46939679
0.0016674268648797,331.880495428505,510737.787215289,5642010.46939679
0.00189995723683745,331.880495428505,511237.787215289,5642010.46939679
0.00425806687651942,331.880495428505,511737.787215289,5642010.46939679
0.00202163595651892,331.880495428505,512237.787215289,5642010.46939679
0.0051296751047431,331.880495428505,512737.787215289,5642010.46939679
0.00157712619450313,331.880495428505,513237.787215289,5642010.46939679
0.00157712619450313,331.880495428505,513737.787215289,5642010.46939679
0.00453076571194971,331.880495428505,514237.787215289,5642010.46939679
0.00623929228444411,331.880495428505,514737.787215289,5642010.46939679
0.00747338627394377,331.880495428505,515237.787215289,5642010.46939679
0.00201495231287556,331.880495428505,515737.787215289,5642010.46939679
0.00108165172519251,331.880495428505,516237.787215289,5642010.46939679
0.00453076571194971,331.880495428505,516737.787215289,5642010.46939679
0.00058050041709929,331.880495428505,517237.787215289,5642010.46939679
0.000481728385130953,331.880495428505,517737.787215289,5642010.46939679
0.000699228329213713,331.880495428505,518237.787215289,5642010.46939679
0.000425545496563987,331.880495428505,518737.787215289,5642010.46939679
0.000452782598999696,331.880495428505,519237.787215289,5642010.46939679
0.000842733893574603,331.880495428505,519737.787215289,5642010.46939679
0.00156807810275051,331.880495428505,520237.787215289,5642010.46939679
0.000376103840025766,331.880495428505,520737.787215289,5642010.46939679
0.000293417070416122,331.880495428505,521237.787215289,5642010.46939679
0.000744464491485892,331.880495428505,521737.787215289,5642010.46939679
0.00274433577351706,331.880495428505,522237.787215289,5642010.46939679
0.00257915902039254,331.880495428505,522737.787215289,5642010.46939679
0.000243900615342647,331.880495428505,523237.787215289,5642010.46939679
0.000332224526043852,331.880495428505,523737.787215289,5642010.46939679
0.000311952411868092,331.880495428505,524237.787215289,5642010.46939679
0.000165112136966988,331.880495428505,486737.787215289,5642510.46939679
0.00110868156192783,331.880495428505,487237.787215289,5642510.46939679
0.00111070824081161,331.880495428505,487737.787215289,5642510.46939679
0.00111279132257592,331.880495428505,488237.787215289,5642510.46939679
0.0011139892051617,331.880495428505,488737.787215289,5642510.46939679
0.00111515272163309,331.880495428505,489237.787215289,5642510.46939679
0.00111683380181667,331.880495428505,489737.787215289,5642510.46939679
0.00012248405916308,331.880495428505,490237.787215289,5642510.46939679
0.00111911994295754,331.880495428505,490737.787215289,5642510.46939679
0.000130316214332916,331.880495428505,491237.787215289,5642510.46939679
0.000122535418999358,331.880495428505,491737.787215289,5642510.46939679
0.000147711550795914,331.880495428505,492237.787215289,5642510.46939679
0.000138862538371089,331.880495428505,492737.787215289,5642510.46939679
0.000157328573344974,331.880495428505,493237.787215289,5642510.46939679
0.000790422626349302,331.880495428505,493737.787215289,5642510.46939679
0.000698817635618994,331.880495428505,494237.787215289,5642510.46939679
0.00291527103734896,331.880495428505,494737.787215289,5642510.46939679
0.000791877493990699,331.880495428505,495237.787215289,5642510.46939679
0.00243545626166524,331.880495428505,495737.787215289,5642510.46939679
0.00545819423508204,331.880495428505,496237.787215289,5642510.46939679
0.00577231557659782,331.880495428505,496737.787215289,5642510.46939679
0.00423208547882482,331.880495428505,497237.787215289,5642510.46939679
0.00577231557659782,331.880495428505,497737.787215289,5642510.46939679
0.00577231557659782,331.880495428505,498237.787215289,5642510.46939679
0.00577231557659782,331.880495428505,498737.787215289,5642510.46939679
0.00330155033328746,331.880495428505,499237.787215289,5642510.46939679
0.00397736368235825,331.880495428505,499737.787215289,5642510.46939679
0.00542489003408461,331.880495428505,500237.787215289,5642510.46939679
0.00213798194410518,331.880495428505,500737.787215289,5642510.46939679
0.00695388409075392,331.880495428505,501237.787215289,5642510.46939679
0.00614199124894448,331.880495428505,501737.787215289,5642510.46939679
0.00653534201335973,331.880495428505,502237.787215289,5642510.46939679
0.000455705115329326,331.880495428505,502737.787215289,5642510.46939679
0.000484889780073604,331.880495428505,503237.787215289,5642510.46939679
0.000791311943032943,331.880495428505,503737.787215289,5642510.46939679
0.00107808995375925,331.880495428505,504237.787215289,5642510.46939679
0.00114602850565294,331.880495428505,504737.787215289,5642510.46939679
0.00101160850369276,331.880495428505,505237.787215289,5642510.46939679
0.000167084271870521,331.880495428505,505737.787215289,5642510.46939679
0.00290176145783146,331.880495428505,506237.787215289,5642510.46939679
0.0065032486561222,331.880495428505,506737.787215289,5642510.46939679
0.000291821904106073,331.880495428505,507237.787215289,5642510.46939679
0.000509936131796244,331.880495428505,507737.787215289,5642510.46939679
0.00107897365945509,331.880495428505,508237.787215289,5642510.46939679
0.00240533972021292,331.880495428505,508737.787215289,5642510.46939679
0.0057401301681545,331.880495428505,509237.787215289,5642510.46939679
0.00328774780685308,331.880495428505,509737.787215289,5642510.46939679
0.00129983499087372,331.880495428505,510237.787215289,5642510.46939679
0.00509837542514545,331.880495428505,510737.787215289,5642510.46939679
0.00580775267430408,331.880495428505,511237.787215289,5642510.46939679
0.00580775267430408,331.880495428505,511737.787215289,5642510.46939679
0.00200930056365093,331.880495428505,512237.787215289,5642510.46939679
0.0035345578725146,331.880495428505,512737.787215289,5642510.46939679
0.000847764397904836,331.880495428505,513237.787215289,5642510.46939679
0.00167812988679816,331.880495428505,513737.787215289,5642510.46939679
0.000584144661302522,331.880495428505,514237.787215289,5642510.46939679
0.00547303174912871,331.880495428505,514737.787215289,5642510.46939679
0.00012248405916308,331.880495428505,515237.787215289,5642510.46939679
0.00580865007365349,331.880495428505,515737.787215289,5642510.46939679
0.00699657501204747,331.880495428505,516237.787215289,5642510.46939679
0.00178562998275598,331.880495428505,516737.787215289,5642510.46939679
0.00095400395523492,331.880495428505,517237.787215289,5642510.46939679
0.00107893159226304,331.880495428505,517737.787215289,5642510.46939679
0.000656655862625873,331.880495428505,518237.787215289,5642510.46939679
0.000512272824581423,331.880495428505,518737.787215289,5642510.46939679
0.000425246537976858,331.880495428505,519237.787215289,5642510.46939679
0.000617457838960103,331.880495428505,519737.787215289,5642510.46939679
0.000743982541824395,331.880495428505,520237.787215289,5642510.46939679
0.00177415076793939,331.880495428505,520737.787215289,5642510.46939679
0.000953672485319659,331.880495428505,521237.787215289,5642510.46939679
0.000376282135559388,331.880495428505,521737.787215289,5642510.46939679
0.000353970980156736,331.880495428505,522237.787215289,5642510.46939679
0.000483205208000224,331.880495428505,522737.787215289,5642510.46939679
0.00201461252229769,331.880495428505,523237.787215289,5642510.46939679
0.00201284997284659,331.880495428505,523737.787215289,5642510.46939679
0.00027587009511047,331.880495428505,524237.787215289,5642510.46939679
0.000120989900202464,331.880495428505,486737.787215289,5643010.46939679
0.00110796900356399,331.880495428505,487237.787215289,5643010.46939679
0.000137468106904462,331.880495428505,487737.787215289,5643010.46939679
0.000121612723780208,331.880495428505,488237.787215289,5643010.46939679
0.00111293279097352,331.880495428505,488737.787215289,5643010.46939679
0.000121873214935916,331.880495428505,489237.787215289,5643010.46939679
0.000200517435410962,331.880495428505,489737.787215289,5643010.46939679
0.000129973874642396,331.880495428505,490237.787215289,5643010.46939679
0.000122264620388037,331.880495428505,490737.787215289,5643010.46939679
0.000156780617594247,331.880495428505,491237.787215289,5643010.46939679
0.000156865203109425,331.880495428505,491737.787215289,5643010.46939679
0.000122450868348166,331.880495428505,492237.787215289,5643010.46939679
0.000122501084935488,331.880495428505,492737.787215289,5643010.46939679
0.000177873282536426,331.880495428505,493237.787215289,5643010.46939679
0.000138821051828949,331.880495428505,493737.787215289,5643010.46939679
0.000331343232182713,331.880495428505,494237.787215289,5643010.46939679
0.000698373822632677,331.880495428505,494737.787215289,5643010.46939679
0.000452532700202089,331.880495428505,495237.787215289,5643010.46939679
0.000312083705560503,331.880495428505,495737.787215289,5643010.46939679
0.00166789046096562,331.880495428505,496237.787215289,5643010.46939679
0.00425806687651942,331.880495428505,496737.787215289,5643010.46939679
0.000621554963554568,331.880495428505,497237.787215289,5643010.46939679
0.00202163595651892,331.880495428505,497737.787215289,5643010.46939679
0.0040017813053303,331.880495428505,498237.787215289,5643010.46939679
0.00259142987728877,331.880495428505,498737.787215289,5643010.46939679
0.00167812988679816,331.880495428505,499237.787215289,5643010.46939679
0.000748784628150692,331.880495428505,499737.787215289,5643010.46939679
0.0022888704241884,331.880495428505,500237.787215289,5643010.46939679
0.00189995723683745,331.880495428505,500737.787215289,5643010.46939679
0.00699657501204747,331.880495428505,501237.787215289,5643010.46939679
0.00657546344303522,331.880495428505,501737.787215289,5643010.46939679
0.0011563007561629,331.880495428505,502237.787215289,5643010.46939679
0.00123035357843105,331.880495428505,502737.787215289,5643010.46939679
0.00122284634415005,331.880495428505,503237.787215289,5643010.46939679
0.00309967387352675,331.880495428505,503737.787215289,5643010.46939679
0.00138114238430473,331.880495428505,504237.787215289,5643010.46939679
0.00507936315510384,331.880495428505,504737.787215289,5643010.46939679
0.0024093165223985,331.880495428505,505237.787215289,5643010.46939679
0.00256195933054493,331.880495428505,505737.787215289,5643010.46939679
0.000423045221475599,331.880495428505,506237.787215289,5643010.46939679
0.000542197328392038,331.880495428505,506737.787215289,5643010.46939679
0.000261601802590509,331.880495428505,507237.787215289,5643010.46939679
0.000243215804672341,331.880495428505,507737.787215289,5643010.46939679
0.00273777496968878,331.880495428505,508237.787215289,5643010.46939679
0.00781716909480831,331.880495428505,508737.787215289,5643010.46939679
0.00291310994388124,331.880495428505,509237.787215289,5643010.46939679
0.00114807423230327,331.880495428505,509737.787215289,5643010.46939679
0.00541936180773467,331.880495428505,510237.787215289,5643010.46939679
0.00509396460171674,331.880495428505,510737.787215289,5643010.46939679
0.00509837542514545,331.880495428505,511237.787215289,5643010.46939679
0.00257377829904145,331.880495428505,511737.787215289,5643010.46939679
0.00509317993303591,331.880495428505,512237.787215289,5643010.46939679
0.00166669927033981,331.880495428505,512737.787215289,5643010.46939679
0.000656856254016411,331.880495428505,513237.787215289,5643010.46939679
0.000512847567525669,331.880495428505,513737.787215289,5643010.46939679
0.000482634980288771,331.880495428505,514237.787215289,5643010.46939679
0.0061645480200621,331.880495428505,514737.787215289,5643010.46939679
0.000242454343265534,331.880495428505,515237.787215289,5643010.46939679
0.00012248405916308,331.880495428505,515737.787215289,5643010.46939679
0.00259214507939628,331.880495428505,516237.787215289,5643010.46939679
0.00102129817420216,331.880495428505,516737.787215289,5643010.46939679
0.000842357402293922,331.880495428505,517237.787215289,5643010.46939679
0.000311615678383472,331.880495428505,517737.787215289,5643010.46939679
0.000424634267891823,331.880495428505,518237.787215289,5643010.46939679
0.000951664108901171,331.880495428505,518737.787215289,5643010.46939679
0.00156392816591665,331.880495428505,519237.787215289,5643010.46939679
0.000292748394213378,331.880495428505,519737.787215289,5643010.46939679
0.00213423730748865,331.880495428505,520237.787215289,5643010.46939679
0.00166525065155333,331.880495428505,520737.787215289,5643010.46939679
0.00200786554135668,331.880495428505,521237.787215289,5643010.46939679
0.000332488640102499,331.880495428505,521737.787215289,5643010.46939679
0.000619395598320028,331.880495428505,522237.787215289,5643010.46939679
0.000517300157823375,331.880495428505,522737.787215289,5643010.46939679
0.000623189305902894,331.880495428505,523237.787215289,5643010.46939679
0.00258236391567213,331.880495428505,523737.787215289,5643010.46939679
0.00374518197865644,331.880495428505,524237.787215289,5643010.46939679
0.000120919824085193,331.880495428505,486737.787215289,5643510.46939679
0.000145908255541717,331.880495428505,487237.787215289,5643510.46939679
0.000121327737974212,331.880495428505,487737.787215289,5643510.46939679
0.000121500794723223,331.880495428505,488237.787215289,5643510.46939679
0.00111189093645789,331.880495428505,488737.787215289,5643510.46939679
0.000188001776232589,331.880495428505,489237.787215289,5643510.46939679
0.00165287149592954,331.880495428505,489737.787215289,5643510.46939679
0.000166399219770664,331.880495428505,490237.787215289,5643510.46939679
0.00111618002349404,331.880495428505,490737.787215289,5643510.46939679
0.000188630027592608,331.880495428505,491237.787215289,5643510.46939679
0.00013002600435107,331.880495428505,491737.787215289,5643510.46939679
0.00012229105371573,331.880495428505,492237.787215289,5643510.46939679
0.00012234183914741,331.880495428505,492737.787215289,5643510.46939679
0.00111883772855577,331.880495428505,493237.787215289,5643510.46939679
0.000788427380345781,331.880495428505,493737.787215289,5643510.46939679
0.000157097447949854,331.880495428505,494237.787215289,5643510.46939679
0.00107705106150101,331.880495428505,494737.787215289,5643510.46939679
0.000228389862114298,331.880495428505,495237.787215289,5643510.46939679
0.000178247274004259,331.880495428505,495737.787215289,5643510.46939679
0.000258831913700788,331.880495428505,496237.787215289,5643510.46939679
0.00242059586620009,331.880495428505,496737.787215289,5643510.46939679
0.00227490444984211,331.880495428505,497237.787215289,5643510.46939679
0.000259056034195984,331.880495428505,497737.787215289,5643510.46939679
0.000312083705560503,331.880495428505,498237.787215289,5643510.46939679
0.000332070442624784,331.880495428505,498737.787215289,5643510.46939679
0.000157659700135138,331.880495428505,499237.787215289,5643510.46939679
0.00423208547882482,331.880495428505,499737.787215289,5643510.46939679
0.000428277024328687,331.880495428505,500237.787215289,5643510.46939679
0.000796738946860619,331.880495428505,500737.787215289,5643510.46939679
0.00148220173715737,331.880495428505,501237.787215289,5643510.46939679
0.00376092111281757,331.880495428505,501737.787215289,5643510.46939679
0.00114924536913596,331.880495428505,502237.787215289,5643510.46939679
0.00227327973591833,331.880495428505,502737.787215289,5643510.46939679
0.00122160020435013,331.880495428505,503237.787215289,5643510.46939679
0.00372944820688813,331.880495428505,503737.787215289,5643510.46939679
0.000655189176038397,331.880495428505,504237.787215289,5643510.46939679
0.000423809246032533,331.880495428505,504737.787215289,5643510.46939679
0.0053927160704332,331.880495428505,505237.787215289,5643510.46939679
0.0044733395850552,331.880495428505,505737.787215289,5643510.46939679
0.00420056116842247,331.880495428505,506237.787215289,5643510.46939679
0.000241584854285017,331.880495428505,506737.787215289,5643510.46939679
0.00013816478927738,331.880495428505,507237.787215289,5643510.46939679
0.000275365829448481,331.880495428505,507737.787215289,5643510.46939679
0.00020405968687163,331.880495428505,508237.787215289,5643510.46939679
0.000509020598575979,331.880495428505,508737.787215289,5643510.46939679
0.00652868218252498,331.880495428505,509237.787215289,5643510.46939679
0.00397331055564527,331.880495428505,509737.787215289,5643510.46939679
0.000189400331646404,331.880495428505,510237.787215289,5643510.46939679
0.00257088575583964,331.880495428505,510737.787215289,5643510.46939679
0.00613328491377069,331.880495428505,511237.787215289,5643510.46939679
0.000375275177354669,331.880495428505,511737.787215289,5643510.46939679
0.00576643330675083,331.880495428505,512237.787215289,5643510.46939679
0.00397331055564527,331.880495428505,512737.787215289,5643510.46939679
0.00027519891800469,331.880495428505,513237.787215289,5643510.46939679
0.000275550525720536,331.880495428505,513737.787215289,5643510.46939679
0.000954803043343876,331.880495428505,514237.787215289,5643510.46939679
0.000899075411389402,331.880495428505,514737.787215289,5643510.46939679
0.00511356020906247,331.880495428505,515237.787215289,5643510.46939679
0.00751685987026275,331.880495428505,515737.787215289,5643510.46939679
0.00421453644348226,331.880495428505,516237.787215289,5643510.46939679
0.000484889780073604,331.880495428505,516737.787215289,5643510.46939679
0.00177518343338512,331.880495428505,517237.787215289,5643510.46939679
0.00397554685547119,331.880495428505,517737.787215289,5643510.46939679
0.000841222750185541,331.880495428505,518237.787215289,5643510.46939679
0.00290848053928748,331.880495428505,518737.787215289,5643510.46939679
0.00156421089349905,331.880495428505,519237.787215289,5643510.46939679
0.000895534674132686,331.880495428505,519737.787215289,5643510.46939679
0.00089617641021887,331.880495428505,520237.787215289,5643510.46939679
0.000293259532803303,331.880495428505,520737.787215289,5643510.46939679
0.00027574784829097,331.880495428505,521237.787215289,5643510.46939679
0.000618870529345471,331.880495428505,521737.787215289,5643510.46939679
0.0013045689772667,331.880495428505,522237.787215289,5643510.46939679
0.0024418601511671,331.880495428505,522737.787215289,5643510.46939679
0.000844798545130382,331.880495428505,523237.787215289,5643510.46939679
0.000705566977255276,331.880495428505,523737.787215289,5643510.46939679
0.00547254623692716,331.880495428505,524237.787215289,5643510.46939679
0.000254527827706893,331.880495428505,486737.787215289,5644010.46939679
0.000239625902033379,331.880495428505,487237.787215289,5644010.46939679
0.00120554411377432,331.880495428505,487737.787215289,5644010.46939679
0.000255781731215185,331.880495428505,488237.787215289,5644010.46939679
0.000121558393308309,331.880495428505,488737.787215289,5644010.46939679
0.000137765314053488,331.880495428505,489237.787215289,5644010.46939679
0.000349958502723359,331.880495428505,489737.787215289,5644010.46939679
0.000156289880998276,331.880495428505,490237.787215289,5644010.46939679
0.000156413765524639,331.880495428505,490737.787215289,5644010.46939679
0.000200590373418103,331.880495428505,491237.787215289,5644010.46939679
0.000129941273792462,331.880495428505,491737.787215289,5644010.46939679
0.00013002600435107,331.880495428505,492237.787215289,5644010.46939679
0.000177441649568801,331.880495428505,492737.787215289,5644010.46939679
0.000122308281073528,331.880495428505,493237.787215289,5644010.46939679
0.000138568489080059,331.880495428505,493737.787215289,5644010.46939679
0.000201239089997868,331.880495428505,494237.787215289,5644010.46939679
0.000138799703171714,331.880495428505,494737.787215289,5644010.46939679
0.000147812063027126,331.880495428505,495237.787215289,5644010.46939679
0.000201671306944609,331.880495428505,495737.787215289,5644010.46939679
0.000130701380215162,331.880495428505,496237.787215289,5644010.46939679
0.000167636870122482,331.880495428505,496737.787215289,5644010.46939679
0.00017845068520491,331.880495428505,497237.787215289,5644010.46939679
0.000189879179742058,331.880495428505,497737.787215289,5644010.46939679
0.000311860818510525,331.880495428505,498237.787215289,5644010.46939679
0.000243290026736094,331.880495428505,498737.787215289,5644010.46939679
0.000157547101159807,331.880495428505,499237.787215289,5644010.46939679
0.000841989833161233,331.880495428505,499737.787215289,5644010.46939679
0.00274056774128525,331.880495428505,500237.787215289,5644010.46939679
0.000791877493990699,331.880495428505,500737.787215289,5644010.46939679
0.00156750306173837,331.880495428505,501237.787215289,5644010.46939679
0.00227490444984211,331.880495428505,501737.787215289,5644010.46939679
0.00373530352081297,331.880495428505,502237.787215289,5644010.46939679
0.00147165658453118,331.880495428505,502737.787215289,5644010.46939679
0.00291310994388124,331.880495428505,503237.787215289,5644010.46939679
0.008888871203156,331.880495428505,503737.787215289,5644010.46939679
0.000788880929831164,331.880495428505,504237.787215289,5644010.46939679
0.00042362733617058,331.880495428505,504737.787215289,5644010.46939679
0.000478781942887837,331.880495428505,505237.787215289,5644010.46939679
0.00394843039115639,331.880495428505,505737.787215289,5644010.46939679
0.00446668185386366,331.880495428505,506237.787215289,5644010.46939679
0.000213235573375657,331.880495428505,506737.787215289,5644010.46939679
0.00047784219819111,331.880495428505,507237.787215289,5644010.46939679
0.000698709990522266,331.880495428505,507737.787215289,5644010.46939679
0.000200535988126936,331.880495428505,508237.787215289,5644010.46939679
0.000189738422107609,331.880495428505,508737.787215289,5644010.46939679
0.00397331055564527,331.880495428505,509237.787215289,5644010.46939679
0.00272745622465851,331.880495428505,509737.787215289,5644010.46939679
0.00396443588988574,331.880495428505,510237.787215289,5644010.46939679
0.00508604409970351,331.880495428505,510737.787215289,5644010.46939679
0.0061290914537163,331.880495428505,511237.787215289,5644010.46939679
0.0044985314925798,331.880495428505,511737.787215289,5644010.46939679
0.00422777277823324,331.880495428505,512237.787215289,5644010.46939679
0.00449051566441923,331.880495428505,512737.787215289,5644010.46939679
0.000481003928987504,331.880495428505,513237.787215289,5644010.46939679
0.00373544290678321,331.880495428505,513737.787215289,5644010.46939679
0.00201010301872453,331.880495428505,514237.787215289,5644010.46939679
0.00122546270131761,331.880495428505,514737.787215289,5644010.46939679
0.0022888704241884,331.880495428505,515237.787215289,5644010.46939679
0.000756374149983936,331.880495428505,515737.787215289,5644010.46939679
0.00579662387511148,331.880495428505,516237.787215289,5644010.46939679
0.00789543210496898,331.880495428505,516737.787215289,5644010.46939679
0.00740522671651862,331.880495428505,517237.787215289,5644010.46939679
0.00330221795814029,331.880495428505,517737.787215289,5644010.46939679
0.000841600698286081,331.880495428505,518237.787215289,5644010.46939679
0.00177090026772383,331.880495428505,518737.787215289,5644010.46939679
0.000424990103221046,331.880495428505,519237.787215289,5644010.46939679
0.000353124180709421,331.880495428505,519737.787215289,5644010.46939679
0.000332148618236648,331.880495428505,520237.787215289,5644010.46939679
0.000657672856729984,331.880495428505,520737.787215289,5644010.46939679
0.00101588908244791,331.880495428505,521237.787215289,5644010.46939679
0.000701080653274571,331.880495428505,521737.787215289,5644010.46939679
0.00123358872105648,331.880495428505,522237.787215289,5644010.46939679
0.00294169856649713,331.880495428505,522737.787215289,5644010.46939679
0.00167180181194358,331.880495428505,523237.787215289,5644010.46939679
0.000750753513445347,331.880495428505,523737.787215289,5644010.46939679
0.000314825277146766,331.880495428505,524237.787215289,5644010.46939679
0.000369142978958225,331.880495428505,486737.787215289,5644510.46939679
0.000998242287440548,331.880495428505,487237.787215289,5644510.46939679
0.002872251339353,331.880495428505,487737.787215289,5644510.46939679
0.000137365716209874,331.880495428505,488237.787215289,5644510.46939679
0.000941913867565382,331.880495428505,488737.787215289,5644510.46939679
0.000226104386673306,331.880495428505,489237.787215289,5644510.46939679
0.000155954924398872,331.880495428505,489737.787215289,5644510.46939679
0.000290391323010166,331.880495428505,490237.787215289,5644510.46939679
0.000350038984404092,331.880495428505,490737.787215289,5644510.46939679
0.000138027948365116,331.880495428505,491237.787215289,5644510.46939679
0.00012976059585672,331.880495428505,491737.787215289,5644510.46939679
0.000694024598751758,331.880495428505,492237.787215289,5644510.46939679
0.000129918948571326,331.880495428505,492737.787215289,5644510.46939679
0.000129973874642396,331.880495428505,493237.787215289,5644510.46939679
0.000138395671290941,331.880495428505,493737.787215289,5644510.46939679
0.00610774459448157,331.880495428505,494237.787215289,5644510.46939679
0.000156972796053613,331.880495428505,494737.787215289,5644510.46939679
0.000122535418999358,331.880495428505,495237.787215289,5644510.46939679
0.000147688834909338,331.880495428505,495737.787215289,5644510.46939679
0.000130554433429248,331.880495428505,496237.787215289,5644510.46939679
0.000189533064969648,331.880495428505,496737.787215289,5644510.46939679
0.000292860077674994,331.880495428505,497237.787215289,5644510.46939679
0.000201792681203974,331.880495428505,497737.787215289,5644510.46939679
0.000214586916806625,331.880495428505,498237.787215289,5644510.46939679
0.00200508050458989,331.880495428505,498737.787215289,5644510.46939679
0.00508766749732285,331.880495428505,499237.787215289,5644510.46939679
0.00508766749732285,331.880495428505,499737.787215289,5644510.46939679
0.00329687035205179,331.880495428505,500237.787215289,5644510.46939679
0.00329687035205179,331.880495428505,500737.787215289,5644510.46939679
0.000841397221444064,331.880495428505,501237.787215289,5644510.46939679
0.00273777496968878,331.880495428505,501737.787215289,5644510.46939679
0.0020072529888151,331.880495428505,502237.787215289,5644510.46939679
0.00576643330675083,331.880495428505,502737.787215289,5644510.46939679
0.00309322622929413,331.880495428505,503237.787215289,5644510.46939679
0.00372299046465393,331.880495428505,503737.787215289,5644510.46939679
0.000398129950391954,331.880495428505,504237.787215289,5644510.46939679
0.000291623465155302,331.880495428505,504737.787215289,5644510.46939679
0.00114088519551767,331.880495428505,505237.787215289,5644510.46939679
0.00187215116740181,331.880495428505,505737.787215289,5644510.46939679
0.00474678708476162,331.880495428505,506237.787215289,5644510.46939679
0.00504842746716644,331.880495428505,506737.787215289,5644510.46939679
0.000309205359503636,331.880495428505,507237.787215289,5644510.46939679
0.000422136890237081,331.880495428505,507737.787215289,5644510.46939679
0.00029103624922909,331.880495428505,508237.787215289,5644510.46939679
0.000243215804672341,331.880495428505,508737.787215289,5644510.46939679
0.000178318399525408,331.880495428505,509237.787215289,5644510.46939679
0.000257575298580586,331.880495428505,509737.787215289,5644510.46939679
0.00212866701757434,331.880495428505,510237.787215289,5644510.46939679
0.0039625317592304,331.880495428505,510737.787215289,5644510.46939679
0.00156199689849344,331.880495428505,511237.787215289,5644510.46939679
0.00509317993303591,331.880495428505,511737.787215289,5644510.46939679
0.00611486501714038,331.880495428505,512237.787215289,5644510.46939679
0.000292073759624735,331.880495428505,512737.787215289,5644510.46939679
0.00508484289908345,331.880495428505,513237.787215289,5644510.46939679
0.00478392951696345,331.880495428505,513737.787215289,5644510.46939679
0.00613828858922416,331.880495428505,514237.787215289,5644510.46939679
0.000513602080716223,331.880495428505,514737.787215289,5644510.46939679
0.00228167992822927,331.880495428505,515237.787215289,5644510.46939679
0.00169507336238132,331.880495428505,515737.787215289,5644510.46939679
0.00402987648176564,331.880495428505,516237.787215289,5644510.46939679
0.00012248405916308,331.880495428505,516737.787215289,5644510.46939679
0.0051296751047431,331.880495428505,517237.787215289,5644510.46939679
0.00167013574388579,331.880495428505,517737.787215289,5644510.46939679
0.000896398871906259,331.880495428505,518237.787215289,5644510.46939679
0.000331613266556317,331.880495428505,518737.787215289,5644510.46939679
0.000743739639284311,331.880495428505,519237.787215289,5644510.46939679
0.000202169900291075,331.880495428505,519737.787215289,5644510.46939679
0.000658229472708907,331.880495428505,520237.787215289,5644510.46939679
0.00292170535584005,331.880495428505,520737.787215289,5644510.46939679
0.000844416274392442,331.880495428505,521237.787215289,5644510.46939679
0.000849993544703014,331.880495428505,521737.787215289,5644510.46939679
0.000486164769331694,331.880495428505,522237.787215289,5644510.46939679
0.000904429573183911,331.880495428505,522737.787215289,5644510.46939679
0.00108290327102741,331.880495428505,523237.787215289,5644510.46939679
0.00115146173609682,331.880495428505,523737.787215289,5644510.46939679
0.000701254685511243,331.880495428505,524237.787215289,5644510.46939679
0.00153849677636316,331.880495428505,486737.787215289,5645010.46939679
0.00120222348714312,331.880495428505,487237.787215289,5645010.46939679
0.000732671630227459,331.880495428505,487737.787215289,5645010.46939679
0.0025391749896873,331.880495428505,488237.787215289,5645010.46939679
0.00346671879456834,331.880495428505,488737.787215289,5645010.46939679
0.00113491463072713,331.880495428505,489237.787215289,5645010.46939679
0.000121576847852901,331.880495428505,489737.787215289,5645010.46939679
0.000155996976243899,331.880495428505,490237.787215289,5645010.46939679
0.000188048444714259,331.880495428505,490737.787215289,5645010.46939679
0.000176813919475845,331.880495428505,491237.787215289,5645010.46939679
0.000129678325740172,331.880495428505,491737.787215289,5645010.46939679
0.000138084766154124,331.880495428505,492237.787215289,5645010.46939679
0.000166430952417368,331.880495428505,492737.787215289,5645010.46939679
0.00012248405916308,331.880495428505,493237.787215289,5645010.46939679
0.00111665191296029,331.880495428505,493737.787215289,5645010.46939679
0.000138674888299699,331.880495428505,494237.787215289,5645010.46939679
0.000147442813203017,331.880495428505,494737.787215289,5645010.46939679
0.000177711949719156,331.880495428505,495237.787215289,5645010.46939679
0.000138725372529058,331.880495428505,495737.787215289,5645010.46939679
0.000157171422857522,331.880495428505,496237.787215289,5645010.46939679
0.000147755694255396,331.880495428505,496737.787215289,5645010.46939679
0.000122724726031979,331.880495428505,497237.787215289,5645010.46939679
0.0017708204767388,331.880495428505,497737.787215289,5645010.46939679
0.00508410451471298,331.880495428505,498237.787215289,5645010.46939679
0.00785106113795745,331.880495428505,498737.787215289,5645010.46939679
0.00449051566441923,331.880495428505,499237.787215289,5645010.46939679
0.00422023940869962,331.880495428505,499737.787215289,5645010.46939679
0.000214586916806625,331.880495428505,500237.787215289,5645010.46939679
0.00273481182903487,331.880495428505,500737.787215289,5645010.46939679
0.00147165658453118,331.880495428505,501237.787215289,5645010.46939679
0.00227258621174987,331.880495428505,501737.787215289,5645010.46939679
0.000424634267891823,331.880495428505,502237.787215289,5645010.46939679
0.000274793039866561,331.880495428505,502737.787215289,5645010.46939679
0.000227956988446213,331.880495428505,503237.787215289,5645010.46939679
0.00114389018621927,331.880495428505,503737.787215289,5645010.46939679
0.00146534567789776,331.880495428505,504237.787215289,5645010.46939679
0.000188749294489913,331.880495428505,504737.787215289,5645010.46939679
0.000576099479029782,331.880495428505,505237.787215289,5645010.46939679
0.00474678708476162,331.880495428505,505737.787215289,5645010.46939679
0.00571507237615796,331.880495428505,506237.787215289,5645010.46939679
0.00572033721959473,331.880495428505,506737.787215289,5645010.46939679
0.0007380494316274,331.880495428505,507237.787215289,5645010.46939679
0.00289191980608746,331.880495428505,507737.787215289,5645010.46939679
0.00129158283117042,331.880495428505,508237.787215289,5645010.46939679
0.00373416396758188,331.880495428505,508737.787215289,5645010.46939679
0.000157499037245543,331.880495428505,509237.787215289,5645010.46939679
0.000291473601004503,331.880495428505,509737.787215289,5645010.46939679
0.000257783877691705,331.880495428505,510237.787215289,5645010.46939679
0.00349747590329195,331.880495428505,510737.787215289,5645010.46939679
0.00448429455699302,331.880495428505,511237.787215289,5645010.46939679
0.00541936180773467,331.880495428505,511737.787215289,5645010.46939679
0.00329818589319126,331.880495428505,512237.787215289,5645010.46939679
0.00395833504487331,331.880495428505,512737.787215289,5645010.46939679
0.00290705037203755,331.880495428505,513237.787215289,5645010.46939679
0.00156421089349905,331.880495428505,513737.787215289,5645010.46939679
0.00048140238715682,331.880495428505,514237.787215289,5645010.46939679
0.00398317250803859,331.880495428505,514737.787215289,5645010.46939679
0.000483286706836868,331.880495428505,515237.787215289,5645010.46939679
0.00158292252407429,331.880495428505,515737.787215289,5645010.46939679
0.00179218215313982,331.880495428505,516237.787215289,5645010.46939679
0.00547363103804853,331.880495428505,516737.787215289,5645010.46939679
0.000902057665420842,331.880495428505,517237.787215289,5645010.46939679
0.00351919676476587,331.880495428505,517737.787215289,5645010.46939679
0.00479248207591426,331.880495428505,518237.787215289,5645010.46939679
0.000545037637732888,331.880495428505,518737.787215289,5645010.46939679
0.000404430472197479,331.880495428505,519237.787215289,5645010.46939679
0.000215212809148866,331.880495428505,519737.787215289,5645010.46939679
0.000293818046497225,331.880495428505,520237.787215289,5645010.46939679
0.00274774591949745,331.880495428505,520737.787215289,5645010.46939679
0.000701423403292324,331.880495428505,521237.787215289,5645010.46939679
0.000705566977255276,331.880495428505,521737.787215289,5645010.46939679
0.000550429546040417,331.880495428505,522237.787215289,5645010.46939679
0.000314825277146766,331.880495428505,522737.787215289,5645010.46939679
0.000844798545130382,331.880495428505,523237.787215289,5645010.46939679
0.00108152828343435,331.880495428505,523737.787215289,5645010.46939679
0.00374518197865644,331.880495428505,524237.787215289,5645010.46939679
0.000120572706150968,331.880495428505,486737.787215289,5645510.46939679
0.000224576159908244,331.880495428505,487237.787215289,5645510.46939679
0.000687627227235351,331.880495428505,487737.787215289,5645510.46939679
0.005681319865323,331.880495428505,488237.787215289,5645510.46939679
0.00238476953943272,331.880495428505,488737.787215289,5645510.46939679
0.00685549257564663,331.880495428505,489237.787215289,5645510.46939679
0.00444296924338993,331.880495428505,489737.787215289,5645510.46939679
0.000165664805742966,331.880495428505,490237.787215289,5645510.46939679
0.00136811836668029,331.880495428505,490737.787215289,5645510.46939679
0.000137647755234687,331.880495428505,491237.787215289,5645510.46939679
0.000121612723780208,331.880495428505,491737.787215289,5645510.46939679
0.0001217286638256,331.880495428505,492237.787215289,5645510.46939679
0.000328777349124424,331.880495428505,492737.787215289,5645510.46939679
0.000166190766273995,331.880495428505,493237.787215289,5645510.46939679
0.00030933971753266,331.880495428505,493737.787215289,5645510.46939679
0.000138098518397756,331.880495428505,494237.787215289,5645510.46939679
0.000509280281570669,331.880495428505,494737.787215289,5645510.46939679
0.0037138390536045,331.880495428505,495237.787215289,5645510.46939679
0.000188872945001006,331.880495428505,495737.787215289,5645510.46939679
0.000654013237574359,331.880495428505,496237.787215289,5645510.46939679
0.000740747926668966,331.880495428505,496737.787215289,5645510.46939679
0.000310760802487039,331.880495428505,497237.787215289,5645510.46939679
0.000189126862402269,331.880495428505,497737.787215289,5645510.46939679
0.00539961146502041,331.880495428505,498237.787215289,5645510.46939679
0.00328533728214686,331.880495428505,498737.787215289,5645510.46939679
0.00290176145783146,331.880495428505,499237.787215289,5645510.46939679
0.000274362285175861,331.880495428505,499737.787215289,5645510.46939679
0.00137870299098712,331.880495428505,500237.787215289,5645510.46939679
0.00241047627538443,331.880495428505,500737.787215289,5645510.46939679
0.00478663037283406,331.880495428505,501237.787215289,5645510.46939679
0.000481440022453187,331.880495428505,501737.787215289,5645510.46939679
0.000292004569868013,331.880495428505,502237.787215289,5645510.46939679
0.000213954907070108,331.880495428505,502737.787215289,5645510.46939679
0.000130141254763104,331.880495428505,503237.787215289,5645510.46939679
0.000156617038044682,331.880495428505,503737.787215289,5645510.46939679
0.000177232251689649,331.880495428505,504237.787215289,5645510.46939679
0.00013816478927738,331.880495428505,504737.787215289,5645510.46939679
0.000256695226447759,331.880495428505,505237.787215289,5645510.46939679
0.000156057473379281,331.880495428505,505737.787215289,5645510.46939679
0.00327353839262223,331.880495428505,506237.787215289,5645510.46939679
0.00394808551286199,331.880495428505,506737.787215289,5645510.46939679
0.00478663037283406,331.880495428505,507237.787215289,5645510.46939679
0.00613573226163778,331.880495428505,507737.787215289,5645510.46939679
0.0020072529888151,331.880495428505,508237.787215289,5645510.46939679
0.000895639958896138,331.880495428505,508737.787215289,5645510.46939679
0.000148019446648975,331.880495428505,509237.787215289,5645510.46939679
0.000201889815743638,331.880495428505,509737.787215289,5645510.46939679
0.000895639958896138,331.880495428505,510237.787215289,5645510.46939679
0.00257299309983062,331.880495428505,510737.787215289,5645510.46939679
0.000791070532374759,331.880495428505,511237.787215289,5645510.46939679
0.000331732046720089,331.880495428505,511737.787215289,5645510.46939679
0.000545080247935029,331.880495428505,512237.787215289,5645510.46939679
0.000243215804672341,331.880495428505,512737.787215289,5645510.46939679
0.000512272824581423,331.880495428505,513237.787215289,5645510.46939679
0.00122160020435013,331.880495428505,513737.787215289,5645510.46939679
0.00309967387352675,331.880495428505,514237.787215289,5645510.46939679
0.000425833808840548,331.880495428505,514737.787215289,5645510.46939679
0.00543250405023748,331.880495428505,515237.787215289,5645510.46939679
0.00214283226015295,331.880495428505,515737.787215289,5645510.46939679
0.00157160871333597,331.880495428505,516237.787215289,5645510.46939679
0.00147701634349692,331.880495428505,516737.787215289,5645510.46939679
0.00215676354162362,331.880495428505,517237.787215289,5645510.46939679
0.00331019785413209,331.880495428505,517737.787215289,5645510.46939679
0.00838173890089085,331.880495428505,518237.787215289,5645510.46939679
0.000954744501747295,331.880495428505,518737.787215289,5645510.46939679
0.00227929169663653,331.880495428505,519237.787215289,5645510.46939679
0.00242627237807547,331.880495428505,519737.787215289,5645510.46939679
0.000429403153663529,331.880495428505,520237.787215289,5645510.46939679
0.0035438517852856,331.880495428505,520737.787215289,5645510.46939679
0.00158127315539874,331.880495428505,521237.787215289,5645510.46939679
0.00079373451690859,331.880495428505,521737.787215289,5645510.46939679
0.00025955563441246,331.880495428505,522237.787215289,5645510.46939679
0.000513784334976637,331.880495428505,522737.787215289,5645510.46939679
0.000658486868681305,331.880495428505,523237.787215289,5645510.46939679
0.000896734887624282,331.880495428505,523737.787215289,5645510.46939679
0.00450549858183538,331.880495428505,524237.787215289,5645510.46939679
0.00499577152426114,331.880495428505,486737.787215289,5646010.46939679
0.000128400245862143,331.880495428505,487237.787215289,5646010.46939679
0.000198563199774966,331.880495428505,487737.787215289,5646010.46939679
0.00113051855051746,331.880495428505,488237.787215289,5646010.46939679
0.00136301503443265,331.880495428505,488737.787215289,5646010.46939679
0.00305691191087415,331.880495428505,489237.787215289,5646010.46939679
0.00534924760345319,331.880495428505,489737.787215289,5646010.46939679
0.000176149135303809,331.880495428505,490237.787215289,5646010.46939679
0.000212357089234204,331.880495428505,490737.787215289,5646010.46939679
0.000212427756402408,331.880495428505,491237.787215289,5646010.46939679
0.000137605556700464,331.880495428505,491737.787215289,5646010.46939679
0.000199882837838703,331.880495428505,492237.787215289,5646010.46939679
0.000187903782238032,331.880495428505,492737.787215289,5646010.46939679
0.000944511064156131,331.880495428505,493237.787215289,5646010.46939679
0.000396264441762317,331.880495428505,493737.787215289,5646010.46939679
0.000157005938375454,331.880495428505,494237.787215289,5646010.46939679
0.000478341284955815,331.880495428505,494737.787215289,5646010.46939679
0.000786252075339712,331.880495428505,495237.787215289,5646010.46939679
0.003714977957592,331.880495428505,495737.787215289,5646010.46939679
0.00610688430684987,331.880495428505,496237.787215289,5646010.46939679
0.00371815074792112,331.880495428505,496737.787215289,5646010.46939679
0.00507333863540809,331.880495428505,497237.787215289,5646010.46939679
0.00611182953454618,331.880495428505,497737.787215289,5646010.46939679
0.00610942039388419,331.880495428505,498237.787215289,5646010.46939679
0.000614317894983926,331.880495428505,498737.787215289,5646010.46939679
0.000373869597021401,331.880495428505,499237.787215289,5646010.46939679
0.000156823633941974,331.880495428505,499737.787215289,5646010.46939679
0.00611182953454618,331.880495428505,500237.787215289,5646010.46939679
0.00736289511578134,331.880495428505,500737.787215289,5646010.46939679
0.00397331055564527,331.880495428505,501237.787215289,5646010.46939679
0.00541936180773467,331.880495428505,501737.787215289,5646010.46939679
0.00290138651650678,331.880495428505,502237.787215289,5646010.46939679
0.000614231367121011,331.880495428505,502737.787215289,5646010.46939679
0.000213715684520144,331.880495428505,503237.787215289,5646010.46939679
0.000156512806267967,331.880495428505,503737.787215289,5646010.46939679
0.000785765791620285,331.880495428505,504237.787215289,5646010.46939679
0.000290840775272541,331.880495428505,504737.787215289,5646010.46939679
0.000129663945965781,331.880495428505,505237.787215289,5646010.46939679
0.000448747224435888,331.880495428505,505737.787215289,5646010.46939679
0.00505613183438236,331.880495428505,506237.787215289,5646010.46939679
0.00478663037283406,331.880495428505,506737.787215289,5646010.46939679
0.00147165658453118,331.880495428505,507237.787215289,5646010.46939679
0.00273777496968878,331.880495428505,507737.787215289,5646010.46939679
0.00576643330675083,331.880495428505,508237.787215289,5646010.46939679
0.000452462992564785,331.880495428505,508737.787215289,5646010.46939679
0.000293001048242714,331.880495428505,509237.787215289,5646010.46939679
0.000375582788802655,331.880495428505,509737.787215289,5646010.46939679
0.000217353690451547,331.880495428505,510237.787215289,5646010.46939679
0.000399636189579174,331.880495428505,510737.787215289,5646010.46939679
0.00177289844507365,331.880495428505,511237.787215289,5646010.46939679
0.000293001048242714,331.880495428505,511737.787215289,5646010.46939679
0.000201889815743638,331.880495428505,512237.787215289,5646010.46939679
0.000201889815743638,331.880495428505,512737.787215289,5646010.46939679
0.000275365829448481,331.880495428505,513237.787215289,5646010.46939679
0.000167585728057069,331.880495428505,513737.787215289,5646010.46939679
0.000399636189579174,331.880495428505,514237.787215289,5646010.46939679
0.000148150028917725,331.880495428505,514737.787215289,5646010.46939679
0.00147444196835592,331.880495428505,515237.787215289,5646010.46939679
0.000955472177235487,331.880495428505,515737.787215289,5646010.46939679
0.00424024722972912,331.880495428505,516237.787215289,5646010.46939679
0.00543535215763174,331.880495428505,516737.787215289,5646010.46939679
0.00139665340346461,331.880495428505,517237.787215289,5646010.46939679
0.00138811732236219,331.880495428505,517737.787215289,5646010.46939679
0.000843036593663786,331.880495428505,518237.787215289,5646010.46939679
0.000546370803139779,331.880495428505,518737.787215289,5646010.46939679
0.00655245957952781,331.880495428505,519237.787215289,5646010.46939679
0.00741861109509348,331.880495428505,519737.787215289,5646010.46939679
0.000429403153663529,331.880495428505,520237.787215289,5646010.46939679
0.00543909907072312,331.880495428505,520737.787215289,5646010.46939679
0.00398778131403966,331.880495428505,521237.787215289,5646010.46939679
0.000745530427266599,331.880495428505,521737.787215289,5646010.46939679
0.000353771867927102,331.880495428505,522237.787215289,5646010.46939679
0.000167963056792311,331.880495428505,522737.787215289,5646010.46939679
0.00074481884728459,331.880495428505,523237.787215289,5646010.46939679
0.000228663851619183,331.880495428505,523737.787215289,5646010.46939679
0.00450312039090687,331.880495428505,524237.787215289,5646010.46939679
0.000120400971302703,331.880495428505,486737.787215289,5646510.46939679
0.000120572706150968,331.880495428505,487237.787215289,5646510.46939679
0.000120718097037488,331.880495428505,487737.787215289,5646510.46939679
0.000136818240263863,331.880495428505,488237.787215289,5646510.46939679
0.000271078013867362,331.880495428505,488737.787215289,5646510.46939679
0.000998800107324142,331.880495428505,489237.787215289,5646510.46939679
0.00534206582592604,331.880495428505,489737.787215289,5646510.46939679
0.00472270564598033,331.880495428505,490237.787215289,5646510.46939679
0.00368660094630282,331.880495428505,490737.787215289,5646510.46939679
0.000121327737974212,331.880495428505,491237.787215289,5646510.46939679
0.000212206116130466,331.880495428505,491737.787215289,5646510.46939679
0.00306465961393296,331.880495428505,492237.787215289,5646510.46939679
0.000121520381630067,331.880495428505,492737.787215289,5646510.46939679
0.000539508219008243,331.880495428505,493237.787215289,5646510.46939679
0.000187903782238032,331.880495428505,493737.787215289,5646510.46939679
0.000212906048704356,331.880495428505,494237.787215289,5646510.46939679
0.000146867654707813,331.880495428505,494737.787215289,5646510.46939679
0.00505562833037936,331.880495428505,495237.787215289,5646510.46939679
0.00538448066187587,331.880495428505,495737.787215289,5646510.46939679
0.00506215707518097,331.880495428505,496237.787215289,5646510.46939679
0.00538901322359606,331.880495428505,496737.787215289,5646510.46939679
0.00255938458600245,331.880495428505,497237.787215289,5646510.46939679
0.00649415210089886,331.880495428505,497737.787215289,5646510.46939679
0.00057674079900255,331.880495428505,498237.787215289,5646510.46939679
0.000509195574286456,331.880495428505,498737.787215289,5646510.46939679
0.00018859865324348,331.880495428505,499237.787215289,5646510.46939679
0.00146341526474791,331.880495428505,499737.787215289,5646510.46939679
0.00349084998074961,331.880495428505,500237.787215289,5646510.46939679
0.00289770255823498,331.880495428505,500737.787215289,5646510.46939679
0.00694679774522002,331.880495428505,501237.787215289,5646510.46939679
0.000791070532374759,331.880495428505,501737.787215289,5646510.46939679
0.00129276003792477,331.880495428505,502237.787215289,5646510.46939679
0.00225874375577204,331.880495428505,502737.787215289,5646510.46939679
0.00609624027354736,331.880495428505,503237.787215289,5646510.46939679
0.00608925732716167,331.880495428505,503737.787215289,5646510.46939679
0.000693124597454033,331.880495428505,504237.787215289,5646510.46939679
0.000121886541244498,331.880495428505,504737.787215289,5646510.46939679
0.000541619740033138,331.880495428505,505237.787215289,5646510.46939679
0.00225815842323014,331.880495428505,505737.787215289,5646510.46939679
0.00394808551286199,331.880495428505,506237.787215289,5646510.46939679
0.000425230039242503,331.880495428505,506737.787215289,5646510.46939679
0.00177289844507365,331.880495428505,507237.787215289,5646510.46939679
0.0047518121342086,331.880495428505,507737.787215289,5646510.46939679
0.000273362801762564,331.880495428505,508237.787215289,5646510.46939679
0.000156353379729722,331.880495428505,508737.787215289,5646510.46939679
0.000213378888910302,331.880495428505,509237.787215289,5646510.46939679
0.000243215804672341,331.880495428505,509737.787215289,5646510.46939679
0.000189738422107609,331.880495428505,510237.787215289,5646510.46939679
0.000293001048242714,331.880495428505,510737.787215289,5646510.46939679
0.000167585728057069,331.880495428505,511237.787215289,5646510.46939679
0.000478383542222437,331.880495428505,511737.787215289,5646510.46939679
0.000478383542222437,331.880495428505,512237.787215289,5646510.46939679
0.000243215804672341,331.880495428505,512737.787215289,5646510.46939679
0.00035297711999837,331.880495428505,513237.787215289,5646510.46939679
0.000791070532374759,331.880495428505,513737.787215289,5646510.46939679
0.0044985314925798,331.880495428505,514237.787215289,5646510.46939679
0.00541936180773467,331.880495428505,514737.787215289,5646510.46939679
0.00509659608437329,331.880495428505,515237.787215289,5646510.46939679
0.00274112192672853,331.880495428505,515737.787215289,5646510.46939679
0.00482092896421552,331.880495428505,516237.787215289,5646510.46939679
0.000902057665420842,331.880495428505,516737.787215289,5646510.46939679
0.00379703322559599,331.880495428505,517237.787215289,5646510.46939679
0.00177935532396523,331.880495428505,517737.787215289,5646510.46939679
0.00510404743204484,331.880495428505,518237.787215289,5646510.46939679
0.00543761188209366,331.880495428505,518737.787215289,5646510.46939679
0.0101807719718093,331.880495428505,519237.787215289,5646510.46939679
0.00313009339366491,331.880495428505,519737.787215289,5646510.46939679
0.000849993544703014,331.880495428505,520237.787215289,5646510.46939679
0.00201284997284659,331.880495428505,520737.787215289,5646510.46939679
0.000658134360401348,331.880495428505,521237.787215289,5646510.46939679
0.00114974156260379,331.880495428505,521737.787215289,5646510.46939679
0.000157632492734281,331.880495428505,522237.787215289,5646510.46939679
0.00147290358039971,331.880495428505,522737.787215289,5646510.46939679
0.000481710991516221,331.880495428505,523237.787215289,5646510.46939679
0.000275570109859011,331.880495428505,523737.787215289,5646510.46939679
0.000796738946860619,331.880495428505,524237.787215289,5646510.46939679
0.000120336048408397,331.880495428505,486737.787215289,5647010.46939679
0.00110173163399299,331.880495428505,487237.787215289,5647010.46939679
0.00110313230686565,331.880495428505,487737.787215289,5647010.46939679
0.0011043382717217,331.880495428505,488237.787215289,5647010.46939679
0.000128624432644763,331.880495428505,488737.787215289,5647010.46939679
0.000155046565828646,331.880495428505,489237.787215289,5647010.46939679
0.000128807897090145,331.880495428505,489737.787215289,5647010.46939679
0.00416847501765817,331.880495428505,490237.787215289,5647010.46939679
0.00392024759230969,331.880495428505,490737.787215289,5647010.46939679
0.0047237173424126,331.880495428505,491237.787215289,5647010.46939679
0.0044412325225925,331.880495428505,491737.787215289,5647010.46939679
0.00325866246771277,331.880495428505,492237.787215289,5647010.46939679
0.00042028369235507,331.880495428505,492737.787215289,5647010.46939679
0.0050380832748487,331.880495428505,493237.787215289,5647010.46939679
0.00504111540487934,331.880495428505,493737.787215289,5647010.46939679
0.00571143910018214,331.880495428505,494237.787215289,5647010.46939679
0.00537363841776033,331.880495428505,494737.787215289,5647010.46939679
0.00572033721959473,331.880495428505,495237.787215289,5647010.46939679
0.00572560691311467,331.880495428505,495737.787215289,5647010.46939679
0.00505855817688078,331.880495428505,496237.787215289,5647010.46939679
0.00573032492630161,331.880495428505,496737.787215289,5647010.46939679
0.00506258492838373,331.880495428505,497237.787215289,5647010.46939679
0.00506258492838373,331.880495428505,497737.787215289,5647010.46939679
0.000694334792749337,331.880495428505,498237.787215289,5647010.46939679
0.000147026861589921,331.880495428505,498737.787215289,5647010.46939679
0.00370912350535755,331.880495428505,499237.787215289,5647010.46939679
0.0050612873455498,331.880495428505,499737.787215289,5647010.46939679
0.0057317940330228,331.880495428505,500237.787215289,5647010.46939679
0.00420237632071179,331.880495428505,500737.787215289,5647010.46939679
0.00613573226163778,331.880495428505,501237.787215289,5647010.46939679
0.00541936180773467,331.880495428505,501737.787215289,5647010.46939679
0.00538635215693963,331.880495428505,502237.787215289,5647010.46939679
0.00419942228653938,331.880495428505,502737.787215289,5647010.46939679
0.00446668185386366,331.880495428505,503237.787215289,5647010.46939679
0.00255157584023465,331.880495428505,503737.787215289,5647010.46939679
0.00474513780741417,331.880495428505,504237.787215289,5647010.46939679
0.00348318519557102,331.880495428505,504737.787215289,5647010.46939679
0.000243215804672341,331.880495428505,505237.787215289,5647010.46939679
0.000481440022453187,331.880495428505,505737.787215289,5647010.46939679
0.00212224383144098,331.880495428505,506237.787215289,5647010.46939679
0.00541936180773467,331.880495428505,506737.787215289,5647010.46939679
0.00155596435821698,331.880495428505,507237.787215289,5647010.46939679
0.000166209461450948,331.880495428505,507737.787215289,5647010.46939679
0.000137998386139479,331.880495428505,508237.787215289,5647010.46939679
0.000213256810095954,331.880495428505,508737.787215289,5647010.46939679
0.000156499135552181,331.880495428505,509237.787215289,5647010.46939679
0.000311765677111332,331.880495428505,509737.787215289,5647010.46939679
0.000148019446648975,331.880495428505,510237.787215289,5647010.46939679
0.000139110415971059,331.880495428505,510737.787215289,5647010.46939679
0.000315116471894966,331.880495428505,511237.787215289,5647010.46939679
0.000478211594135582,331.880495428505,511737.787215289,5647010.46939679
0.000889633999127888,331.880495428505,512237.787215289,5647010.46939679
0.000157499037245543,331.880495428505,512737.787215289,5647010.46939679
0.000425230039242503,331.880495428505,513237.787215289,5647010.46939679
0.00101403212879564,331.880495428505,513737.787215289,5647010.46939679
0.00329818589319126,331.880495428505,514237.787215289,5647010.46939679
0.00422503207993729,331.880495428505,514737.787215289,5647010.46939679
0.00449870603357934,331.880495428505,515237.787215289,5647010.46939679
0.00576967883050727,331.880495428505,515737.787215289,5647010.46939679
0.0051296751047431,331.880495428505,516237.787215289,5647010.46939679
0.0051296751047431,331.880495428505,516737.787215289,5647010.46939679
0.00483360531438,331.880495428505,517237.787215289,5647010.46939679
0.00424317028556709,331.880495428505,517737.787215289,5647010.46939679
0.00615025948260242,331.880495428505,518237.787215289,5647010.46939679
0.00311096285562292,331.880495428505,518737.787215289,5647010.46939679
0.00514316328478898,331.880495428505,519237.787215289,5647010.46939679
0.000429403153663529,331.880495428505,519737.787215289,5647010.46939679
0.00480406323409132,331.880495428505,520237.787215289,5647010.46939679
0.00156961320502069,331.880495428505,520737.787215289,5647010.46939679
0.00257697801637729,331.880495428505,521237.787215289,5647010.46939679
0.0057713194456675,331.880495428505,521737.787215289,5647010.46939679
0.005094543197838,331.880495428505,522237.787215289,5647010.46939679
0.00329856791883719,331.880495428505,522737.787215289,5647010.46939679
0.00130003524686722,331.880495428505,523237.787215289,5647010.46939679
0.0040017813053303,331.880495428505,523737.787215289,5647010.46939679
0.00202163595651892,331.880495428505,524237.787215289,5647010.46939679
0.000286615816500372,331.880495428505,486737.787215289,5647510.46939679
0.000120400971302703,331.880495428505,487237.787215289,5647510.46939679
0.000120518840306839,331.880495428505,487737.787215289,5647510.46939679
0.000224400514206042,331.880495428505,488237.787215289,5647510.46939679
0.000120718097037488,331.880495428505,488737.787215289,5647510.46939679
0.000145532043972621,331.880495428505,489237.787215289,5647510.46939679
0.000186671593392286,331.880495428505,489737.787215289,5647510.46939679
0.000347579599679557,331.880495428505,490237.787215289,5647510.46939679
0.000882420175517618,331.880495428505,490737.787215289,5647510.46939679
0.00345849818656721,331.880495428505,491237.787215289,5647510.46939679
0.00416847501765817,331.880495428505,491737.787215289,5647510.46939679
0.00472270564598033,331.880495428505,492237.787215289,5647510.46939679
0.00729605898061058,331.880495428505,492737.787215289,5647510.46939679
0.00606109035982671,331.880495428505,493237.787215289,5647510.46939679
0.00503480024225592,331.880495428505,493737.787215289,5647510.46939679
0.0053607366012744,331.880495428505,494237.787215289,5647510.46939679
0.00393435641357504,331.880495428505,494737.787215289,5647510.46939679
0.000166051842299458,331.880495428505,495237.787215289,5647510.46939679
0.000477378092160129,331.880495428505,495737.787215289,5647510.46939679
0.000329044246086501,331.880495428505,496237.787215289,5647510.46939679
0.000396609156303766,331.880495428505,496737.787215289,5647510.46939679
0.000422094852643716,331.880495428505,497237.787215289,5647510.46939679
0.00537940529256501,331.880495428505,497737.787215289,5647510.46939679
0.00608925732716167,331.880495428505,498237.787215289,5647510.46939679
0.00608668404863446,331.880495428505,498737.787215289,5647510.46939679
0.00689126598454837,331.880495428505,499237.787215289,5647510.46939679
0.00537831300146724,331.880495428505,499737.787215289,5647510.46939679
0.00307682022939991,331.880495428505,500237.787215289,5647510.46939679
0.00307682022939991,331.880495428505,500737.787215289,5647510.46939679
0.00541936180773467,331.880495428505,501237.787215289,5647510.46939679
0.00035297711999837,331.880495428505,501737.787215289,5647510.46939679
0.00537994104241084,331.880495428505,502237.787215289,5647510.46939679
0.00689126598454837,331.880495428505,502737.787215289,5647510.46939679
0.00446057718780289,331.880495428505,503237.787215289,5647510.46939679
0.00165073056155825,331.880495428505,503737.787215289,5647510.46939679
0.0006934884974207,331.880495428505,504237.787215289,5647510.46939679
0.000350736202046254,331.880495428505,504737.787215289,5647510.46939679
0.000139110415971059,331.880495428505,505237.787215289,5647510.46939679
0.000275365829448481,331.880495428505,505737.787215289,5647510.46939679
0.0020072529888151,331.880495428505,506237.787215289,5647510.46939679
0.000841732961870969,331.880495428505,506737.787215289,5647510.46939679
0.00446997202113325,331.880495428505,507237.787215289,5647510.46939679
0.000146942744248079,331.880495428505,507737.787215289,5647510.46939679
0.000213378888910302,331.880495428505,508237.787215289,5647510.46939679
0.000293001048242714,331.880495428505,508737.787215289,5647510.46939679
0.000375582788802655,331.880495428505,509237.787215289,5647510.46939679
0.000214819419536881,331.880495428505,509737.787215289,5647510.46939679
0.000227125923102996,331.880495428505,510237.787215289,5647510.46939679
0.000213378888910302,331.880495428505,510737.787215289,5647510.46939679
0.000156322039424364,331.880495428505,511237.787215289,5647510.46939679
0.000508008732280226,331.880495428505,511737.787215289,5647510.46939679
0.00271498608726036,331.880495428505,512237.787215289,5647510.46939679
0.000575769879687945,331.880495428505,512737.787215289,5647510.46939679
0.000613725645067343,331.880495428505,513237.787215289,5647510.46939679
0.00121611247853969,331.880495428505,513737.787215289,5647510.46939679
0.000788284597655031,331.880495428505,514237.787215289,5647510.46939679
0.00508385533395236,331.880495428505,514737.787215289,5647510.46939679
0.0024150753806206,331.880495428505,515237.787215289,5647510.46939679
0.00130003524686722,331.880495428505,515737.787215289,5647510.46939679
0.00509837542514545,331.880495428505,516237.787215289,5647510.46939679
0.00545819423508204,331.880495428505,516737.787215289,5647510.46939679
0.00426926321381275,331.880495428505,517237.787215289,5647510.46939679
0.000517300157823375,331.880495428505,517737.787215289,5647510.46939679
0.00258058496422511,331.880495428505,518237.787215289,5647510.46939679
0.00746423106175972,331.880495428505,518737.787215289,5647510.46939679
0.00511172924480955,331.880495428505,519237.787215289,5647510.46939679
0.00157117899536649,331.880495428505,519737.787215289,5647510.46939679
0.00479997731709604,331.880495428505,520237.787215289,5647510.46939679
0.00227566471366929,331.880495428505,520737.787215289,5647510.46939679
0.00509511355951547,331.880495428505,521237.787215289,5647510.46939679
0.00373282691072528,331.880495428505,521737.787215289,5647510.46939679
0.00576070395905559,331.880495428505,522237.787215289,5647510.46939679
0.0061340322094909,331.880495428505,522737.787215289,5647510.46939679
0.00653534201335973,331.880495428505,523237.787215289,5647510.46939679
0.00123035357843105,331.880495428505,523737.787215289,5647510.46939679
0.00178560214571314,331.880495428505,524237.787215289,5647510.46939679
0.00109798859332484,331.880495428505,486737.787215289,5648010.46939679
0.000136164027420881,331.880495428505,487237.787215289,5648010.46939679
0.000120400971302703,331.880495428505,487737.787215289,5648010.46939679
0.000120518840306839,331.880495428505,488237.787215289,5648010.46939679
0.000154555874462779,331.880495428505,488737.787215289,5648010.46939679
0.000120623680894068,331.880495428505,489237.787215289,5648010.46939679
0.000120762007893777,331.880495428505,489737.787215289,5648010.46939679
0.000128540615410794,331.880495428505,490237.787215289,5648010.46939679
0.000164876963446429,331.880495428505,490737.787215289,5648010.46939679
0.000211412007579911,331.880495428505,491237.787215289,5648010.46939679
0.000347579599679557,331.880495428505,491737.787215289,5648010.46939679
0.000647129385891023,331.880495428505,492237.787215289,5648010.46939679
0.000999809549309265,331.880495428505,492737.787215289,5648010.46939679
0.00120579547875387,331.880495428505,493237.787215289,5648010.46939679
0.00325682059282877,331.880495428505,493737.787215289,5648010.46939679
0.000371082036314783,331.880495428505,494237.787215289,5648010.46939679
0.00027234397796357,331.880495428505,494737.787215289,5648010.46939679
0.000256071003844571,331.880495428505,495237.787215289,5648010.46939679
0.00012945585914377,331.880495428505,495737.787215289,5648010.46939679
0.000129490765753789,331.880495428505,496237.787215289,5648010.46939679
0.000121774360173337,331.880495428505,496737.787215289,5648010.46939679
0.00047720973244649,331.880495428505,497237.787215289,5648010.46939679
0.00419062442308982,331.880495428505,497737.787215289,5648010.46939679
0.00393792075456433,331.880495428505,498237.787215289,5648010.46939679
0.00537174326538516,331.880495428505,498737.787215289,5648010.46939679
0.00537485630736216,331.880495428505,499237.787215289,5648010.46939679
0.00505511835635013,331.880495428505,499737.787215289,5648010.46939679
0.00689626631857203,331.880495428505,500237.787215289,5648010.46939679
0.00609458742352943,331.880495428505,500737.787215289,5648010.46939679
0.000952999314875876,331.880495428505,501237.787215289,5648010.46939679
0.00309967387352675,331.880495428505,501737.787215289,5648010.46939679
0.0010066559978049,331.880495428505,502237.787215289,5648010.46939679
0.000200231833200941,331.880495428505,502737.787215289,5648010.46939679
0.000540603877831283,331.880495428505,503237.787215289,5648010.46939679
0.00113864588631232,331.880495428505,503737.787215289,5648010.46939679
0.000309675046724363,331.880495428505,504237.787215289,5648010.46939679
0.000148019446648975,331.880495428505,504737.787215289,5648010.46939679
0.000397099050878663,331.880495428505,505237.787215289,5648010.46939679
0.0012138447276545,331.880495428505,505737.787215289,5648010.46939679
0.00114807423230327,331.880495428505,506237.787215289,5648010.46939679
0.000331732046720089,331.880495428505,506737.787215289,5648010.46939679
0.00138308015788072,331.880495428505,507237.787215289,5648010.46939679
0.000331732046720089,331.880495428505,507737.787215289,5648010.46939679
0.000311765677111332,331.880495428505,508237.787215289,5648010.46939679
0.000656655862625873,331.880495428505,508737.787215289,5648010.46939679
0.000425230039242503,331.880495428505,509237.787215289,5648010.46939679
0.000214819419536881,331.880495428505,509737.787215289,5648010.46939679
0.000576306624160665,331.880495428505,510237.787215289,5648010.46939679
0.00029065883753149,331.880495428505,510737.787215289,5648010.46939679
0.000309205359503636,331.880495428505,511237.787215289,5648010.46939679
0.000372498385040738,331.880495428505,511737.787215289,5648010.46939679
0.00688974846144708,331.880495428505,512237.787215289,5648010.46939679
0.00474784754109965,331.880495428505,512737.787215289,5648010.46939679
0.00057620423225864,331.880495428505,513237.787215289,5648010.46939679
0.00272265943429067,331.880495428505,513737.787215289,5648010.46939679
0.000122308281073528,331.880495428505,514237.787215289,5648010.46939679
0.000189148932366447,331.880495428505,514737.787215289,5648010.46939679
0.00372523899047999,331.880495428505,515237.787215289,5648010.46939679
0.000275255994803383,331.880495428505,515737.787215289,5648010.46939679
0.000353312958003991,331.880495428505,516237.787215289,5648010.46939679
0.00257878633916789,331.880495428505,516737.787215289,5648010.46939679
0.000334987592331472,331.880495428505,517237.787215289,5648010.46939679
0.00547254623692716,331.880495428505,517737.787215289,5648010.46939679
0.0013045689772667,331.880495428505,518237.787215289,5648010.46939679
0.00108956247050475,331.880495428505,518737.787215289,5648010.46939679
0.00615383633167759,331.880495428505,519237.787215289,5648010.46939679
0.00227743530970608,331.880495428505,519737.787215289,5648010.46939679
0.00510057667881196,331.880495428505,520237.787215289,5648010.46939679
0.0015665001963282,331.880495428505,520737.787215289,5648010.46939679
0.0044963671298848,331.880495428505,521237.787215289,5648010.46939679
0.0032965990485687,331.880495428505,521737.787215289,5648010.46939679
0.00350653689967705,331.880495428505,522237.787215289,5648010.46939679
0.00509695831356231,331.880495428505,522737.787215289,5648010.46939679
0.00699657501204747,331.880495428505,523237.787215289,5648010.46939679
0.00156750306173837,331.880495428505,523737.787215289,5648010.46939679
0.00310061979968546,331.880495428505,524237.787215289,5648010.46939679
0.000127706347189814,331.880495428505,486737.787215289,5648510.46939679
0.000127888502116971,331.880495428505,487237.787215289,5648510.46939679
0.000604411960499136,331.880495428505,487737.787215289,5648510.46939679
0.000120400971302703,331.880495428505,488237.787215289,5648510.46939679
0.000120518840306839,331.880495428505,488737.787215289,5648510.46939679
0.000120572706150968,331.880495428505,489237.787215289,5648510.46939679
0.000210978826258865,331.880495428505,489737.787215289,5648510.46939679
0.00223362004105446,331.880495428505,490237.787215289,5648510.46939679
0.000369394167062687,331.880495428505,490737.787215289,5648510.46939679
0.000254687148787313,331.880495428505,491237.787215289,5648510.46939679
0.000155174327261324,331.880495428505,491737.787215289,5648510.46939679
0.000128933996226976,331.880495428505,492237.787215289,5648510.46939679
0.000780505904700333,331.880495428505,492737.787215289,5648510.46939679
0.000572933121800469,331.880495428505,493237.787215289,5648510.46939679
0.00154741893817535,331.880495428505,493737.787215289,5648510.46939679
0.000240468411988601,331.880495428505,494237.787215289,5648510.46939679
0.000165896395480809,331.880495428505,494737.787215289,5648510.46939679
0.000165896395480809,331.880495428505,495237.787215289,5648510.46939679
0.000155911382631793,331.880495428505,495737.787215289,5648510.46939679
0.000240764090038536,331.880495428505,496237.787215289,5648510.46939679
0.006077216068092,331.880495428505,496737.787215289,5648510.46939679
0.00571365405147662,331.880495428505,497237.787215289,5648510.46939679
0.00326799811750074,331.880495428505,497737.787215289,5648510.46939679
0.00571843426661284,331.880495428505,498237.787215289,5648510.46939679
0.00572033721959473,331.880495428505,498737.787215289,5648510.46939679
0.00648119215375002,331.880495428505,499237.787215289,5648510.46939679
0.00734212361777516,331.880495428505,499737.787215289,5648510.46939679
0.00734476358745596,331.880495428505,500237.787215289,5648510.46939679
0.00475624187078986,331.880495428505,500737.787215289,5648510.46939679
0.000228577072301461,331.880495428505,501237.787215289,5648510.46939679
0.000331732046720089,331.880495428505,501737.787215289,5648510.46939679
0.00394440845452531,331.880495428505,502237.787215289,5648510.46939679
0.00537994104241084,331.880495428505,502737.787215289,5648510.46939679
0.00289191980608746,331.880495428505,503237.787215289,5648510.46939679
0.00648119215375002,331.880495428505,503737.787215289,5648510.46939679
0.000122088690251356,331.880495428505,504237.787215289,5648510.46939679
0.000139110415971059,331.880495428505,504737.787215289,5648510.46939679
0.000148019446648975,331.880495428505,505237.787215289,5648510.46939679
0.000178318399525408,331.880495428505,505737.787215289,5648510.46939679
0.000214819419536881,331.880495428505,506237.787215289,5648510.46939679
0.000545080247935029,331.880495428505,506737.787215289,5648510.46939679
0.00114807423230327,331.880495428505,507237.787215289,5648510.46939679
0.00576643330675083,331.880495428505,507737.787215289,5648510.46939679
0.000167585728057069,331.880495428505,508237.787215289,5648510.46939679
0.000122088690251356,331.880495428505,508737.787215289,5648510.46939679
0.000167585728057069,331.880495428505,509237.787215289,5648510.46939679
0.0044985314925798,331.880495428505,509737.787215289,5648510.46939679
0.00307999521891899,331.880495428505,510237.787215289,5648510.46939679
0.000121974982674647,331.880495428505,510737.787215289,5648510.46939679
0.00394440845452531,331.880495428505,511237.787215289,5648510.46939679
0.00648119215375002,331.880495428505,511737.787215289,5648510.46939679
0.0060911005743364,331.880495428505,512237.787215289,5648510.46939679
0.00271786022909413,331.880495428505,512737.787215289,5648510.46939679
0.00307802339815438,331.880495428505,513237.787215289,5648510.46939679
0.00447150857295924,331.880495428505,513737.787215289,5648510.46939679
0.00782466523570374,331.880495428505,514237.787215289,5648510.46939679
0.000398154951570736,331.880495428505,514737.787215289,5648510.46939679
0.00273137523524443,331.880495428505,515237.787215289,5648510.46939679
0.00541786024324602,331.880495428505,515737.787215289,5648510.46939679
0.00479200071828572,331.880495428505,516237.787215289,5648510.46939679
0.00741003716973446,331.880495428505,516737.787215289,5648510.46939679
0.0035438517852856,331.880495428505,517237.787215289,5648510.46939679
0.00401230375473467,331.880495428505,517737.787215289,5648510.46939679
0.000663100139363369,331.880495428505,518237.787215289,5648510.46939679
0.000623189305902894,331.880495428505,518737.787215289,5648510.46939679
0.00351919676476587,331.880495428505,519237.787215289,5648510.46939679
0.00213890503042208,331.880495428505,519737.787215289,5648510.46939679
0.00614093132292767,331.880495428505,520237.787215289,5648510.46939679
0.0057655272128045,331.880495428505,520737.787215289,5648510.46939679
0.00652968800845358,331.880495428505,521237.787215289,5648510.46939679
0.00542019672885203,331.880495428505,521737.787215289,5648510.46939679
0.00576365892289847,331.880495428505,522237.787215289,5648510.46939679
0.00423208547882482,331.880495428505,522737.787215289,5648510.46939679
0.00108670504328348,331.880495428505,523237.787215289,5648510.46939679
0.0035129911013897,331.880495428505,523737.787215289,5648510.46939679
0.00397172572881466,331.880495428505,524237.787215289,5648510.46939679
0.000119921108950702,331.880495428505,486737.787215289,5649010.46939679
0.000185339183435471,331.880495428505,487237.787215289,5649010.46939679
0.00109873573383462,331.880495428505,487737.787215289,5649010.46939679
0.0010994234848196,331.880495428505,488237.787215289,5649010.46939679
0.000120400971302703,331.880495428505,488737.787215289,5649010.46939679
0.000120518840306839,331.880495428505,489237.787215289,5649010.46939679
0.000120762007893777,331.880495428505,489737.787215289,5649010.46939679
0.000145714585181882,331.880495428505,490237.787215289,5649010.46939679
0.00501800381482705,331.880495428505,490737.787215289,5649010.46939679
0.000239687335901053,331.880495428505,491237.787215289,5649010.46939679
0.000175936984188359,331.880495428505,491737.787215289,5649010.46939679
0.000212245156110151,331.880495428505,492237.787215289,5649010.46939679
0.0003488712311436,331.880495428505,492737.787215289,5649010.46939679
0.000165848362155014,331.880495428505,493237.787215289,5649010.46939679
0.000165896395480809,331.880495428505,493737.787215289,5649010.46939679
0.00418745270564705,331.880495428505,494237.787215289,5649010.46939679
0.000273104438816173,331.880495428505,494737.787215289,5649010.46939679
0.000188180230623929,331.880495428505,495237.787215289,5649010.46939679
0.00474732106162749,331.880495428505,495737.787215289,5649010.46939679
0.00505135314061111,331.880495428505,496237.787215289,5649010.46939679
0.00572033721959473,331.880495428505,496737.787215289,5649010.46939679
0.00572448792236691,331.880495428505,497237.787215289,5649010.46939679
0.00505613183438236,331.880495428505,497737.787215289,5649010.46939679
0.00572776490422742,331.880495428505,498237.787215289,5649010.46939679
0.00648723405380053,331.880495428505,498737.787215289,5649010.46939679
0.00613573226163778,331.880495428505,499237.787215289,5649010.46939679
0.00652868218252498,331.880495428505,499737.787215289,5649010.46939679
0.000481440022453187,331.880495428505,500237.787215289,5649010.46939679
0.000189738422107609,331.880495428505,500737.787215289,5649010.46939679
0.00273777496968878,331.880495428505,501237.787215289,5649010.46939679
0.0060967788230281,331.880495428505,501737.787215289,5649010.46939679
0.00177289844507365,331.880495428505,502237.787215289,5649010.46939679
0.00694679774522002,331.880495428505,502737.787215289,5649010.46939679
0.00576643330675083,331.880495428505,503237.787215289,5649010.46939679
0.00613573226163778,331.880495428505,503737.787215289,5649010.46939679
0.00478663037283406,331.880495428505,504237.787215289,5649010.46939679
0.000258792043518689,331.880495428505,504737.787215289,5649010.46939679
0.000167585728057069,331.880495428505,505237.787215289,5649010.46939679
0.000189738422107609,331.880495428505,505737.787215289,5649010.46939679
0.00035297711999837,331.880495428505,506237.787215289,5649010.46939679
0.000188533844778888,331.880495428505,506737.787215289,5649010.46939679
0.000201889815743638,331.880495428505,507237.787215289,5649010.46939679
0.000200608093822253,331.880495428505,507737.787215289,5649010.46939679
0.000147079727283427,331.880495428505,508237.787215289,5649010.46939679
0.000156322039424364,331.880495428505,508737.787215289,5649010.46939679
0.000273362801762564,331.880495428505,509237.787215289,5649010.46939679
0.00329818589319126,331.880495428505,509737.787215289,5649010.46939679
0.00273777496968878,331.880495428505,510237.787215289,5649010.46939679
0.00541936180773467,331.880495428505,510737.787215289,5649010.46939679
0.00291310994388124,331.880495428505,511237.787215289,5649010.46939679
0.00541936180773467,331.880495428505,511737.787215289,5649010.46939679
0.00613573226163778,331.880495428505,512237.787215289,5649010.46939679
0.00694679774522002,331.880495428505,512737.787215289,5649010.46939679
0.00694679774522002,331.880495428505,513237.787215289,5649010.46939679
0.00541936180773467,331.880495428505,513737.787215289,5649010.46939679
0.00613573226163778,331.880495428505,514237.787215289,5649010.46939679
0.00507398360546913,331.880495428505,514737.787215289,5649010.46939679
0.00508127427993819,331.880495428505,515237.787215289,5649010.46939679
0.0012212617306421,331.880495428505,515737.787215289,5649010.46939679
0.00653600701772914,331.880495428505,516237.787215289,5649010.46939679
0.00398317250803859,331.880495428505,516737.787215289,5649010.46939679
0.00483360531438,331.880495428505,517237.787215289,5649010.46939679
0.00454267909484836,331.880495428505,517737.787215289,5649010.46939679
0.000962351841313615,331.880495428505,518237.787215289,5649010.46939679
0.00511172924480955,331.880495428505,518737.787215289,5649010.46939679
0.00542928605314671,331.880495428505,519237.787215289,5649010.46939679
0.00227451186862302,331.880495428505,519737.787215289,5649010.46939679
0.00509135626615612,331.880495428505,520237.787215289,5649010.46939679
0.00542338216660459,331.880495428505,520737.787215289,5649010.46939679
0.00739923080518033,331.880495428505,521237.787215289,5649010.46939679
0.00577231557659782,331.880495428505,521737.787215289,5649010.46939679
0.000311996960784535,331.880495428505,522237.787215289,5649010.46939679
0.000515943514590382,331.880495428505,522737.787215289,5649010.46939679
0.00699657501204747,331.880495428505,523237.787215289,5649010.46939679
0.00509176874507816,331.880495428505,523737.787215289,5649010.46939679
0.00226940218985122,331.880495428505,524237.787215289,5649010.46939679
0.000185186586030829,331.880495428505,486737.787215289,5649510.46939679
0.000470277446409998,331.880495428505,487237.787215289,5649510.46939679
0.000136078849193137,331.880495428505,487737.787215289,5649510.46939679
0.000128042714652229,331.880495428505,488237.787215289,5649510.46939679
0.00012046173429804,331.880495428505,488737.787215289,5649510.46939679
0.00012248405916308,331.880495428505,489237.787215289,5649510.46939679
0.00012248405916308,331.880495428505,489737.787215289,5649510.46939679
0.000239625902033379,331.880495428505,490237.787215289,5649510.46939679
0.000128933996226976,331.880495428505,490737.787215289,5649510.46939679
0.000128933996226976,331.880495428505,491237.787215289,5649510.46939679
0.000225710296577495,331.880495428505,491737.787215289,5649510.46939679
0.00198522549020719,331.880495428505,492237.787215289,5649510.46939679
0.00444986758216434,331.880495428505,492737.787215289,5649510.46939679
0.000212770696712124,331.880495428505,493237.787215289,5649510.46939679
0.00646892618342024,331.880495428505,493737.787215289,5649510.46939679
0.00571576513614977,331.880495428505,494237.787215289,5649510.46939679
0.0047518121342086,331.880495428505,494737.787215289,5649510.46939679
0.00370700143319699,331.880495428505,495237.787215289,5649510.46939679
0.0060911005743364,331.880495428505,495737.787215289,5649510.46939679
0.0060911005743364,331.880495428505,496237.787215289,5649510.46939679
0.00689626631857203,331.880495428505,496737.787215289,5649510.46939679
0.00572982440723679,331.880495428505,497237.787215289,5649510.46939679
0.00648723405380053,331.880495428505,497737.787215289,5649510.46939679
0.00648723405380053,331.880495428505,498237.787215289,5649510.46939679
0.000545080247935029,331.880495428505,498737.787215289,5649510.46939679
0.000258792043518689,331.880495428505,499237.787215289,5649510.46939679
0.00541936180773467,331.880495428505,499737.787215289,5649510.46939679
0.00350941119288431,331.880495428505,500237.787215289,5649510.46939679
0.00107897365945509,331.880495428505,500737.787215289,5649510.46939679
0.00509317993303591,331.880495428505,501237.787215289,5649510.46939679
0.00613573226163778,331.880495428505,501737.787215289,5649510.46939679
0.000656655862625873,331.880495428505,502237.787215289,5649510.46939679
0.00329818589319126,331.880495428505,502737.787215289,5649510.46939679
0.00509317993303591,331.880495428505,503237.787215289,5649510.46939679
0.00035297711999837,331.880495428505,503737.787215289,5649510.46939679
0.000791070532374759,331.880495428505,504237.787215289,5649510.46939679
0.000952999314875876,331.880495428505,504737.787215289,5649510.46939679
0.000399636189579174,331.880495428505,505237.787215289,5649510.46939679
0.000189738422107609,331.880495428505,505737.787215289,5649510.46939679
0.00013822725666465,331.880495428505,506237.787215289,5649510.46939679
0.000138177572864442,331.880495428505,506737.787215289,5649510.46939679
0.000166521789786727,331.880495428505,507237.787215289,5649510.46939679
0.000166461935923359,331.880495428505,507737.787215289,5649510.46939679
0.000121974982674647,331.880495428505,508237.787215289,5649510.46939679
0.000121886541244498,331.880495428505,508737.787215289,5649510.46939679
0.000156205605710709,331.880495428505,509237.787215289,5649510.46939679
0.000350736202046254,331.880495428505,509737.787215289,5649510.46939679
0.00213580323669455,331.880495428505,510237.787215289,5649510.46939679
0.00273777496968878,331.880495428505,510737.787215289,5649510.46939679
0.00329818589319126,331.880495428505,511237.787215289,5649510.46939679
0.00613573226163778,331.880495428505,511737.787215289,5649510.46939679
0.0044985314925798,331.880495428505,512237.787215289,5649510.46939679
0.000512272824581423,331.880495428505,512737.787215289,5649510.46939679
0.00177289844507365,331.880495428505,513237.787215289,5649510.46939679
0.00541936180773467,331.880495428505,513737.787215289,5649510.46939679
0.00613573226163778,331.880495428505,514237.787215289,5649510.46939679
0.00692017701223553,331.880495428505,514737.787215289,5649510.46939679
0.00448754175704385,331.880495428505,515237.787215289,5649510.46939679
0.000481247991386341,331.880495428505,515737.787215289,5649510.46939679
0.0061415700680253,331.880495428505,516237.787215289,5649510.46939679
0.00310665296438323,331.880495428505,516737.787215289,5649510.46939679
0.00333055356678887,331.880495428505,517237.787215289,5649510.46939679
0.00190495306303827,331.880495428505,517737.787215289,5649510.46939679
0.00377081023446216,331.880495428505,518237.787215289,5649510.46939679
0.00424317028556709,331.880495428505,518737.787215289,5649510.46939679
0.00510007928150452,331.880495428505,519237.787215289,5649510.46939679
0.00373558164345858,331.880495428505,519737.787215289,5649510.46939679
0.00613278019827321,331.880495428505,520237.787215289,5649510.46939679
0.00479151315739308,331.880495428505,520737.787215289,5649510.46939679
0.0035345578725146,331.880495428505,521237.787215289,5649510.46939679
0.00580775267430408,331.880495428505,521737.787215289,5649510.46939679
0.00739923080518033,331.880495428505,522237.787215289,5649510.46939679
0.00453076571194971,331.880495428505,522737.787215289,5649510.46939679
0.00657546344303522,331.880495428505,523237.787215289,5649510.46939679
0.00329687035205179,331.880495428505,523737.787215289,5649510.46939679
0.00508410451471298,331.880495428505,524237.787215289,5649510.46939679
0.000127888502116971,331.880495428505,486737.787215289,5650010.46939679
0.000223735760714828,331.880495428505,487237.787215289,5650010.46939679
0.000197834945216106,331.880495428505,487737.787215289,5650010.46939679
0.000120572706150968,331.880495428505,488237.787215289,5650010.46939679
0.000128400245862143,331.880495428505,488737.787215289,5650010.46939679
0.000731207152941081,331.880495428505,489237.787215289,5650010.46939679
0.000225260975872059,331.880495428505,489737.787215289,5650010.46939679
0.000121327737974212,331.880495428505,490237.787215289,5650010.46939679
0.00012148079842235,331.880495428505,490737.787215289,5650010.46939679
0.000146395088297949,331.880495428505,491237.787215289,5650010.46939679
0.000121558393308309,331.880495428505,491737.787215289,5650010.46939679
0.000166190766273995,331.880495428505,492237.787215289,5650010.46939679
0.00537485630736216,331.880495428505,492737.787215289,5650010.46939679
0.00446580890262137,331.880495428505,493237.787215289,5650010.46939679
0.00781514334777744,331.880495428505,493737.787215289,5650010.46939679
0.00538589196205272,331.880495428505,494237.787215289,5650010.46939679
0.00372247302606666,331.880495428505,494737.787215289,5650010.46939679
0.00012248405916308,331.880495428505,495237.787215289,5650010.46939679
0.00576643330675083,331.880495428505,495737.787215289,5650010.46939679
0.00613573226163778,331.880495428505,496237.787215289,5650010.46939679
0.000743457385583069,331.880495428505,496737.787215289,5650010.46939679
0.000895639958896138,331.880495428505,497237.787215289,5650010.46939679
0.000895639958896138,331.880495428505,497737.787215289,5650010.46939679
0.000258792043518689,331.880495428505,498237.787215289,5650010.46939679
0.00541936180773467,331.880495428505,498737.787215289,5650010.46939679
0.000791070532374759,331.880495428505,499237.787215289,5650010.46939679
0.0060967788230281,331.880495428505,499737.787215289,5650010.46939679
0.000228577072301461,331.880495428505,500237.787215289,5650010.46939679
0.00394808551286199,331.880495428505,500737.787215289,5650010.46939679
0.00613620723158327,331.880495428505,501237.787215289,5650010.46939679
0.00137429950616305,331.880495428505,501737.787215289,5650010.46939679
0.00505902621594632,331.880495428505,502237.787215289,5650010.46939679
0.00648119215375002,331.880495428505,502737.787215289,5650010.46939679
0.00689626631857203,331.880495428505,503237.787215289,5650010.46939679
0.000156353379729722,331.880495428505,503737.787215289,5650010.46939679
0.000422530414890869,331.880495428505,504237.787215289,5650010.46939679
0.000350736202046254,331.880495428505,504737.787215289,5650010.46939679
0.000399636189579174,331.880495428505,505237.787215289,5650010.46939679
0.000166521789786727,331.880495428505,505737.787215289,5650010.46939679
0.000121845993922162,331.880495428505,506237.787215289,5650010.46939679
0.00239569184369862,331.880495428505,506737.787215289,5650010.46939679
0.000166051842299458,331.880495428505,507237.787215289,5650010.46939679
0.000187977878733795,331.880495428505,507737.787215289,5650010.46939679
0.000176520877237817,331.880495428505,508237.787215289,5650010.46939679
0.000155866240347565,331.880495428505,508737.787215289,5650010.46939679
0.000129419715771654,331.880495428505,509237.787215289,5650010.46939679
0.000188159064183223,331.880495428505,509737.787215289,5650010.46939679
0.000177021300710087,331.880495428505,510237.787215289,5650010.46939679
0.000508546521094769,331.880495428505,510737.787215289,5650010.46939679
0.0024005395438135,331.880495428505,511237.787215289,5650010.46939679
0.000612643836866157,331.880495428505,511737.787215289,5650010.46939679
0.000575769879687945,331.880495428505,512237.787215289,5650010.46939679
0.000177021300710087,331.880495428505,512737.787215289,5650010.46939679
0.0014609516655916,331.880495428505,513237.787215289,5650010.46939679
0.0014609516655916,331.880495428505,513737.787215289,5650010.46939679
0.00734006145114617,331.880495428505,514237.787215289,5650010.46939679
0.00509317993303591,331.880495428505,514737.787215289,5650010.46939679
0.00576643330675083,331.880495428505,515237.787215289,5650010.46939679
0.00422777277823324,331.880495428505,515737.787215289,5650010.46939679
0.00509317993303591,331.880495428505,516237.787215289,5650010.46939679
0.00257613860940099,331.880495428505,516737.787215289,5650010.46939679
0.00655245957952781,331.880495428505,517237.787215289,5650010.46939679
0.00377081023446216,331.880495428505,517737.787215289,5650010.46939679
0.00839925678476451,331.880495428505,518237.787215289,5650010.46939679
0.00578251231388964,331.880495428505,518737.787215289,5650010.46939679
0.00449973559094773,331.880495428505,519237.787215289,5650010.46939679
0.00273505480214703,331.880495428505,519737.787215289,5650010.46939679
0.0037311055963803,331.880495428505,520237.787215289,5650010.46939679
0.00397625815997619,331.880495428505,520737.787215289,5650010.46939679
0.00376092111281757,331.880495428505,521237.787215289,5650010.46939679
0.000621554963554568,331.880495428505,521737.787215289,5650010.46939679
0.00312188458112749,331.880495428505,522237.787215289,5650010.46939679
0.00545819423508204,331.880495428505,522737.787215289,5650010.46939679
0.003736934160782,331.880495428505,523237.787215289,5650010.46939679
0.00422243365417152,331.880495428505,523737.787215289,5650010.46939679
0.00612296930000252,331.880495428505,524237.787215289,5650010.46939679
0.000604061891250767,331.880495428505,486737.787215289,5650510.46939679
0.000287116247611838,331.880495428505,487237.787215289,5650510.46939679
0.000136449892596292,331.880495428505,487737.787215289,5650510.46939679
0.000145373119361427,331.880495428505,488237.787215289,5650510.46939679
0.000120803981394261,331.880495428505,488737.787215289,5650510.46939679
0.000128663877000449,331.880495428505,489237.787215289,5650510.46939679
0.000128933996226976,331.880495428505,489737.787215289,5650510.46939679
0.000137443402547023,331.880495428505,490237.787215289,5650510.46939679
0.000691466444624698,331.880495428505,490737.787215289,5650510.46939679
0.00418515510212144,331.880495428505,491237.787215289,5650510.46939679
0.000176520877237817,331.880495428505,491737.787215289,5650510.46939679
0.00146065882464763,331.880495428505,492237.787215289,5650510.46939679
0.00689626631857203,331.880495428505,492737.787215289,5650510.46939679
0.00371045717584667,331.880495428505,493237.787215289,5650510.46939679
0.00241812916148055,331.880495428505,493737.787215289,5650510.46939679
0.00694706727784951,331.880495428505,494237.787215289,5650510.46939679
0.0004525499158044,331.880495428505,494737.787215289,5650510.46939679
0.00329844120732608,331.880495428505,495237.787215289,5650510.46939679
0.00291310994388124,331.880495428505,495737.787215289,5650510.46939679
0.0020072529888151,331.880495428505,496237.787215289,5650510.46939679
0.00273777496968878,331.880495428505,496737.787215289,5650510.46939679
0.000698709990522266,331.880495428505,497237.787215289,5650510.46939679
0.00100759442314081,331.880495428505,497737.787215289,5650510.46939679
0.000257149070919818,331.880495428505,498237.787215289,5650510.46939679
0.000147079727283427,331.880495428505,498737.787215289,5650510.46939679
0.00289461571295274,331.880495428505,499237.787215289,5650510.46939679
0.00609458742352943,331.880495428505,499737.787215289,5650510.46939679
0.00309967387352675,331.880495428505,500237.787215289,5650510.46939679
0.00478663037283406,331.880495428505,500737.787215289,5650510.46939679
0.00012248405916308,331.880495428505,501237.787215289,5650510.46939679
0.00541936180773467,331.880495428505,501737.787215289,5650510.46939679
0.00370912350535755,331.880495428505,502237.787215289,5650510.46939679
0.00505135314061111,331.880495428505,502737.787215289,5650510.46939679
0.00121156803999598,331.880495428505,503237.787215289,5650510.46939679
0.000213102182180783,331.880495428505,503737.787215289,5650510.46939679
0.0007380494316274,331.880495428505,504237.787215289,5650510.46939679
0.00199265210926048,331.880495428505,504737.787215289,5650510.46939679
0.000200608093822253,331.880495428505,505237.787215289,5650510.46939679
0.000200535988126936,331.880495428505,505737.787215289,5650510.46939679
0.000176751561480497,331.880495428505,506237.787215289,5650510.46939679
0.000395607693587686,331.880495428505,506737.787215289,5650510.46939679
0.00369652206985784,331.880495428505,507237.787215289,5650510.46939679
0.00828441707992573,331.880495428505,507737.787215289,5650510.46939679
0.00027234397796357,331.880495428505,508237.787215289,5650510.46939679
0.00012148079842235,331.880495428505,508737.787215289,5650510.46939679
0.000129343342031108,331.880495428505,509237.787215289,5650510.46939679
0.000200016522114442,331.880495428505,509737.787215289,5650510.46939679
0.000200231833200941,331.880495428505,510237.787215289,5650510.46939679
0.000129663945965781,331.880495428505,510737.787215289,5650510.46939679
0.000176853992852066,331.880495428505,511237.787215289,5650510.46939679
0.000121859700654904,331.880495428505,511737.787215289,5650510.46939679
0.000146803864487885,331.880495428505,512237.787215289,5650510.46939679
0.000176853992852066,331.880495428505,512737.787215289,5650510.46939679
0.00100570457863624,331.880495428505,513237.787215289,5650510.46939679
0.000448747224435888,331.880495428505,513737.787215289,5650510.46939679
0.00689626631857203,331.880495428505,514237.787215289,5650510.46939679
0.00328291129366257,331.880495428505,514737.787215289,5650510.46939679
0.00613573226163778,331.880495428505,515237.787215289,5650510.46939679
0.00739169062972064,331.880495428505,515737.787215289,5650510.46939679
0.00273798690214812,331.880495428505,516237.787215289,5650510.46939679
0.00351450785602181,331.880495428505,516737.787215289,5650510.46939679
0.00741861109509348,331.880495428505,517237.787215289,5650510.46939679
0.000798833925225796,331.880495428505,517737.787215289,5650510.46939679
0.00274774591949745,331.880495428505,518237.787215289,5650510.46939679
0.00310701279337509,331.880495428505,518737.787215289,5650510.46939679
0.00509278178720819,331.880495428505,519237.787215289,5650510.46939679
0.00508651468188217,331.880495428505,519737.787215289,5650510.46939679
0.00016744847126574,331.880495428505,520237.787215289,5650510.46939679
0.000399697758580429,331.880495428505,520737.787215289,5650510.46939679
0.000312083705560503,331.880495428505,521237.787215289,5650510.46939679
0.00332181903831411,331.880495428505,521737.787215289,5650510.46939679
0.0018883642896141,331.880495428505,522237.787215289,5650510.46939679
0.00373797314371239,331.880495428505,522737.787215289,5650510.46939679
0.00509396460171674,331.880495428505,523237.787215289,5650510.46939679
0.00372751014805502,331.880495428505,523737.787215289,5650510.46939679
0.00611874918058865,331.880495428505,524237.787215289,5650510.46939679
0.00469508480520421,331.880495428505,486737.787215289,5651010.46939679
0.00499800438220723,331.880495428505,487237.787215289,5651010.46939679
0.000120672060442354,331.880495428505,487737.787215289,5651010.46939679
0.00014562694077501,331.880495428505,488237.787215289,5651010.46939679
0.00110603786185907,331.880495428505,488737.787215289,5651010.46939679
0.000537172461534076,331.880495428505,489237.787215289,5651010.46939679
0.00198207835479667,331.880495428505,489737.787215289,5651010.46939679
0.00106746685407653,331.880495428505,490237.787215289,5651010.46939679
0.000396124688872446,331.880495428505,490737.787215289,5651010.46939679
0.00537485630736216,331.880495428505,491237.787215289,5651010.46939679
0.00571907754627818,331.880495428505,491737.787215289,5651010.46939679
0.0060967788230281,331.880495428505,492237.787215289,5651010.46939679
0.00613573226163778,331.880495428505,492737.787215289,5651010.46939679
0.000895639958896138,331.880495428505,493237.787215289,5651010.46939679
0.00241812916148055,331.880495428505,493737.787215289,5651010.46939679
0.000452462992564785,331.880495428505,494237.787215289,5651010.46939679
0.000478383542222437,331.880495428505,494737.787215289,5651010.46939679
0.000166366699342667,331.880495428505,495237.787215289,5651010.46939679
0.000350409543094337,331.880495428505,495737.787215289,5651010.46939679
0.00137301954922195,331.880495428505,496237.787215289,5651010.46939679
0.000612643836866157,331.880495428505,496737.787215289,5651010.46939679
0.000508546521094769,331.880495428505,497237.787215289,5651010.46939679
0.000121859700654904,331.880495428505,497737.787215289,5651010.46939679
0.000540603877831283,331.880495428505,498237.787215289,5651010.46939679
0.000350078361084884,331.880495428505,498737.787215289,5651010.46939679
0.00137274433386038,331.880495428505,499237.787215289,5651010.46939679
0.00394808551286199,331.880495428505,499737.787215289,5651010.46939679
0.000350736202046254,331.880495428505,500237.787215289,5651010.46939679
0.000228577072301461,331.880495428505,500737.787215289,5651010.46939679
0.00944535891752339,331.880495428505,501237.787215289,5651010.46939679
0.00540239483935993,331.880495428505,501737.787215289,5651010.46939679
0.0069473355001294,331.880495428505,502237.787215289,5651010.46939679
0.00608987964164984,331.880495428505,502737.787215289,5651010.46939679
0.00504842746716644,331.880495428505,503237.787215289,5651010.46939679
0.000199964401949617,331.880495428505,503737.787215289,5651010.46939679
0.00536975924319294,331.880495428505,504237.787215289,5651010.46939679
0.00779308793398664,331.880495428505,504737.787215289,5651010.46939679
0.000737351880151822,331.880495428505,505237.787215289,5651010.46939679
0.00394023723584847,331.880495428505,505737.787215289,5651010.46939679
0.000447901980826174,331.880495428505,506237.787215289,5651010.46939679
0.000573437135700207,331.880495428505,506737.787215289,5651010.46939679
0.00777222226013191,331.880495428505,507237.787215289,5651010.46939679
0.00238915179307071,331.880495428505,507737.787215289,5651010.46939679
0.000212083208510452,331.880495428505,508237.787215289,5651010.46939679
0.000165417550255232,331.880495428505,508737.787215289,5651010.46939679
0.000146245672896236,331.880495428505,509237.787215289,5651010.46939679
0.000691151532736377,331.880495428505,509737.787215289,5651010.46939679
0.000187825781328762,331.880495428505,510237.787215289,5651010.46939679
0.000121630170247469,331.880495428505,510737.787215289,5651010.46939679
0.000476586910419873,331.880495428505,511237.787215289,5651010.46939679
0.000176520877237817,331.880495428505,511737.787215289,5651010.46939679
0.000226272922068015,331.880495428505,512237.787215289,5651010.46939679
0.000212653952061551,331.880495428505,512737.787215289,5651010.46939679
0.000146568271244191,331.880495428505,513237.787215289,5651010.46939679
0.000507950756603203,331.880495428505,513737.787215289,5651010.46939679
0.0025547762882369,331.880495428505,514237.787215289,5651010.46939679
0.000397895496613032,331.880495428505,514737.787215289,5651010.46939679
0.00477230764117305,331.880495428505,515237.787215289,5651010.46939679
0.00612963599005676,331.880495428505,515737.787215289,5651010.46939679
0.00653042968069714,331.880495428505,516237.787215289,5651010.46939679
0.00577536405572986,331.880495428505,516737.787215289,5651010.46939679
0.00514316328478898,331.880495428505,517237.787215289,5651010.46939679
0.00115934118123229,331.880495428505,517737.787215289,5651010.46939679
0.002013175582427,331.880495428505,518237.787215289,5651010.46939679
0.00374100218229015,331.880495428505,518737.787215289,5651010.46939679
0.00508944571301459,331.880495428505,519237.787215289,5651010.46939679
0.00651608459078099,331.880495428505,519737.787215289,5651010.46939679
0.00449051566441923,331.880495428505,520237.787215289,5651010.46939679
0.00422431012939831,331.880495428505,520737.787215289,5651010.46939679
0.00576413326045607,331.880495428505,521237.787215289,5651010.46939679
0.000452601070503943,331.880495428505,521737.787215289,5651010.46939679
0.00273701640330804,331.880495428505,522237.787215289,5651010.46939679
0.00576413326045607,331.880495428505,522737.787215289,5651010.46939679
0.000375275177354669,331.880495428505,523237.787215289,5651010.46939679
0.00421607073442032,331.880495428505,523737.787215289,5651010.46939679
0.00396050388946958,331.880495428505,524237.787215289,5651010.46939679
0.00163505492197252,331.880495428505,486737.787215289,5651510.46939679
0.00532450368569478,331.880495428505,487237.787215289,5651510.46939679
0.00641897050678559,331.880495428505,487737.787215289,5651510.46939679
0.000732088868709016,331.880495428505,488237.787215289,5651510.46939679
0.000211702913130879,331.880495428505,488737.787215289,5651510.46939679
0.000199149743718777,331.880495428505,489237.787215289,5651510.46939679
0.000648786903782442,331.880495428505,489737.787215289,5651510.46939679
0.000610911947229827,331.880495428505,490237.787215289,5651510.46939679
0.00537604016315286,331.880495428505,490737.787215289,5651510.46939679
0.0060911005743364,331.880495428505,491237.787215289,5651510.46939679
0.0047518121342086,331.880495428505,491737.787215289,5651510.46939679
0.00422810005212988,331.880495428505,492237.787215289,5651510.46939679
0.0044985314925798,331.880495428505,492737.787215289,5651510.46939679
0.00329818589319126,331.880495428505,493237.787215289,5651510.46939679
0.000375582788802655,331.880495428505,493737.787215289,5651510.46939679
0.00272039387405726,331.880495428505,494237.787215289,5651510.46939679
0.000166366699342667,331.880495428505,494737.787215289,5651510.46939679
0.00505246574219977,331.880495428505,495237.787215289,5651510.46939679
0.000146803864487885,331.880495428505,495737.787215289,5651510.46939679
0.000309205359503636,331.880495428505,496237.787215289,5651510.46939679
0.0028891865705594,331.880495428505,496737.787215289,5651510.46939679
0.00370349784087799,331.880495428505,497237.787215289,5651510.46939679
0.0017566713850124,331.880495428505,497737.787215289,5651510.46939679
0.000176686279317303,331.880495428505,498237.787215289,5651510.46939679
0.000121744139107142,331.880495428505,498737.787215289,5651510.46939679
0.000122044807226831,331.880495428505,499237.787215289,5651510.46939679
0.00035297711999837,331.880495428505,499737.787215289,5651510.46939679
0.00165561278572211,331.880495428505,500237.787215289,5651510.46939679
0.00309967387352675,331.880495428505,500737.787215289,5651510.46939679
0.0089057697754968,331.880495428505,501237.787215289,5651510.46939679
0.00012248405916308,331.880495428505,501737.787215289,5651510.46939679
0.00652918757091028,331.880495428505,502237.787215289,5651510.46939679
0.00537994104241084,331.880495428505,502737.787215289,5651510.46939679
0.00689126598454837,331.880495428505,503237.787215289,5651510.46939679
0.00646099915282562,331.880495428505,503737.787215289,5651510.46939679
0.00570830530416454,331.880495428505,504237.787215289,5651510.46939679
0.00347403489491213,331.880495428505,504737.787215289,5651510.46939679
0.0047428190993983,331.880495428505,505237.787215289,5651510.46939679
0.00418854415354021,331.880495428505,505737.787215289,5651510.46939679
0.000212528459761834,331.880495428505,506237.787215289,5651510.46939679
0.000212245156110151,331.880495428505,506737.787215289,5651510.46939679
0.00776489620981387,331.880495428505,507237.787215289,5651510.46939679
0.00346471090636951,331.880495428505,507737.787215289,5651510.46939679
0.000155361442021587,331.880495428505,508237.787215289,5651510.46939679
0.00012117368530961,331.880495428505,508737.787215289,5651510.46939679
0.000146134084315719,331.880495428505,509237.787215289,5651510.46939679
0.000121439507607723,331.880495428505,509737.787215289,5651510.46939679
0.000349103565910912,331.880495428505,510237.787215289,5651510.46939679
0.000212462001467924,331.880495428505,510737.787215289,5651510.46939679
0.00012930289597579,331.880495428505,511237.787215289,5651510.46939679
0.00937104491909566,331.880495428505,511737.787215289,5651510.46939679
0.000832495824475155,331.880495428505,512237.787215289,5651510.46939679
0.00012153957616063,331.880495428505,512737.787215289,5651510.46939679
0.000176617785232858,331.880495428505,513237.787215289,5651510.46939679
0.000372498385040738,331.880495428505,513737.787215289,5651510.46939679
0.00538201884857669,331.880495428505,514237.787215289,5651510.46939679
0.00650155404415579,331.880495428505,514737.787215289,5651510.46939679
0.00651024918547406,331.880495428505,515237.787215289,5651510.46939679
0.00694140714041685,331.880495428505,515737.787215289,5651510.46939679
0.00273931587257124,331.880495428505,516237.787215289,5651510.46939679
0.00108094953775394,331.880495428505,516737.787215289,5651510.46939679
0.00701497209598359,331.880495428505,517237.787215289,5651510.46939679
0.00582302381957808,331.880495428505,517737.787215289,5651510.46939679
0.00741350052610574,331.880495428505,518237.787215289,5651510.46939679
0.000843036593663786,331.880495428505,518737.787215289,5651510.46939679
0.00241572658401175,331.880495428505,519237.787215289,5651510.46939679
0.00241260278062882,331.880495428505,519737.787215289,5651510.46939679
0.00421832975338316,331.880495428505,520237.787215289,5651510.46939679
0.00290902851198373,331.880495428505,520737.787215289,5651510.46939679
0.00396901017370432,331.880495428505,521237.787215289,5651510.46939679
0.00079075499957483,331.880495428505,521737.787215289,5651510.46939679
0.00397005631756579,331.880495428505,522237.787215289,5651510.46939679
0.00122027804556484,331.880495428505,522737.787215289,5651510.46939679
0.00477992403278454,331.880495428505,523237.787215289,5651510.46939679
0.000156991390645876,331.880495428505,523737.787215289,5651510.46939679
0.00146544401703692,331.880495428505,524237.787215289,5651510.46939679
0.00099699175816747,331.880495428505,486737.787215289,5652010.46939679
0.00197541444344757,331.880495428505,487237.787215289,5652010.46939679
0.00642884938108047,331.880495428505,487737.787215289,5652010.46939679
0.0060510859522117,331.880495428505,488237.787215289,5652010.46939679
0.00417392253267361,331.880495428505,488737.787215289,5652010.46939679
0.00535441951840188,331.880495428505,489237.787215289,5652010.46939679
0.000289876313909954,331.880495428505,489737.787215289,5652010.46939679
0.00474457147933207,331.880495428505,490237.787215289,5652010.46939679
0.00419942228653938,331.880495428505,490737.787215289,5652010.46939679
0.00613573226163778,331.880495428505,491237.787215289,5652010.46939679
0.00273798690214812,331.880495428505,491737.787215289,5652010.46939679
0.00540239483935993,331.880495428505,492237.787215289,5652010.46939679
0.00187446366242548,331.880495428505,492737.787215289,5652010.46939679
0.000509020598575979,331.880495428505,493237.787215289,5652010.46939679
0.00370700143319699,331.880495428505,493737.787215289,5652010.46939679
0.000137998386139479,331.880495428505,494237.787215289,5652010.46939679
0.000226568624188257,331.880495428505,494737.787215289,5652010.46939679
0.000290206710856892,331.880495428505,495237.787215289,5652010.46939679
0.00198701905898042,331.880495428505,495737.787215289,5652010.46939679
0.00369652206985784,331.880495428505,496237.787215289,5652010.46939679
0.00155012073107914,331.880495428505,496737.787215289,5652010.46939679
0.000155911382631793,331.880495428505,497237.787215289,5652010.46939679
0.00016577283047693,331.880495428505,497737.787215289,5652010.46939679
0.000226068678406932,331.880495428505,498237.787215289,5652010.46939679
0.000129419715771654,331.880495428505,498737.787215289,5652010.46939679
0.000122044807226831,331.880495428505,499237.787215289,5652010.46939679
0.00576643330675083,331.880495428505,499737.787215289,5652010.46939679
0.00213580323669455,331.880495428505,500237.787215289,5652010.46939679
0.00101403212879564,331.880495428505,500737.787215289,5652010.46939679
0.000481440022453187,331.880495428505,501237.787215289,5652010.46939679
0.00449905255308241,331.880495428505,501737.787215289,5652010.46939679
0.00422777277823324,331.880495428505,502237.787215289,5652010.46939679
0.00576643330675083,331.880495428505,502737.787215289,5652010.46939679
0.00609458742352943,331.880495428505,503237.787215289,5652010.46939679
0.00646287039998921,331.880495428505,503737.787215289,5652010.46939679
0.00535814409615886,331.880495428505,504237.787215289,5652010.46939679
0.00730570924890305,331.880495428505,504737.787215289,5652010.46939679
0.00100290418855598,331.880495428505,505237.787215289,5652010.46939679
0.00731057456913259,331.880495428505,505737.787215289,5652010.46939679
0.000420134344726948,331.880495428505,506237.787215289,5652010.46939679
0.0112644938280662,331.880495428505,506737.787215289,5652010.46939679
0.00471718802794616,331.880495428505,507237.787215289,5652010.46939679
0.00684426194335675,331.880495428505,507737.787215289,5652010.46939679
0.000881944354839691,331.880495428505,508237.787215289,5652010.46939679
0.000120989900202464,331.880495428505,508737.787215289,5652010.46939679
0.00416643809548022,331.880495428505,509237.787215289,5652010.46939679
0.00644149261643663,331.880495428505,509737.787215289,5652010.46939679
0.00325617603846017,331.880495428505,510237.787215289,5652010.46939679
0.00535033398163544,331.880495428505,510737.787215289,5652010.46939679
0.00644552465321787,331.880495428505,511237.787215289,5652010.46939679
0.00605877892542031,331.880495428505,511737.787215289,5652010.46939679
0.000735180202705543,331.880495428505,512237.787215289,5652010.46939679
0.000137765314053488,331.880495428505,512737.787215289,5652010.46939679
0.000241135852777603,331.880495428505,513237.787215289,5652010.46939679
0.000612458442780534,331.880495428505,513737.787215289,5652010.46939679
0.00690146876334961,331.880495428505,514237.787215289,5652010.46939679
0.00692017701223553,331.880495428505,514737.787215289,5652010.46939679
0.00612008743967202,331.880495428505,515237.787215289,5652010.46939679
0.00449599319648328,331.880495428505,515737.787215289,5652010.46939679
0.00614093132292767,331.880495428505,516237.787215289,5652010.46939679
0.0054315638070364,331.880495428505,516737.787215289,5652010.46939679
0.00377081023446216,331.880495428505,517237.787215289,5652010.46939679
0.00139665340346461,331.880495428505,517737.787215289,5652010.46939679
0.0048007537875838,331.880495428505,518237.787215289,5652010.46939679
0.00614523496143786,331.880495428505,518737.787215289,5652010.46939679
0.00652043731082527,331.880495428505,519237.787215289,5652010.46939679
0.00477390710059978,331.880495428505,519737.787215289,5652010.46939679
0.0065068683254148,331.880495428505,520237.787215289,5652010.46939679
0.00651097117425686,331.880495428505,520737.787215289,5652010.46939679
0.00508100678941586,331.880495428505,521237.787215289,5652010.46939679
0.00396623060640069,331.880495428505,521737.787215289,5652010.46939679
0.00508258558874008,331.880495428505,522237.787215289,5652010.46939679
0.00540583403933565,331.880495428505,522737.787215289,5652010.46939679
0.000189223699738105,331.880495428505,523237.787215289,5652010.46939679
0.000242189074239385,331.880495428505,523737.787215289,5652010.46939679
0.000351137010789455,331.880495428505,524237.787215289,5652010.46939679
0.0004742081956195,331.880495428505,486737.787215289,5652510.46939679
0.00368178944971807,331.880495428505,487237.787215289,5652510.46939679
0.00186083697257476,331.880495428505,487737.787215289,5652510.46939679
0.00270396017138348,331.880495428505,488237.787215289,5652510.46939679
0.00392842759927031,331.880495428505,488737.787215289,5652510.46939679
0.000420821667603255,331.880495428505,489237.787215289,5652510.46939679
0.00121026523001373,331.880495428505,489737.787215289,5652510.46939679
0.00137274433386038,331.880495428505,490237.787215289,5652510.46939679
0.00350941119288431,331.880495428505,490737.787215289,5652510.46939679
0.00138308015788072,331.880495428505,491237.787215289,5652510.46939679
0.000375582788802655,331.880495428505,491737.787215289,5652510.46939679
0.00348713127133153,331.880495428505,492237.787215289,5652510.46939679
0.00047784219819111,331.880495428505,492737.787215289,5652510.46939679
0.00446158813981582,331.880495428505,493237.787215289,5652510.46939679
0.000226568624188257,331.880495428505,493737.787215289,5652510.46939679
0.000146607792062479,331.880495428505,494237.787215289,5652510.46939679
0.000155866240347565,331.880495428505,494737.787215289,5652510.46939679
0.000165692661100407,331.880495428505,495237.787215289,5652510.46939679
0.000212283305487305,331.880495428505,495737.787215289,5652510.46939679
0.000121418174159505,331.880495428505,496237.787215289,5652510.46939679
0.000121418174159505,331.880495428505,496737.787215289,5652510.46939679
0.000121418174159505,331.880495428505,497237.787215289,5652510.46939679
0.000176115953823758,331.880495428505,497737.787215289,5652510.46939679
0.000271964731810412,331.880495428505,498237.787215289,5652510.46939679
0.00687164914534797,331.880495428505,498737.787215289,5652510.46939679
0.00419397653502801,331.880495428505,499237.787215289,5652510.46939679
0.00572776490422742,331.880495428505,499737.787215289,5652510.46939679
0.00648723405380053,331.880495428505,500237.787215289,5652510.46939679
0.00505902621594632,331.880495428505,500737.787215289,5652510.46939679
0.00538495633362344,331.880495428505,501237.787215289,5652510.46939679
0.000373198356027133,331.880495428505,501737.787215289,5652510.46939679
0.00734476358745596,331.880495428505,502237.787215289,5652510.46939679
0.00257299309983062,331.880495428505,502737.787215289,5652510.46939679
0.00538495633362344,331.880495428505,503237.787215289,5652510.46939679
0.0068857580150156,331.880495428505,503737.787215289,5652510.46939679
0.00646099915282562,331.880495428505,504237.787215289,5652510.46939679
0.00606220543063064,331.880495428505,504737.787215289,5652510.46939679
0.000940860713816605,331.880495428505,505237.787215289,5652510.46939679
0.00685831456883951,331.880495428505,505737.787215289,5652510.46939679
0.00605245739083648,331.880495428505,506237.787215289,5652510.46939679
0.00643861488026967,331.880495428505,506737.787215289,5652510.46939679
0.00685096227418117,331.880495428505,507237.787215289,5652510.46939679
0.00164320464310518,331.880495428505,507737.787215289,5652510.46939679
0.000883284038875135,331.880495428505,508237.787215289,5652510.46939679
0.000145977424711274,331.880495428505,508737.787215289,5652510.46939679
0.00994274585081256,331.880495428505,509237.787215289,5652510.46939679
0.00643396691009545,331.880495428505,509737.787215289,5652510.46939679
0.00416643809548022,331.880495428505,510237.787215289,5652510.46939679
0.00472270564598033,331.880495428505,510737.787215289,5652510.46939679
0.00502930211518302,331.880495428505,511237.787215289,5652510.46939679
0.00535632288542026,331.880495428505,511737.787215289,5652510.46939679
0.000610911947229827,331.880495428505,512237.787215289,5652510.46939679
0.000256548723069968,331.880495428505,512737.787215289,5652510.46939679
0.000256883990766447,331.880495428505,513237.787215289,5652510.46939679
0.0069008450355883,331.880495428505,513737.787215289,5652510.46939679
0.0050650599661215,331.880495428505,514237.787215289,5652510.46939679
0.00650568994400515,331.880495428505,514737.787215289,5652510.46939679
0.000697221091342131,331.880495428505,515237.787215289,5652510.46939679
0.00652817182011767,331.880495428505,515737.787215289,5652510.46939679
0.00653666356121132,331.880495428505,516237.787215289,5652510.46939679
0.00351772022425675,331.880495428505,516737.787215289,5652510.46939679
0.00701497209598359,331.880495428505,517237.787215289,5652510.46939679
0.00547254623692716,331.880495428505,517737.787215289,5652510.46939679
0.000353812843657588,331.880495428505,518237.787215289,5652510.46939679
0.00509940639599225,331.880495428505,518737.787215289,5652510.46939679
0.00785368976138418,331.880495428505,519237.787215289,5652510.46939679
0.00349950276659546,331.880495428505,519737.787215289,5652510.46939679
0.0057401301681545,331.880495428505,520237.787215289,5652510.46939679
0.00349528802965343,331.880495428505,520737.787215289,5652510.46939679
0.000740747926668966,331.880495428505,521237.787215289,5652510.46939679
0.00137870299098712,331.880495428505,521737.787215289,5652510.46939679
0.00448323226625569,331.880495428505,522237.787215289,5652510.46939679
0.00539824981640629,331.880495428505,522737.787215289,5652510.46939679
0.000177600780607263,331.880495428505,523237.787215289,5652510.46939679
0.000138374663504599,331.880495428505,523737.787215289,5652510.46939679
0.000180238496845156,331.880495428505,524237.787215289,5652510.46939679
0.000165235209498151,331.880495428505,486737.787215289,5653010.46939679
0.000187204494090998,331.880495428505,487237.787215289,5653010.46939679
0.00128327865326591,331.880495428505,487737.787215289,5653010.46939679
0.00392569685261745,331.880495428505,488237.787215289,5653010.46939679
0.00136833018316148,331.880495428505,488737.787215289,5653010.46939679
0.00393541727745494,331.880495428505,489237.787215289,5653010.46939679
0.00288886159595376,331.880495428505,489737.787215289,5653010.46939679
0.00225734676064893,331.880495428505,490237.787215289,5653010.46939679
0.0020072529888151,331.880495428505,490737.787215289,5653010.46939679
0.00478663037283406,331.880495428505,491237.787215289,5653010.46939679
0.000895639958896138,331.880495428505,491737.787215289,5653010.46939679
0.00348587787212818,331.880495428505,492237.787215289,5653010.46939679
0.000226749858131767,331.880495428505,492737.787215289,5653010.46939679
0.000540091214329627,331.880495428505,493237.787215289,5653010.46939679
0.000272739678325061,331.880495428505,493737.787215289,5653010.46939679
0.000146484924930267,331.880495428505,494237.787215289,5653010.46939679
0.00013753900929547,331.880495428505,494737.787215289,5653010.46939679
0.000212245156110151,331.880495428505,495237.787215289,5653010.46939679
0.000165451144889633,331.880495428505,495737.787215289,5653010.46939679
0.000121303726113161,331.880495428505,496237.787215289,5653010.46939679
0.000176047111519657,331.880495428505,496737.787215289,5653010.46939679
0.000176047111519657,331.880495428505,497237.787215289,5653010.46939679
0.000187204494090998,331.880495428505,497737.787215289,5653010.46939679
0.000137338530287298,331.880495428505,498237.787215289,5653010.46939679
0.000225995040360906,331.880495428505,498737.787215289,5653010.46939679
0.00571576513614977,331.880495428505,499237.787215289,5653010.46939679
0.00505511835635013,331.880495428505,499737.787215289,5653010.46939679
0.00537994104241084,331.880495428505,500237.787215289,5653010.46939679
0.00419617843051247,331.880495428505,500737.787215289,5653010.46939679
0.00505902621594632,331.880495428505,501237.787215289,5653010.46939679
0.00572448792236691,331.880495428505,501737.787215289,5653010.46939679
0.0060911005743364,331.880495428505,502237.787215289,5653010.46939679
0.00227258621174987,331.880495428505,502737.787215289,5653010.46939679
0.00541936180773467,331.880495428505,503237.787215289,5653010.46939679
0.00474678708476162,331.880495428505,503737.787215289,5653010.46939679
0.000691666708483681,331.880495428505,504237.787215289,5653010.46939679
0.000609954305846327,331.880495428505,504737.787215289,5653010.46939679
0.00569835597669976,331.880495428505,505237.787215289,5653010.46939679
0.000121351161302126,331.880495428505,505737.787215289,5653010.46939679
0.00198168608349216,331.880495428505,506237.787215289,5653010.46939679
0.00605757983805475,331.880495428505,506737.787215289,5653010.46939679
0.00685831456883951,331.880495428505,507237.787215289,5653010.46939679
0.00729754073652851,331.880495428505,507737.787215289,5653010.46939679
0.000831011589396614,331.880495428505,508237.787215289,5653010.46939679
0.00100111613685252,331.880495428505,508737.787215289,5653010.46939679
0.00535033398163544,331.880495428505,509237.787215289,5653010.46939679
0.00605245739083648,331.880495428505,509737.787215289,5653010.46939679
0.00472059577771647,331.880495428505,510237.787215289,5653010.46939679
0.00502830677062628,331.880495428505,510737.787215289,5653010.46939679
0.00730311316828436,331.880495428505,511237.787215289,5653010.46939679
0.0060664223500236,331.880495428505,511737.787215289,5653010.46939679
0.00732021807196336,331.880495428505,512237.787215289,5653010.46939679
0.000166227894135066,331.880495428505,512737.787215289,5653010.46939679
0.000576046180815794,331.880495428505,513237.787215289,5653010.46939679
0.00240340019485502,331.880495428505,513737.787215289,5653010.46939679
0.00539192065766242,331.880495428505,514237.787215289,5653010.46939679
0.00272926910018532,331.880495428505,514737.787215289,5653010.46939679
0.00693339336751014,331.880495428505,515237.787215289,5653010.46939679
0.005093574198511,331.880495428505,515737.787215289,5653010.46939679
0.0033029757971206,331.880495428505,516237.787215289,5653010.46939679
0.000956208605743986,331.880495428505,516737.787215289,5653010.46939679
0.00202695172978174,331.880495428505,517237.787215289,5653010.46939679
0.00746423106175972,331.880495428505,517737.787215289,5653010.46939679
0.00291966897550935,331.880495428505,518237.787215289,5653010.46939679
0.000617655821258517,331.880495428505,518737.787215289,5653010.46939679
0.00575699422333044,331.880495428505,519237.787215289,5653010.46939679
0.00692601128120291,331.880495428505,519737.787215289,5653010.46939679
0.00447608468919913,331.880495428505,520237.787215289,5653010.46939679
0.000397757247305132,331.880495428505,520737.787215289,5653010.46939679
0.00539612195222704,331.880495428505,521237.787215289,5653010.46939679
0.00448100674312937,331.880495428505,521737.787215289,5653010.46939679
0.0024083977190864,331.880495428505,522237.787215289,5653010.46939679
0.000166821298747414,331.880495428505,522737.787215289,5653010.46939679
0.000227502387037156,331.880495428505,523237.787215289,5653010.46939679
0.000129973874642396,331.880495428505,523737.787215289,5653010.46939679
0.000138177572864442,331.880495428505,524237.787215289,5653010.46939679
0.000137392235802744,331.880495428505,486737.787215289,5653510.46939679
0.000146297659706275,331.880495428505,487237.787215289,5653510.46939679
0.000573623984005036,331.880495428505,487737.787215289,5653510.46939679
0.000349317796381731,331.880495428505,488237.787215289,5653510.46939679
0.000476972840571925,331.880495428505,488737.787215289,5653510.46939679
0.00107034849010003,331.880495428505,489237.787215289,5653510.46939679
0.00225734676064893,331.880495428505,489737.787215289,5653510.46939679
0.00129983499087372,331.880495428505,490237.787215289,5653510.46939679
0.00509317993303591,331.880495428505,490737.787215289,5653510.46939679
0.00422777277823324,331.880495428505,491237.787215289,5653510.46939679
0.00509317993303591,331.880495428505,491737.787215289,5653510.46939679
0.000166190766273995,331.880495428505,492237.787215289,5653510.46939679
0.00014664600497544,331.880495428505,492737.787215289,5653510.46939679
0.000121520381630067,331.880495428505,493237.787215289,5653510.46939679
0.000146347402575513,331.880495428505,493737.787215289,5653510.46939679
0.000121396354131271,331.880495428505,494237.787215289,5653510.46939679
0.000129046157245484,331.880495428505,494737.787215289,5653510.46939679
0.000146010509529466,331.880495428505,495237.787215289,5653510.46939679
0.000137092262754511,331.880495428505,495737.787215289,5653510.46939679
0.00012108621126656,331.880495428505,496237.787215289,5653510.46939679
0.000939632767484148,331.880495428505,496737.787215289,5653510.46939679
0.000121227843836434,331.880495428505,497237.787215289,5653510.46939679
0.000690337080948404,331.880495428505,497737.787215289,5653510.46939679
0.00198457883660153,331.880495428505,498237.787215289,5653510.46939679
0.00128577372362349,331.880495428505,498737.787215289,5653510.46939679
0.00646287039998921,331.880495428505,499237.787215289,5653510.46939679
0.00536907667615762,331.880495428505,499737.787215289,5653510.46939679
0.004457357142791,331.880495428505,500237.787215289,5653510.46939679
0.00608181915583092,331.880495428505,500737.787215289,5653510.46939679
0.00446108630208023,331.880495428505,501237.787215289,5653510.46939679
0.00394023723584847,331.880495428505,501737.787215289,5653510.46939679
0.0053830207884852,331.880495428505,502237.787215289,5653510.46939679
0.00576643330675083,331.880495428505,502737.787215289,5653510.46939679
0.00478663037283406,331.880495428505,503237.787215289,5653510.46939679
0.00608987964164984,331.880495428505,503737.787215289,5653510.46939679
0.00607880007754598,331.880495428505,504237.787215289,5653510.46939679
0.0060738815747746,331.880495428505,504737.787215289,5653510.46939679
0.007317179369608,331.880495428505,505237.787215289,5653510.46939679
0.0050380832748487,331.880495428505,505737.787215289,5653510.46939679
0.00418137740131463,331.880495428505,506237.787215289,5653510.46939679
0.00687056391793719,331.880495428505,506737.787215289,5653510.46939679
0.0057031527425445,331.880495428505,507237.787215289,5653510.46939679
0.00369318543021965,331.880495428505,507737.787215289,5653510.46939679
0.00535988998961268,331.880495428505,508237.787215289,5653510.46939679
0.00535988998961268,331.880495428505,508737.787215289,5653510.46939679
0.00606839902830604,331.880495428505,509237.787215289,5653510.46939679
0.00645160589843478,331.880495428505,509737.787215289,5653510.46939679
0.000831336552141274,331.880495428505,510237.787215289,5653510.46939679
0.00569935719075195,331.880495428505,510737.787215289,5653510.46939679
0.0060693575512226,331.880495428505,511237.787215289,5653510.46939679
0.00369652206985784,331.880495428505,511737.787215289,5653510.46939679
0.000448487316288238,331.880495428505,512237.787215289,5653510.46939679
0.000693695745812733,331.880495428505,512737.787215289,5653510.46939679
0.000890552937447158,331.880495428505,513237.787215289,5653510.46939679
0.00735534741188045,331.880495428505,513737.787215289,5653510.46939679
0.00574209042914209,331.880495428505,514237.787215289,5653510.46939679
0.00421876370793412,331.880495428505,514737.787215289,5653510.46939679
0.00575993414349936,331.880495428505,515237.787215289,5653510.46939679
0.00509604652935103,331.880495428505,515737.787215289,5653510.46939679
0.00838410316219098,331.880495428505,516237.787215289,5653510.46939679
0.00655245957952781,331.880495428505,516737.787215289,5653510.46939679
0.00582302381957808,331.880495428505,517237.787215289,5653510.46939679
0.00697019156536064,331.880495428505,517737.787215289,5653510.46939679
0.00156877327611986,331.880495428505,518237.787215289,5653510.46939679
0.00478932443374865,331.880495428505,518737.787215289,5653510.46939679
0.00309306869834451,331.880495428505,519237.787215289,5653510.46939679
0.00476977316579571,331.880495428505,519737.787215289,5653510.46939679
0.00610233570179502,331.880495428505,520237.787215289,5653510.46939679
0.00146269263791366,331.880495428505,520737.787215289,5653510.46939679
0.00538901322359606,331.880495428505,521237.787215289,5653510.46939679
0.00539069890144657,331.880495428505,521737.787215289,5653510.46939679
0.00649314681104759,331.880495428505,522237.787215289,5653510.46939679
0.000257237465852181,331.880495428505,522737.787215289,5653510.46939679
0.000147117851513219,331.880495428505,523237.787215289,5653510.46939679
0.000177055903839718,331.880495428505,523737.787215289,5653510.46939679
0.000121912651966045,331.880495428505,524237.787215289,5653510.46939679
0.000225918225593146,331.880495428505,486737.787215289,5654010.46939679
0.000506731194188299,331.880495428505,487237.787215289,5654010.46939679
0.000155911382631793,331.880495428505,487737.787215289,5654010.46939679
0.000155996976243899,331.880495428505,488237.787215289,5654010.46939679
0.000166190766273995,331.880495428505,488737.787215289,5654010.46939679
0.000273308007464573,331.880495428505,489237.787215289,5654010.46939679
0.00420093225124313,331.880495428505,489737.787215289,5654010.46939679
0.000452462992564785,331.880495428505,490237.787215289,5654010.46939679
0.000291140895638491,331.880495428505,490737.787215289,5654010.46939679
0.00397331055564527,331.880495428505,491237.787215289,5654010.46939679
0.00227258621174987,331.880495428505,491737.787215289,5654010.46939679
0.000200231833200941,331.880495428505,492237.787215289,5654010.46939679
0.000137708126169167,331.880495428505,492737.787215289,5654010.46939679
0.000199506345947111,331.880495428505,493237.787215289,5654010.46939679
0.000176149135303809,331.880495428505,493737.787215289,5654010.46939679
0.00012248405916308,331.880495428505,494237.787215289,5654010.46939679
0.000165273776885209,331.880495428505,494737.787215289,5654010.46939679
0.00012108621126656,331.880495428505,495237.787215289,5654010.46939679
0.000155046565828646,331.880495428505,495737.787215289,5654010.46939679
0.000120955506132354,331.880495428505,496237.787215289,5654010.46939679
0.000155395661352392,331.880495428505,496737.787215289,5654010.46939679
0.000394700204227663,331.880495428505,497237.787215289,5654010.46939679
0.00606436039847275,331.880495428505,497737.787215289,5654010.46939679
0.00570665253233898,331.880495428505,498237.787215289,5654010.46939679
0.00646287039998921,331.880495428505,498737.787215289,5654010.46939679
0.00607957287123053,331.880495428505,499237.787215289,5654010.46939679
0.00288644670766728,331.880495428505,499737.787215289,5654010.46939679
0.00537485630736216,331.880495428505,500237.787215289,5654010.46939679
0.00537485630736216,331.880495428505,500737.787215289,5654010.46939679
0.00537485630736216,331.880495428505,501237.787215289,5654010.46939679
0.00394361781625682,331.880495428505,501737.787215289,5654010.46939679
0.00420093225124313,331.880495428505,502237.787215289,5654010.46939679
0.00257299309983062,331.880495428505,502737.787215289,5654010.46939679
0.00177289844507365,331.880495428505,503237.787215289,5654010.46939679
0.00446580890262137,331.880495428505,503737.787215289,5654010.46939679
0.00419258134802297,331.880495428505,504237.787215289,5654010.46939679
0.00504656285978745,331.880495428505,504737.787215289,5654010.46939679
0.00688321480026442,331.880495428505,505237.787215289,5654010.46939679
0.0039332579626526,331.880495428505,505737.787215289,5654010.46939679
0.00570830530416454,331.880495428505,506237.787215289,5654010.46939679
0.00271017707996162,331.880495428505,506737.787215289,5654010.46939679
0.00239375343203476,331.880495428505,507237.787215289,5654010.46939679
0.0060738815747746,331.880495428505,507737.787215289,5654010.46939679
0.00687677118706528,331.880495428505,508237.787215289,5654010.46939679
0.0060738815747746,331.880495428505,508737.787215289,5654010.46939679
0.0060738815747746,331.880495428505,509237.787215289,5654010.46939679
0.00535988998961268,331.880495428505,509737.787215289,5654010.46939679
0.00417859461866662,331.880495428505,510237.787215289,5654010.46939679
0.00392907423660933,331.880495428505,510737.787215289,5654010.46939679
0.00607301034540916,331.880495428505,511237.787215289,5654010.46939679
0.00779006687074902,331.880495428505,511737.787215289,5654010.46939679
0.000834726486277987,331.880495428505,512237.787215289,5654010.46939679
0.00121340842861777,331.880495428505,512737.787215289,5654010.46939679
0.00395259724328283,331.880495428505,513237.787215289,5654010.46939679
0.00212664426920456,331.880495428505,513737.787215289,5654010.46939679
0.00611337117572591,331.880495428505,514237.787215289,5654010.46939679
0.00477902364014509,331.880495428505,514737.787215289,5654010.46939679
0.00613201312214776,331.880495428505,515237.787215289,5654010.46939679
0.00837586899118967,331.880495428505,515737.787215289,5654010.46939679
0.00614882429159727,331.880495428505,516237.787215289,5654010.46939679
0.000701254685511243,331.880495428505,516737.787215289,5654010.46939679
0.00202695172978174,331.880495428505,517237.787215289,5654010.46939679
0.00374518197865644,331.880495428505,517737.787215289,5654010.46939679
0.00542670301029979,331.880495428505,518237.787215289,5654010.46939679
0.00166663678016785,331.880495428505,518737.787215289,5654010.46939679
0.00290645233631036,331.880495428505,519237.787215289,5654010.46939679
0.00650488902843194,331.880495428505,519737.787215289,5654010.46939679
0.00734970758909798,331.880495428505,520237.787215289,5654010.46939679
0.00609458742352943,331.880495428505,520737.787215289,5654010.46939679
0.00394843039115639,331.880495428505,521237.787215289,5654010.46939679
0.00609887458930782,331.880495428505,521737.787215289,5654010.46939679
0.0044711306732714,331.880495428505,522237.787215289,5654010.46939679
0.000785765791620285,331.880495428505,522737.787215289,5654010.46939679
0.000329477041756316,331.880495428505,523237.787215289,5654010.46939679
0.000146883067393821,331.880495428505,523737.787215289,5654010.46939679
0.00113851781185647,331.880495428505,524237.787215289,5654010.46939679
0.000176686279317303,331.880495428505,486737.787215289,5654510.46939679
0.000121859700654904,331.880495428505,487237.787215289,5654510.46939679
0.000121974982674647,331.880495428505,487737.787215289,5654510.46939679
0.000121974982674647,331.880495428505,488237.787215289,5654510.46939679
0.000188630027592608,331.880495428505,488737.787215289,5654510.46939679
0.000177760119279003,331.880495428505,489237.787215289,5654510.46939679
0.00138308015788072,331.880495428505,489737.787215289,5654510.46939679
0.00137429950616305,331.880495428505,490237.787215289,5654510.46939679
0.00289191980608746,331.880495428505,490737.787215289,5654510.46939679
0.00107897365945509,331.880495428505,491237.787215289,5654510.46939679
0.000617132898870704,331.880495428505,491737.787215289,5654510.46939679
0.000188159064183223,331.880495428505,492237.787215289,5654510.46939679
0.000199854683954643,331.880495428505,492737.787215289,5654510.46939679
0.000255546316637838,331.880495428505,493237.787215289,5654510.46939679
0.000155361442021587,331.880495428505,493737.787215289,5654510.46939679
0.000165154467437474,331.880495428505,494237.787215289,5654510.46939679
0.000211279757524808,331.880495428505,494737.787215289,5654510.46939679
0.000175436157847311,331.880495428505,495237.787215289,5654510.46939679
0.00012108621126656,331.880495428505,495737.787215289,5654510.46939679
0.000155361442021587,331.880495428505,496237.787215289,5654510.46939679
0.00326092921982344,331.880495428505,496737.787215289,5654510.46939679
0.00418515510212144,331.880495428505,497237.787215289,5654510.46939679
0.00938710660178636,331.880495428505,497737.787215289,5654510.46939679
0.00608668404863446,331.880495428505,498237.787215289,5654510.46939679
0.00733792302534245,331.880495428505,498737.787215289,5654510.46939679
0.00506084526402012,331.880495428505,499237.787215289,5654510.46939679
0.00371045717584667,331.880495428505,499737.787215289,5654510.46939679
0.00541936180773467,331.880495428505,500237.787215289,5654510.46939679
0.00478663037283406,331.880495428505,500737.787215289,5654510.46939679
0.00694679774522002,331.880495428505,501237.787215289,5654510.46939679
0.00576643330675083,331.880495428505,501737.787215289,5654510.46939679
0.00613573226163778,331.880495428505,502237.787215289,5654510.46939679
0.00509317993303591,331.880495428505,502737.787215289,5654510.46939679
0.000452462992564785,331.880495428505,503237.787215289,5654510.46939679
0.00613573226163778,331.880495428505,503737.787215289,5654510.46939679
0.00648723405380053,331.880495428505,504237.787215289,5654510.46939679
0.00348713127133153,331.880495428505,504737.787215289,5654510.46939679
0.00538495633362344,331.880495428505,505237.787215289,5654510.46939679
0.00648119215375002,331.880495428505,505737.787215289,5654510.46939679
0.00572448792236691,331.880495428505,506237.787215289,5654510.46939679
0.00537994104241084,331.880495428505,506737.787215289,5654510.46939679
0.00419701970352703,331.880495428505,507237.787215289,5654510.46939679
0.0006934884974207,331.880495428505,507737.787215289,5654510.46939679
0.0024005395438135,331.880495428505,508237.787215289,5654510.46939679
0.0060911005743364,331.880495428505,508737.787215289,5654510.46939679
0.00608987964164984,331.880495428505,509237.787215289,5654510.46939679
0.00647506659500474,331.880495428505,509737.787215289,5654510.46939679
0.00307130304706698,331.880495428505,510237.787215289,5654510.46939679
0.00571365405147662,331.880495428505,510737.787215289,5654510.46939679
0.00211753810793396,331.880495428505,511237.787215289,5654510.46939679
0.00733417325689149,331.880495428505,511737.787215289,5654510.46939679
0.00505902621594632,331.880495428505,512237.787215289,5654510.46939679
0.0050650599661215,331.880495428505,512737.787215289,5654510.46939679
0.00539893609220292,331.880495428505,513237.787215289,5654510.46939679
0.00575047240753995,331.880495428505,513737.787215289,5654510.46939679
0.00449051566441923,331.880495428505,514237.787215289,5654510.46939679
0.00652634451889999,331.880495428505,514737.787215289,5654510.46939679
0.00739795391680376,331.880495428505,515237.787215289,5654510.46939679
0.00696324527935909,331.880495428505,515737.787215289,5654510.46939679
0.00655066796969409,331.880495428505,516237.787215289,5654510.46939679
0.00483360531438,331.880495428505,516737.787215289,5654510.46939679
0.00543761188209366,331.880495428505,517237.787215289,5654510.46939679
0.00654413976845427,331.880495428505,517737.787215289,5654510.46939679
0.00227386529227442,331.880495428505,518237.787215289,5654510.46939679
0.00257099649801908,331.880495428505,518737.787215289,5654510.46939679
0.00834180376130393,331.880495428505,519237.787215289,5654510.46939679
0.00308596193162886,331.880495428505,519737.787215289,5654510.46939679
0.00690269515925906,331.880495428505,520237.787215289,5654510.46939679
0.00689417941764949,331.880495428505,520737.787215289,5654510.46939679
0.00199054487625193,331.880495428505,521237.787215289,5654510.46939679
0.00327146292137994,331.880495428505,521737.787215289,5654510.46939679
0.00505191333734115,331.880495428505,522237.787215289,5654510.46939679
0.00307280457070621,331.880495428505,522737.787215289,5654510.46939679
0.00065088599596761,331.880495428505,523237.787215289,5654510.46939679
0.00369855141929244,331.880495428505,523737.787215289,5654510.46939679
0.0060738815747746,331.880495428505,524237.787215289,5654510.46939679
0.000372498385040738,331.880495428505,486737.787215289,5655010.46939679
0.000241446638209723,331.880495428505,487237.787215289,5655010.46939679
0.000122099355101223,331.880495428505,487737.787215289,5655010.46939679
0.000166699370181559,331.880495428505,488237.787215289,5655010.46939679
0.00012248405916308,331.880495428505,488737.787215289,5655010.46939679
0.00328785991427915,331.880495428505,489237.787215289,5655010.46939679
0.00137429950616305,331.880495428505,489737.787215289,5655010.46939679
0.00780786469641447,331.880495428505,490237.787215289,5655010.46939679
0.00648490231078247,331.880495428505,490737.787215289,5655010.46939679
0.000275365829448481,331.880495428505,491237.787215289,5655010.46939679
0.000122868737295654,331.880495428505,491737.787215289,5655010.46939679
0.00015611513359763,331.880495428505,492237.787215289,5655010.46939679
0.000212653952061551,331.880495428505,492737.787215289,5655010.46939679
0.000137443402547023,331.880495428505,493237.787215289,5655010.46939679
0.000155492930892159,331.880495428505,493737.787215289,5655010.46939679
0.00012117368530961,331.880495428505,494237.787215289,5655010.46939679
0.00014562694077501,331.880495428505,494737.787215289,5655010.46939679
0.000145756019572254,331.880495428505,495237.787215289,5655010.46939679
0.000608619159990436,331.880495428505,495737.787215289,5655010.46939679
0.00569298474036371,331.880495428505,496237.787215289,5655010.46939679
0.00880977301698286,331.880495428505,496737.787215289,5655010.46939679
0.00369951543642603,331.880495428505,497237.787215289,5655010.46939679
0.00608465922507677,331.880495428505,497737.787215289,5655010.46939679
0.00537994104241084,331.880495428505,498237.787215289,5655010.46939679
0.0060967788230281,331.880495428505,498737.787215289,5655010.46939679
0.00576643330675083,331.880495428505,499237.787215289,5655010.46939679
0.00509317993303591,331.880495428505,499737.787215289,5655010.46939679
0.00422777277823324,331.880495428505,500237.787215289,5655010.46939679
0.00613573226163778,331.880495428505,500737.787215289,5655010.46939679
0.00576643330675083,331.880495428505,501237.787215289,5655010.46939679
0.00291310994388124,331.880495428505,501737.787215289,5655010.46939679
0.00350941119288431,331.880495428505,502237.787215289,5655010.46939679
0.00273777496968878,331.880495428505,502737.787215289,5655010.46939679
0.00613573226163778,331.880495428505,503237.787215289,5655010.46939679
0.00350941119288431,331.880495428505,503737.787215289,5655010.46939679
0.00101403212879564,331.880495428505,504237.787215289,5655010.46939679
0.00509317993303591,331.880495428505,504737.787215289,5655010.46939679
0.00652868218252498,331.880495428505,505237.787215289,5655010.46939679
0.00572982440723679,331.880495428505,505737.787215289,5655010.46939679
0.00734476358745596,331.880495428505,506237.787215289,5655010.46939679
0.00734476358745596,331.880495428505,506737.787215289,5655010.46939679
0.00538495633362344,331.880495428505,507237.787215289,5655010.46939679
0.00572776490422742,331.880495428505,507737.787215289,5655010.46939679
0.00572982440723679,331.880495428505,508237.787215289,5655010.46939679
0.00572982440723679,331.880495428505,508737.787215289,5655010.46939679
0.0053830207884852,331.880495428505,509237.787215289,5655010.46939679
0.00446580890262137,331.880495428505,509737.787215289,5655010.46939679
0.00505135314061111,331.880495428505,510237.787215289,5655010.46939679
0.00474678708476162,331.880495428505,510737.787215289,5655010.46939679
0.00419397653502801,331.880495428505,511237.787215289,5655010.46939679
0.0011397230709504,331.880495428505,511737.787215289,5655010.46939679
0.0057313096230881,331.880495428505,512237.787215289,5655010.46939679
0.00476203682553716,331.880495428505,512737.787215289,5655010.46939679
0.00574716630176083,331.880495428505,513237.787215289,5655010.46939679
0.00693128158879971,331.880495428505,513737.787215289,5655010.46939679
0.00575915105568548,331.880495428505,514237.787215289,5655010.46939679
0.00188629248727533,331.880495428505,514737.787215289,5655010.46939679
0.00130142405203521,331.880495428505,515237.787215289,5655010.46939679
0.005434473047657,331.880495428505,515737.787215289,5655010.46939679
0.00453076571194971,331.880495428505,516237.787215289,5655010.46939679
0.000962351841313615,331.880495428505,516737.787215289,5655010.46939679
0.00510738165395179,331.880495428505,517237.787215289,5655010.46939679
0.00398058670926841,331.880495428505,517737.787215289,5655010.46939679
0.00130018291089911,331.880495428505,518237.787215289,5655010.46939679
0.00541397729942059,331.880495428505,518737.787215289,5655010.46939679
0.00650488902843194,331.880495428505,519237.787215289,5655010.46939679
0.00395434718286876,331.880495428505,519737.787215289,5655010.46939679
0.00831341874312759,331.880495428505,520237.787215289,5655010.46939679
0.00474887875908848,331.880495428505,520737.787215289,5655010.46939679
0.00647053199251983,331.880495428505,521237.787215289,5655010.46939679
0.00165155040835846,331.880495428505,521737.787215289,5655010.46939679
0.00537174326538516,331.880495428505,522237.787215289,5655010.46939679
0.00504592137526388,331.880495428505,522737.787215289,5655010.46939679
0.00646641844383806,331.880495428505,523237.787215289,5655010.46939679
0.00570748651256535,331.880495428505,523737.787215289,5655010.46939679
0.0057040535736492,331.880495428505,524237.787215289,5655010.46939679
0.00475624187078986,331.880495428505,486737.787215289,5655510.46939679
0.00373416396758188,331.880495428505,487237.787215289,5655510.46939679
0.000481440022453187,331.880495428505,487737.787215289,5655510.46939679
0.00012248405916308,331.880495428505,488237.787215289,5655510.46939679
0.00310026935580765,331.880495428505,488737.787215289,5655510.46939679
0.00538495633362344,331.880495428505,489237.787215289,5655510.46939679
0.00475085965564019,331.880495428505,489737.787215289,5655510.46939679
0.000212931856390217,331.880495428505,490237.787215289,5655510.46939679
0.000227125923102996,331.880495428505,490737.787215289,5655510.46939679
0.000201889815743638,331.880495428505,491237.787215289,5655510.46939679
0.000200608093822253,331.880495428505,491737.787215289,5655510.46939679
0.000121950533358555,331.880495428505,492237.787215289,5655510.46939679
0.00013788808842232,331.880495428505,492737.787215289,5655510.46939679
0.000187771398610433,331.880495428505,493237.787215289,5655510.46939679
0.000129260777745737,331.880495428505,493737.787215289,5655510.46939679
0.000121327737974212,331.880495428505,494237.787215289,5655510.46939679
0.000239687335901053,331.880495428505,494737.787215289,5655510.46939679
0.000446322112284891,331.880495428505,495237.787215289,5655510.46939679
0.000271912236893792,331.880495428505,495737.787215289,5655510.46939679
0.00013753900929547,331.880495428505,496237.787215289,5655510.46939679
0.00445679055406467,331.880495428505,496737.787215289,5655510.46939679
0.00572033721959473,331.880495428505,497237.787215289,5655510.46939679
0.00475453230802668,331.880495428505,497737.787215289,5655510.46939679
0.00373416396758188,331.880495428505,498237.787215289,5655510.46939679
0.00694679774522002,331.880495428505,498737.787215289,5655510.46939679
0.00227258621174987,331.880495428505,499237.787215289,5655510.46939679
0.00213580323669455,331.880495428505,499737.787215289,5655510.46939679
0.00327724696100919,331.880495428505,500237.787215289,5655510.46939679
0.00146231359465229,331.880495428505,500737.787215289,5655510.46939679
0.00227258621174987,331.880495428505,501237.787215289,5655510.46939679
0.00420093225124313,331.880495428505,501737.787215289,5655510.46939679
0.00240277737593558,331.880495428505,502237.787215289,5655510.46939679
0.00538495633362344,331.880495428505,502737.787215289,5655510.46939679
0.000228577072301461,331.880495428505,503237.787215289,5655510.46939679
0.00371045717584667,331.880495428505,503737.787215289,5655510.46939679
0.00291310994388124,331.880495428505,504237.787215289,5655510.46939679
0.00509317993303591,331.880495428505,504737.787215289,5655510.46939679
0.00576643330675083,331.880495428505,505237.787215289,5655510.46939679
0.00227258621174987,331.880495428505,505737.787215289,5655510.46939679
0.000214819419536881,331.880495428505,506237.787215289,5655510.46939679
0.000167585728057069,331.880495428505,506737.787215289,5655510.46939679
0.00309967387352675,331.880495428505,507237.787215289,5655510.46939679
0.000228577072301461,331.880495428505,507737.787215289,5655510.46939679
0.000545080247935029,331.880495428505,508237.787215289,5655510.46939679
0.000952999314875876,331.880495428505,508737.787215289,5655510.46939679
0.000895639958896138,331.880495428505,509237.787215289,5655510.46939679
0.00478663037283406,331.880495428505,509737.787215289,5655510.46939679
0.00690269515925906,331.880495428505,510237.787215289,5655510.46939679
0.00609458742352943,331.880495428505,510737.787215289,5655510.46939679
0.0025557391878227,331.880495428505,511237.787215289,5655510.46939679
0.00187494953824755,331.880495428505,511737.787215289,5655510.46939679
0.0053927160704332,331.880495428505,512237.787215289,5655510.46939679
0.00137769214775414,331.880495428505,512737.787215289,5655510.46939679
0.00290520725956309,331.880495428505,513237.787215289,5655510.46939679
0.00693706488842809,331.880495428505,513737.787215289,5655510.46939679
0.00509176874507816,331.880495428505,514237.787215289,5655510.46939679
0.00423208547882482,331.880495428505,514737.787215289,5655510.46939679
0.00896854523508382,331.880495428505,515237.787215289,5655510.46939679
0.00617969784019223,331.880495428505,515737.787215289,5655510.46939679
0.00102398361789457,331.880495428505,516237.787215289,5655510.46939679
0.00655245957952781,331.880495428505,516737.787215289,5655510.46939679
0.0013026084949833,331.880495428505,517237.787215289,5655510.46939679
0.00576862253396863,331.880495428505,517737.787215289,5655510.46939679
0.00541607689215322,331.880495428505,518237.787215289,5655510.46939679
0.00612539399029369,331.880495428505,518737.787215289,5655510.46939679
0.0061102369182995,331.880495428505,519237.787215289,5655510.46939679
0.00065308170947232,331.880495428505,519737.787215289,5655510.46939679
0.00327419468966905,331.880495428505,520237.787215289,5655510.46939679
0.00100547669586528,331.880495428505,520737.787215289,5655510.46939679
0.00536696031134987,331.880495428505,521237.787215289,5655510.46939679
0.00570830530416454,331.880495428505,521737.787215289,5655510.46939679
0.00570748651256535,331.880495428505,522237.787215289,5655510.46939679
0.00113583049805129,331.880495428505,522737.787215289,5655510.46939679
0.00535988998961268,331.880495428505,523237.787215289,5655510.46939679
0.00100240896156055,331.880495428505,523737.787215289,5655510.46939679
0.00368941604976383,331.880495428505,524237.787215289,5655510.46939679
0.00836877777750377,331.880495428505,486737.787215289,5656010.46939679
0.00129983499087372,331.880495428505,487237.787215289,5656010.46939679
0.00241812916148055,331.880495428505,487737.787215289,5656010.46939679
0.00576643330675083,331.880495428505,488237.787215289,5656010.46939679
0.000449590476514138,331.880495428505,488737.787215289,5656010.46939679
0.000309497874733589,331.880495428505,489237.787215289,5656010.46939679
0.0002266744265091,331.880495428505,489737.787215289,5656010.46939679
0.000188001776232589,331.880495428505,490237.787215289,5656010.46939679
0.000273617636164414,331.880495428505,490737.787215289,5656010.46939679
0.000243215804672341,331.880495428505,491237.787215289,5656010.46939679
0.000130737604211784,331.880495428505,491737.787215289,5656010.46939679
0.000129860907294352,331.880495428505,492237.787215289,5656010.46939679
0.000129692505503841,331.880495428505,492737.787215289,5656010.46939679
0.00347594210136633,331.880495428505,493237.787215289,5656010.46939679
0.000176416707949553,331.880495428505,493737.787215289,5656010.46939679
0.000146245672896236,331.880495428505,494237.787215289,5656010.46939679
0.000155326238356591,331.880495428505,494737.787215289,5656010.46939679
0.000271858422993036,331.880495428505,495237.787215289,5656010.46939679
0.00106604390461296,331.880495428505,495737.787215289,5656010.46939679
0.000782634094119771,331.880495428505,496237.787215289,5656010.46939679
0.00419062442308982,331.880495428505,496737.787215289,5656010.46939679
0.00348318519557102,331.880495428505,497237.787215289,5656010.46939679
0.00572982440723679,331.880495428505,497737.787215289,5656010.46939679
0.00122160020435013,331.880495428505,498237.787215289,5656010.46939679
0.00273777496968878,331.880495428505,498737.787215289,5656010.46939679
0.00538495633362344,331.880495428505,499237.787215289,5656010.46939679
0.00506084526402012,331.880495428505,499737.787215289,5656010.46939679
0.0053830207884852,331.880495428505,500237.787215289,5656010.46939679
0.00419942228653938,331.880495428505,500737.787215289,5656010.46939679
0.00212224383144098,331.880495428505,501237.787215289,5656010.46939679
0.0007380494316274,331.880495428505,501737.787215289,5656010.46939679
0.00505902621594632,331.880495428505,502237.787215289,5656010.46939679
0.00187271787647068,331.880495428505,502737.787215289,5656010.46939679
0.00420093225124313,331.880495428505,503237.787215289,5656010.46939679
0.00505902621594632,331.880495428505,503737.787215289,5656010.46939679
0.00327724696100919,331.880495428505,504237.787215289,5656010.46939679
0.00307999521891899,331.880495428505,504737.787215289,5656010.46939679
0.00107897365945509,331.880495428505,505237.787215289,5656010.46939679
0.00257299309983062,331.880495428505,505737.787215289,5656010.46939679
0.0020072529888151,331.880495428505,506237.787215289,5656010.46939679
0.00329818589319126,331.880495428505,506737.787215289,5656010.46939679
0.000952999314875876,331.880495428505,507237.787215289,5656010.46939679
0.00576643330675083,331.880495428505,507737.787215289,5656010.46939679
0.000311765677111332,331.880495428505,508237.787215289,5656010.46939679
0.00138308015788072,331.880495428505,508737.787215289,5656010.46939679
0.000275365829448481,331.880495428505,509237.787215289,5656010.46939679
0.000258792043518689,331.880495428505,509737.787215289,5656010.46939679
0.000258792043518689,331.880495428505,510237.787215289,5656010.46939679
0.000694274145612288,331.880495428505,510737.787215289,5656010.46939679
0.00100785559959275,331.880495428505,511237.787215289,5656010.46939679
0.00272265943429067,331.880495428505,511737.787215289,5656010.46939679
0.00539612195222704,331.880495428505,512237.787215289,5656010.46939679
0.0061152313422976,331.880495428505,512737.787215289,5656010.46939679
0.0061220276764438,331.880495428505,513237.787215289,5656010.46939679
0.0042228175152939,331.880495428505,513737.787215289,5656010.46939679
0.00694786798713065,331.880495428505,514237.787215289,5656010.46939679
0.00657546344303522,331.880495428505,514737.787215289,5656010.46939679
0.00275739249134089,331.880495428505,515237.787215289,5656010.46939679
0.00617969784019223,331.880495428505,515737.787215289,5656010.46939679
0.00701497209598359,331.880495428505,516237.787215289,5656010.46939679
0.00543909907072312,331.880495428505,516737.787215289,5656010.46939679
0.00510250685553645,331.880495428505,517237.787215289,5656010.46939679
0.00241794013064928,331.880495428505,517737.787215289,5656010.46939679
0.0065213239128522,331.880495428505,518237.787215289,5656010.46939679
0.0061226574711556,331.880495428505,518737.787215289,5656010.46939679
0.00574092449463497,331.880495428505,519237.787215289,5656010.46939679
0.00146329792596902,331.880495428505,519737.787215289,5656010.46939679
0.0032732038752772,331.880495428505,520237.787215289,5656010.46939679
0.00137092738723956,331.880495428505,520737.787215289,5656010.46939679
0.0028837446060122,331.880495428505,521237.787215289,5656010.46939679
0.00211269868856657,331.880495428505,521737.787215289,5656010.46939679
0.00270773075768878,331.880495428505,522237.787215289,5656010.46939679
0.00392842759927031,331.880495428505,522737.787215289,5656010.46939679
0.00164680938974125,331.880495428505,523237.787215289,5656010.46939679
0.000781447066668418,331.880495428505,523737.787215289,5656010.46939679
0.000240165432395282,331.880495428505,524237.787215289,5656010.46939679
0.000139110415971059,331.880495428505,486737.787215289,5656510.46939679
0.000228577072301461,331.880495428505,487237.787215289,5656510.46939679
0.000122044807226831,331.880495428505,487737.787215289,5656510.46939679
0.000188358253357823,331.880495428505,488237.787215289,5656510.46939679
0.000129692505503841,331.880495428505,488737.787215289,5656510.46939679
0.000121789121212078,331.880495428505,489237.787215289,5656510.46939679
0.000137708126169167,331.880495428505,489737.787215289,5656510.46939679
0.00016598747075373,331.880495428505,490237.787215289,5656510.46939679
0.000121950533358555,331.880495428505,490737.787215289,5656510.46939679
0.000213455612461494,331.880495428505,491237.787215289,5656510.46939679
0.000167585728057069,331.880495428505,491737.787215289,5656510.46939679
0.000157499037245543,331.880495428505,492237.787215289,5656510.46939679
0.000156442884187789,331.880495428505,492737.787215289,5656510.46939679
0.00029065883753149,331.880495428505,493237.787215289,5656510.46939679
0.000176663820167014,331.880495428505,493737.787215289,5656510.46939679
0.000832756229873768,331.880495428505,494237.787215289,5656510.46939679
0.00472659724871414,331.880495428505,494737.787215289,5656510.46939679
0.000308243937471546,331.880495428505,495237.787215289,5656510.46939679
0.00211427346786482,331.880495428505,495737.787215289,5656510.46939679
0.00607880007754598,331.880495428505,496237.787215289,5656510.46939679
0.00572448792236691,331.880495428505,496737.787215289,5656510.46939679
0.00187446366242548,331.880495428505,497237.787215289,5656510.46939679
0.00166619079960157,331.880495428505,497737.787215289,5656510.46939679
0.00107897365945509,331.880495428505,498237.787215289,5656510.46939679
0.00475624187078986,331.880495428505,498737.787215289,5656510.46939679
0.00505511835635013,331.880495428505,499237.787215289,5656510.46939679
0.00255186287279917,331.880495428505,499737.787215289,5656510.46939679
0.00307387259173686,331.880495428505,500237.787215289,5656510.46939679
0.00571843426661284,331.880495428505,500737.787215289,5656510.46939679
0.00474732106162749,331.880495428505,501237.787215289,5656510.46939679
0.00175732044111612,331.880495428505,501737.787215289,5656510.46939679
0.00474678708476162,331.880495428505,502237.787215289,5656510.46939679
0.00537174326538516,331.880495428505,502737.787215289,5656510.46939679
0.00107011278905993,331.880495428505,503237.787215289,5656510.46939679
0.00113851781185647,331.880495428505,503737.787215289,5656510.46939679
0.0028891865705594,331.880495428505,504237.787215289,5656510.46939679
0.00446158813981582,331.880495428505,504737.787215289,5656510.46939679
0.00155451520730667,331.880495428505,505237.787215289,5656510.46939679
0.00505613183438236,331.880495428505,505737.787215289,5656510.46939679
0.00419701970352703,331.880495428505,506237.787215289,5656510.46939679
0.00327419468966905,331.880495428505,506737.787215289,5656510.46939679
0.00690021408471945,331.880495428505,507237.787215289,5656510.46939679
0.0044985314925798,331.880495428505,507737.787215289,5656510.46939679
0.0020072529888151,331.880495428505,508237.787215289,5656510.46939679
0.00420093225124313,331.880495428505,508737.787215289,5656510.46939679
0.00165561278572211,331.880495428505,509237.787215289,5656510.46939679
0.000375582788802655,331.880495428505,509737.787215289,5656510.46939679
0.0020072529888151,331.880495428505,510237.787215289,5656510.46939679
0.0020072529888151,331.880495428505,510737.787215289,5656510.46939679
0.00373416396758188,331.880495428505,511237.787215289,5656510.46939679
0.00147165658453118,331.880495428505,511737.787215289,5656510.46939679
0.000275365829448481,331.880495428505,512237.787215289,5656510.46939679
0.00114807423230327,331.880495428505,512737.787215289,5656510.46939679
0.00188422890731693,331.880495428505,513237.787215289,5656510.46939679
0.00107897365945509,331.880495428505,513737.787215289,5656510.46939679
0.00213738768441952,331.880495428505,514237.787215289,5656510.46939679
0.00189995723683745,331.880495428505,514737.787215289,5656510.46939679
0.00545819423508204,331.880495428505,515237.787215289,5656510.46939679
0.00376092111281757,331.880495428505,515737.787215289,5656510.46939679
0.00659275323878131,331.880495428505,516237.787215289,5656510.46939679
0.00543909907072312,331.880495428505,516737.787215289,5656510.46939679
0.00696162037442298,331.880495428505,517237.787215289,5656510.46939679
0.000895879690153892,331.880495428505,517737.787215289,5656510.46939679
0.00738434647720548,331.880495428505,518237.787215289,5656510.46939679
0.00888438750181615,331.880495428505,518737.787215289,5656510.46939679
0.00137617885499668,331.880495428505,519237.787215289,5656510.46939679
0.00538495633362344,331.880495428505,519737.787215289,5656510.46939679
0.00225392302038493,331.880495428505,520237.787215289,5656510.46939679
0.00239538229245313,331.880495428505,520737.787215289,5656510.46939679
0.00607029722865906,331.880495428505,521237.787215289,5656510.46939679
0.00535343463642364,331.880495428505,521737.787215289,5656510.46939679
0.00472750975758575,331.880495428505,522237.787215289,5656510.46939679
0.00325682059282877,331.880495428505,522737.787215289,5656510.46939679
0.00472470227286815,331.880495428505,523237.787215289,5656510.46939679
0.00186124683357444,331.880495428505,523737.787215289,5656510.46939679
0.000288958913362288,331.880495428505,524237.787215289,5656510.46939679
0.000121974982674647,331.880495428505,486737.787215289,5657010.46939679
0.000121974982674647,331.880495428505,487237.787215289,5657010.46939679
0.000166190766273995,331.880495428505,487737.787215289,5657010.46939679
0.000121744139107142,331.880495428505,488237.787215289,5657010.46939679
0.000146607792062479,331.880495428505,488737.787215289,5657010.46939679
0.000121594953680062,331.880495428505,489237.787215289,5657010.46939679
0.000137492260362218,331.880495428505,489737.787215289,5657010.46939679
0.00015581937551051,331.880495428505,490237.787215289,5657010.46939679
0.000129588846412674,331.880495428505,490737.787215289,5657010.46939679
0.000146836199232319,331.880495428505,491237.787215289,5657010.46939679
0.000121974982674647,331.880495428505,491737.787215289,5657010.46939679
0.000148019446648975,331.880495428505,492237.787215289,5657010.46939679
0.000425230039242503,331.880495428505,492737.787215289,5657010.46939679
0.000241584854285017,331.880495428505,493237.787215289,5657010.46939679
0.000200275935889768,331.880495428505,493737.787215289,5657010.46939679
0.000240959055783179,331.880495428505,494237.787215289,5657010.46939679
0.00145503258865737,331.880495428505,494737.787215289,5657010.46939679
0.00445318445805691,331.880495428505,495237.787215289,5657010.46939679
0.00647433828197898,331.880495428505,495737.787215289,5657010.46939679
0.00572033721959473,331.880495428505,496237.787215289,5657010.46939679
0.00478663037283406,331.880495428505,496737.787215289,5657010.46939679
0.00576643330675083,331.880495428505,497237.787215289,5657010.46939679
0.000243215804672341,331.880495428505,497737.787215289,5657010.46939679
0.00572776490422742,331.880495428505,498237.787215289,5657010.46939679
0.000835004262533175,331.880495428505,498737.787215289,5657010.46939679
0.00474221622470223,331.880495428505,499237.787215289,5657010.46939679
0.00239375343203476,331.880495428505,499737.787215289,5657010.46939679
0.00128673212334852,331.880495428505,500237.787215289,5657010.46939679
0.00536473242759301,331.880495428505,500737.787215289,5657010.46939679
0.00570830530416454,331.880495428505,501237.787215289,5657010.46939679
0.00504037879506743,331.880495428505,501737.787215289,5657010.46939679
0.00369652206985784,331.880495428505,502237.787215289,5657010.46939679
0.00536317913320255,331.880495428505,502737.787215289,5657010.46939679
0.0039332579626526,331.880495428505,503237.787215289,5657010.46939679
0.00688233985311932,331.880495428505,503737.787215289,5657010.46939679
0.00155287130482017,331.880495428505,504237.787215289,5657010.46939679
0.00239879896434607,331.880495428505,504737.787215289,5657010.46939679
0.00348388352376614,331.880495428505,505237.787215289,5657010.46939679
0.00505613183438236,331.880495428505,505737.787215289,5657010.46939679
0.00255427699251637,331.880495428505,506237.787215289,5657010.46939679
0.00327606900170382,331.880495428505,506737.787215289,5657010.46939679
0.00289461571295274,331.880495428505,507237.787215289,5657010.46939679
0.0044985314925798,331.880495428505,507737.787215289,5657010.46939679
0.00371045717584667,331.880495428505,508237.787215289,5657010.46939679
0.0037058796457901,331.880495428505,508737.787215289,5657010.46939679
0.000121998825659194,331.880495428505,509237.787215289,5657010.46939679
0.00289436002157301,331.880495428505,509737.787215289,5657010.46939679
0.00308256025729582,331.880495428505,510237.787215289,5657010.46939679
0.00114315094424513,331.880495428505,510737.787215289,5657010.46939679
0.00736475232437139,331.880495428505,511237.787215289,5657010.46939679
0.00309967387352675,331.880495428505,511737.787215289,5657010.46939679
0.000274793039866561,331.880495428505,512237.787215289,5657010.46939679
0.000743457385583069,331.880495428505,512737.787215289,5657010.46939679
0.00200756223148383,331.880495428505,513237.787215289,5657010.46939679
0.00542338216660459,331.880495428505,513737.787215289,5657010.46939679
0.00545819423508204,331.880495428505,514237.787215289,5657010.46939679
0.00167812988679816,331.880495428505,514737.787215289,5657010.46939679
0.00332181903831411,331.880495428505,515237.787215289,5657010.46939679
0.00202163595651892,331.880495428505,515737.787215289,5657010.46939679
0.0029237194619604,331.880495428505,516237.787215289,5657010.46939679
0.00401230375473467,331.880495428505,516737.787215289,5657010.46939679
0.0065468866291622,331.880495428505,517237.787215289,5657010.46939679
0.00166748571721393,331.880495428505,517737.787215289,5657010.46939679
0.00129904710322822,331.880495428505,518237.787215289,5657010.46939679
0.00737742779715386,331.880495428505,518737.787215289,5657010.46939679
0.00649980143106233,331.880495428505,519237.787215289,5657010.46939679
0.00573368134026677,331.880495428505,519737.787215289,5657010.46939679
0.0015540447905521,331.880495428505,520237.787215289,5657010.46939679
0.0068857580150156,331.880495428505,520737.787215289,5657010.46939679
0.00570830530416454,331.880495428505,521237.787215289,5657010.46939679
0.000648420193724255,331.880495428505,521737.787215289,5657010.46939679
0.00605245739083648,331.880495428505,522237.787215289,5657010.46939679
0.00534335109575904,331.880495428505,522737.787215289,5657010.46939679
0.00604821873770194,331.880495428505,523237.787215289,5657010.46939679
0.00728971757979844,331.880495428505,523737.787215289,5657010.46939679
0.000239967694275427,331.880495428505,524237.787215289,5657010.46939679
0.000137967997566555,331.880495428505,486737.787215289,5657510.46939679
0.000121859700654904,331.880495428505,487237.787215289,5657510.46939679
0.00014664600497544,331.880495428505,487737.787215289,5657510.46939679
0.00106809716434434,331.880495428505,488237.787215289,5657510.46939679
0.00012248405916308,331.880495428505,488737.787215289,5657510.46939679
0.000147556026534349,331.880495428505,489237.787215289,5657510.46939679
0.000138674888299699,331.880495428505,489737.787215289,5657510.46939679
0.000129260777745737,331.880495428505,490237.787215289,5657510.46939679
0.00100436135148985,331.880495428505,490737.787215289,5657510.46939679
0.000574892540502519,331.880495428505,491237.787215289,5657510.46939679
0.000156240011265069,331.880495428505,491737.787215289,5657510.46939679
0.000178318399525408,331.880495428505,492237.787215289,5657510.46939679
0.000201889815743638,331.880495428505,492737.787215289,5657510.46939679
0.000350736202046254,331.880495428505,493237.787215289,5657510.46939679
0.000138070837194168,331.880495428505,493737.787215289,5657510.46939679
0.00065088599596761,331.880495428505,494237.787215289,5657510.46939679
0.00687271303614673,331.880495428505,494737.787215289,5657510.46939679
0.00100462313548077,331.880495428505,495237.787215289,5657510.46939679
0.00689488399416927,331.880495428505,495737.787215289,5657510.46939679
0.00733792302534245,331.880495428505,496237.787215289,5657510.46939679
0.00652868218252498,331.880495428505,496737.787215289,5657510.46939679
0.00478663037283406,331.880495428505,497237.787215289,5657510.46939679
0.00446997202113325,331.880495428505,497737.787215289,5657510.46939679
0.00475085965564019,331.880495428505,498237.787215289,5657510.46939679
0.00537174326538516,331.880495428505,498737.787215289,5657510.46939679
0.00136913814507703,331.880495428505,499237.787215289,5657510.46939679
0.00136811836668029,331.880495428505,499737.787215289,5657510.46939679
0.0032619917584331,331.880495428505,500237.787215289,5657510.46939679
0.00503728761925686,331.880495428505,500737.787215289,5657510.46939679
0.00198522549020719,331.880495428505,501237.787215289,5657510.46939679
0.000573437135700207,331.880495428505,501737.787215289,5657510.46939679
0.000420821667603255,331.880495428505,502237.787215289,5657510.46939679
0.00473837918394647,331.880495428505,502737.787215289,5657510.46939679
0.00646287039998921,331.880495428505,503237.787215289,5657510.46939679
0.00128901533362967,331.880495428505,503737.787215289,5657510.46939679
0.0064798930290267,331.880495428505,504237.787215289,5657510.46939679
0.00446580890262137,331.880495428505,504737.787215289,5657510.46939679
0.00137429950616305,331.880495428505,505237.787215289,5657510.46939679
0.00137429950616305,331.880495428505,505737.787215289,5657510.46939679
0.0060967788230281,331.880495428505,506237.787215289,5657510.46939679
0.00506084526402012,331.880495428505,506737.787215289,5657510.46939679
0.0044985314925798,331.880495428505,507237.787215289,5657510.46939679
0.000214819419536881,331.880495428505,507737.787215289,5657510.46939679
0.000698709990522266,331.880495428505,508237.787215289,5657510.46939679
0.00419864064943507,331.880495428505,508737.787215289,5657510.46939679
0.000478341284955815,331.880495428505,509237.787215289,5657510.46939679
0.00371235011030509,331.880495428505,509737.787215289,5657510.46939679
0.00649658217582085,331.880495428505,510237.787215289,5657510.46939679
0.00887117615804687,331.880495428505,510737.787215289,5657510.46939679
0.00574917877267139,331.880495428505,511237.787215289,5657510.46939679
0.00448777961052213,331.880495428505,511737.787215289,5657510.46939679
0.00372893219252998,331.880495428505,512237.787215289,5657510.46939679
0.00694679774522002,331.880495428505,512737.787215289,5657510.46939679
0.00739717416266071,331.880495428505,513237.787215289,5657510.46939679
0.00614199124894448,331.880495428505,513737.787215289,5657510.46939679
0.00332181903831411,331.880495428505,514237.787215289,5657510.46939679
0.00084259160362705,331.880495428505,514737.787215289,5657510.46939679
0.00450312039090687,331.880495428505,515237.787215289,5657510.46939679
0.00102129817420216,331.880495428505,515737.787215289,5657510.46939679
0.000483193422331889,331.880495428505,516237.787215289,5657510.46939679
0.00746423106175972,331.880495428505,516737.787215289,5657510.46939679
0.000354018613047676,331.880495428505,517237.787215289,5657510.46939679
0.00200895381780635,331.880495428505,517737.787215289,5657510.46939679
0.001665594202384,331.880495428505,518237.787215289,5657510.46939679
0.00651799537276444,331.880495428505,518737.787215289,5657510.46939679
0.00691793224293542,331.880495428505,519237.787215289,5657510.46939679
0.00506585199200429,331.880495428505,519737.787215289,5657510.46939679
0.00446580890262137,331.880495428505,520237.787215289,5657510.46939679
0.000448593584242609,331.880495428505,520737.787215289,5657510.46939679
0.00536623065001821,331.880495428505,521237.787215289,5657510.46939679
0.00569521095233252,331.880495428505,521737.787215289,5657510.46939679
0.00643861488026967,331.880495428505,522237.787215289,5657510.46939679
0.00643396691009545,331.880495428505,522737.787215289,5657510.46939679
0.00643396691009545,331.880495428505,523237.787215289,5657510.46939679
0.00368429477086901,331.880495428505,523737.787215289,5657510.46939679
0.00224363968789972,331.880495428505,524237.787215289,5657510.46939679
0.00111189093645789,331.880495428505,486737.787215289,5658010.46939679
0.000121630170247469,331.880495428505,487237.787215289,5658010.46939679
0.00111106276410684,331.880495428505,487737.787215289,5658010.46939679
0.00111969682330388,331.880495428505,488237.787215289,5658010.46939679
0.000176149135303809,331.880495428505,488737.787215289,5658010.46939679
0.000155492930892159,331.880495428505,489237.787215289,5658010.46939679
0.000155289992272863,331.880495428505,489737.787215289,5658010.46939679
0.000255546316637838,331.880495428505,490237.787215289,5658010.46939679
0.000129260777745737,331.880495428505,490737.787215289,5658010.46939679
0.000506962077966566,331.880495428505,491237.787215289,5658010.46939679
0.000138674888299699,331.880495428505,491737.787215289,5658010.46939679
0.000122044807226831,331.880495428505,492237.787215289,5658010.46939679
0.000147079727283427,331.880495428505,492737.787215289,5658010.46939679
0.00422777277823324,331.880495428505,493237.787215289,5658010.46939679
0.00137429950616305,331.880495428505,493737.787215289,5658010.46939679
0.00211872991477965,331.880495428505,494237.787215289,5658010.46939679
0.00571365405147662,331.880495428505,494737.787215289,5658010.46939679
0.00572033721959473,331.880495428505,495237.787215289,5658010.46939679
0.00506084526402012,331.880495428505,495737.787215289,5658010.46939679
0.00350941119288431,331.880495428505,496237.787215289,5658010.46939679
0.000791070532374759,331.880495428505,496737.787215289,5658010.46939679
0.00475624187078986,331.880495428505,497237.787215289,5658010.46939679
0.00475085965564019,331.880495428505,497737.787215289,5658010.46939679
0.00571576513614977,331.880495428505,498237.787215289,5658010.46939679
0.00473837918394647,331.880495428505,498737.787215289,5658010.46939679
0.000648786903782442,331.880495428505,499237.787215289,5658010.46939679
0.00032763475882191,331.880495428505,499737.787215289,5658010.46939679
0.00776489620981387,331.880495428505,500237.787215289,5658010.46939679
0.00535033398163544,331.880495428505,500737.787215289,5658010.46939679
0.000255868699914718,331.880495428505,501237.787215289,5658010.46939679
0.000121630170247469,331.880495428505,501737.787215289,5658010.46939679
0.000212931856390217,331.880495428505,502237.787215289,5658010.46939679
0.000273104438816173,331.880495428505,502737.787215289,5658010.46939679
0.00370349784087799,331.880495428505,503237.787215289,5658010.46939679
0.00100723225781091,331.880495428505,503737.787215289,5658010.46939679
0.00225815842323014,331.880495428505,504237.787215289,5658010.46939679
0.00397331055564527,331.880495428505,504737.787215289,5658010.46939679
0.000375582788802655,331.880495428505,505237.787215289,5658010.46939679
0.00291310994388124,331.880495428505,505737.787215289,5658010.46939679
0.00350941119288431,331.880495428505,506237.787215289,5658010.46939679
0.00122160020435013,331.880495428505,506737.787215289,5658010.46939679
0.000656655862625873,331.880495428505,507237.787215289,5658010.46939679
0.00373416396758188,331.880495428505,507737.787215289,5658010.46939679
0.00129146874120862,331.880495428505,508237.787215289,5658010.46939679
0.00289679644325636,331.880495428505,508737.787215289,5658010.46939679
0.000397582872158688,331.880495428505,509237.787215289,5658010.46939679
0.00735745814014446,331.880495428505,509737.787215289,5658010.46939679
0.00272779741221168,331.880495428505,510237.787215289,5658010.46939679
0.00290520725956309,331.880495428505,510737.787215289,5658010.46939679
0.00612479914367925,331.880495428505,511237.787215289,5658010.46939679
0.00508721034879159,331.880495428505,511737.787215289,5658010.46939679
0.00836645900640674,331.880495428505,512237.787215289,5658010.46939679
0.0047901813392687,331.880495428505,512737.787215289,5658010.46939679
0.00744465577571682,331.880495428505,513237.787215289,5658010.46939679
0.0051296751047431,331.880495428505,513737.787215289,5658010.46939679
0.000584144661302522,331.880495428505,514237.787215289,5658010.46939679
0.0051296751047431,331.880495428505,514737.787215289,5658010.46939679
0.00293398382797756,331.880495428505,515237.787215289,5658010.46939679
0.00614696836561226,331.880495428505,515737.787215289,5658010.46939679
0.00292170535584005,331.880495428505,516237.787215289,5658010.46939679
0.00619594699348082,331.880495428505,516737.787215289,5658010.46939679
0.00480274968048178,331.880495428505,517237.787215289,5658010.46939679
0.00542723226235973,331.880495428505,517737.787215289,5658010.46939679
0.00576797677775795,331.880495428505,518237.787215289,5658010.46939679
0.00156434986510391,331.880495428505,518737.787215289,5658010.46939679
0.000654343299723156,331.880495428505,519237.787215289,5658010.46939679
0.0069136428449421,331.880495428505,519737.787215289,5658010.46939679
0.00505902621594632,331.880495428505,520237.787215289,5658010.46939679
0.0034813574349358,331.880495428505,520737.787215289,5658010.46939679
0.00137006979279895,331.880495428505,521237.787215289,5658010.46939679
0.00535538193268445,331.880495428505,521737.787215289,5658010.46939679
0.00605508732347312,331.880495428505,522237.787215289,5658010.46939679
0.00502174417239385,331.880495428505,522737.787215289,5658010.46939679
0.00417131151028533,331.880495428505,523237.787215289,5658010.46939679
0.00569733192664168,331.880495428505,523737.787215289,5658010.46939679
0.00326038100997272,331.880495428505,524237.787215289,5658010.46939679
0.0011108872959272,331.880495428505,486737.787215289,5658510.46939679
0.000121520381630067,331.880495428505,487237.787215289,5658510.46939679
0.000121439507607723,331.880495428505,487737.787215289,5658510.46939679
0.000138674888299699,331.880495428505,488237.787215289,5658510.46939679
0.000187283638876729,331.880495428505,488737.787215289,5658510.46939679
0.000289024403989572,331.880495428505,489237.787215289,5658510.46939679
0.000225203239601047,331.880495428505,489737.787215289,5658510.46939679
0.000146042669258814,331.880495428505,490237.787215289,5658510.46939679
0.000371082036314783,331.880495428505,490737.787215289,5658510.46939679
0.00013753900929547,331.880495428505,491237.787215289,5658510.46939679
0.000212653952061551,331.880495428505,491737.787215289,5658510.46939679
0.000176985817616413,331.880495428505,492237.787215289,5658510.46939679
0.000200535988126936,331.880495428505,492737.787215289,5658510.46939679
0.00576643330675083,331.880495428505,493237.787215289,5658510.46939679
0.00831564757926611,331.880495428505,493737.787215289,5658510.46939679
0.00883996474343505,331.880495428505,494237.787215289,5658510.46939679
0.00419305298102612,331.880495428505,494737.787215289,5658510.46939679
0.00505511835635013,331.880495428505,495237.787215289,5658510.46939679
0.00541936180773467,331.880495428505,495737.787215289,5658510.46939679
0.000243215804672341,331.880495428505,496237.787215289,5658510.46939679
0.00572982440723679,331.880495428505,496737.787215289,5658510.46939679
0.0007380494316274,331.880495428505,497237.787215289,5658510.46939679
0.00647649278105425,331.880495428505,497737.787215289,5658510.46939679
0.000448147874023717,331.880495428505,498237.787215289,5658510.46939679
0.00645905650205125,331.880495428505,498737.787215289,5658510.46939679
0.000327506689040546,331.880495428505,499237.787215289,5658510.46939679
0.000146042669258814,331.880495428505,499737.787215289,5658510.46939679
0.00128275062213119,331.880495428505,500237.787215289,5658510.46939679
0.000165577484056088,331.880495428505,500737.787215289,5658510.46939679
0.000121594953680062,331.880495428505,501237.787215289,5658510.46939679
0.000129524517161483,331.880495428505,501737.787215289,5658510.46939679
0.000121886541244498,331.880495428505,502237.787215289,5658510.46939679
0.000138098518397756,331.880495428505,502737.787215289,5658510.46939679
0.000946067140262276,331.880495428505,503237.787215289,5658510.46939679
0.00420093225124313,331.880495428505,503737.787215289,5658510.46939679
0.000189738422107609,331.880495428505,504237.787215289,5658510.46939679
0.000214819419536881,331.880495428505,504737.787215289,5658510.46939679
0.000228577072301461,331.880495428505,505237.787215289,5658510.46939679
0.000167585728057069,331.880495428505,505737.787215289,5658510.46939679
0.000275365829448481,331.880495428505,506237.787215289,5658510.46939679
0.000214819419536881,331.880495428505,506737.787215289,5658510.46939679
0.000257149070919818,331.880495428505,507237.787215289,5658510.46939679
0.00475624187078986,331.880495428505,507737.787215289,5658510.46939679
0.000449964898142793,331.880495428505,508237.787215289,5658510.46939679
0.000166761748141406,331.880495428505,508737.787215289,5658510.46939679
0.00155876294252473,331.880495428505,509237.787215289,5658510.46939679
0.00736289511578134,331.880495428505,509737.787215289,5658510.46939679
0.00574917877267139,331.880495428505,510237.787215289,5658510.46939679
0.00226785899592679,331.880495428505,510737.787215289,5658510.46939679
0.00541251786257854,331.880495428505,511237.787215289,5658510.46939679
0.00694345545676116,331.880495428505,511737.787215289,5658510.46939679
0.00837133167386166,331.880495428505,512237.787215289,5658510.46939679
0.00509837542514545,331.880495428505,512737.787215289,5658510.46939679
0.0051296751047431,331.880495428505,513237.787215289,5658510.46939679
0.00259142987728877,331.880495428505,513737.787215289,5658510.46939679
0.00293398382797756,331.880495428505,514237.787215289,5658510.46939679
0.00293398382797756,331.880495428505,514737.787215289,5658510.46939679
0.00157712619450313,331.880495428505,515237.787215289,5658510.46939679
0.00310447448558774,331.880495428505,515737.787215289,5658510.46939679
0.00543535215763174,331.880495428505,516237.787215289,5658510.46939679
0.00582302381957808,331.880495428505,516737.787215289,5658510.46939679
0.00451491510051757,331.880495428505,517237.787215289,5658510.46939679
0.00654063787887728,331.880495428505,517737.787215289,5658510.46939679
0.00653235672309355,331.880495428505,518237.787215289,5658510.46939679
0.00576220547050927,331.880495428505,518737.787215289,5658510.46939679
0.00736786593415681,331.880495428505,519237.787215289,5658510.46939679
0.00107412664684107,331.880495428505,519737.787215289,5658510.46939679
0.00307944799881866,331.880495428505,520237.787215289,5658510.46939679
0.00474887875908848,331.880495428505,520737.787215289,5658510.46939679
0.00198888091854897,331.880495428505,521237.787215289,5658510.46939679
0.00369072754820023,331.880495428505,521737.787215289,5658510.46939679
0.00145291171042999,331.880495428505,522237.787215289,5658510.46939679
0.00605245739083648,331.880495428505,522737.787215289,5658510.46939679
0.00502830677062628,331.880495428505,523237.787215289,5658510.46939679
0.00473256006566874,331.880495428505,523737.787215289,5658510.46939679
0.00645805664497224,331.880495428505,524237.787215289,5658510.46939679
0.000145977424711274,331.880495428505,486737.787215289,5659010.46939679
0.000137191299749463,331.880495428505,487237.787215289,5659010.46939679
0.00012248405916308,331.880495428505,487737.787215289,5659010.46939679
0.000138674888299699,331.880495428505,488237.787215289,5659010.46939679
0.000128701844228419,331.880495428505,488737.787215289,5659010.46939679
0.000120882753816039,331.880495428505,489237.787215289,5659010.46939679
0.000473507150451936,331.880495428505,489737.787215289,5659010.46939679
0.00391758182319491,331.880495428505,490237.787215289,5659010.46939679
0.000289489904398685,331.880495428505,490737.787215289,5659010.46939679
0.000121558393308309,331.880495428505,491237.787215289,5659010.46939679
0.00016598747075373,331.880495428505,491737.787215289,5659010.46939679
0.000349746376047766,331.880495428505,492237.787215289,5659010.46939679
0.000129692505503841,331.880495428505,492737.787215289,5659010.46939679
0.000422530414890869,331.880495428505,493237.787215289,5659010.46939679
0.00947502337390005,331.880495428505,493737.787215289,5659010.46939679
0.00422777277823324,331.880495428505,494237.787215289,5659010.46939679
0.00613573226163778,331.880495428505,494737.787215289,5659010.46939679
0.00394808551286199,331.880495428505,495237.787215289,5659010.46939679
0.00541936180773467,331.880495428505,495737.787215289,5659010.46939679
0.00272039387405726,331.880495428505,496237.787215289,5659010.46939679
0.00572033721959473,331.880495428505,496737.787215289,5659010.46939679
0.00571292777088746,331.880495428505,497237.787215289,5659010.46939679
0.00607212295469322,331.880495428505,497737.787215289,5659010.46939679
0.000129170925399663,331.880495428505,498237.787215289,5659010.46939679
0.00270290321518868,331.880495428505,498737.787215289,5659010.46939679
0.000271628532432803,331.880495428505,499237.787215289,5659010.46939679
0.000129046157245484,331.880495428505,499737.787215289,5659010.46939679
0.000308243937471546,331.880495428505,500237.787215289,5659010.46939679
0.000420943546794577,331.880495428505,500737.787215289,5659010.46939679
0.000146836199232319,331.880495428505,501237.787215289,5659010.46939679
0.000138098518397756,331.880495428505,501737.787215289,5659010.46939679
0.000147079727283427,331.880495428505,502237.787215289,5659010.46939679
0.000139110415971059,331.880495428505,502737.787215289,5659010.46939679
0.000189738422107609,331.880495428505,503237.787215289,5659010.46939679
0.000148019446648975,331.880495428505,503737.787215289,5659010.46939679
0.000350736202046254,331.880495428505,504237.787215289,5659010.46939679
0.000396729211783039,331.880495428505,504737.787215289,5659010.46939679
0.000166333351914119,331.880495428505,505237.787215289,5659010.46939679
0.000146803864487885,331.880495428505,505737.787215289,5659010.46939679
0.000256666762019161,331.880495428505,506237.787215289,5659010.46939679
0.0027167564430609,331.880495428505,506737.787215289,5659010.46939679
0.00941650586180025,331.880495428505,507237.787215289,5659010.46939679
0.0073525961120732,331.880495428505,507737.787215289,5659010.46939679
0.00199968760012094,331.880495428505,508237.787215289,5659010.46939679
0.00692601128120291,331.880495428505,508737.787215289,5659010.46939679
0.00575173011915811,331.880495428505,509237.787215289,5659010.46939679
0.00612419686668645,331.880495428505,509737.787215289,5659010.46939679
0.00693802484825064,331.880495428505,510237.787215289,5659010.46939679
0.00177240722093295,331.880495428505,510737.787215289,5659010.46939679
0.00509473421659163,331.880495428505,511237.787215289,5659010.46939679
0.00653534201335973,331.880495428505,511737.787215289,5659010.46939679
0.00332181903831411,331.880495428505,512237.787215289,5659010.46939679
0.00792143291874676,331.880495428505,512737.787215289,5659010.46939679
0.00482092896421552,331.880495428505,513237.787215289,5659010.46939679
0.00202163595651892,331.880495428505,513737.787215289,5659010.46939679
0.00156750306173837,331.880495428505,514237.787215289,5659010.46939679
0.00213645501886064,331.880495428505,514737.787215289,5659010.46939679
0.00213521146105588,331.880495428505,515237.787215289,5659010.46939679
0.00242017814295192,331.880495428505,515737.787215289,5659010.46939679
0.00291844459748456,331.880495428505,516237.787215289,5659010.46939679
0.00177935532396523,331.880495428505,516737.787215289,5659010.46939679
0.00582302381957808,331.880495428505,517237.787215289,5659010.46939679
0.00479997731709604,331.880495428505,517737.787215289,5659010.46939679
0.00257672981757733,331.880495428505,518237.787215289,5659010.46939679
0.00309991382075194,331.880495428505,518737.787215289,5659010.46939679
0.00611942296139088,331.880495428505,519237.787215289,5659010.46939679
0.00240886268027717,331.880495428505,519737.787215289,5659010.46939679
0.00538858112462435,331.880495428505,520237.787215289,5659010.46939679
0.000889384129520603,331.880495428505,520737.787215289,5659010.46939679
0.00571971179386514,331.880495428505,521237.787215289,5659010.46939679
0.00536317913320255,331.880495428505,521737.787215289,5659010.46939679
0.00113471964094935,331.880495428505,522237.787215289,5659010.46939679
0.000941579158880332,331.880495428505,522737.787215289,5659010.46939679
0.00535902607144104,331.880495428505,523237.787215289,5659010.46939679
0.0068805464578351,331.880495428505,523737.787215289,5659010.46939679
0.000507710071907749,331.880495428505,524237.787215289,5659010.46939679
0.000128840920094912,331.880495428505,486737.787215289,5659510.46939679
0.000307242716701218,331.880495428505,487237.787215289,5659510.46939679
0.000137020804820871,331.880495428505,487737.787215289,5659510.46939679
0.00012248405916308,331.880495428505,488237.787215289,5659510.46939679
0.000128583390536989,331.880495428505,488737.787215289,5659510.46939679
0.000154798530510995,331.880495428505,489237.787215289,5659510.46939679
0.000136861910826125,331.880495428505,489737.787215289,5659510.46939679
0.000165311235094045,331.880495428505,490237.787215289,5659510.46939679
0.0025439282846254,331.880495428505,490737.787215289,5659510.46939679
0.0028837446060122,331.880495428505,491237.787215289,5659510.46939679
0.00393839809479208,331.880495428505,491737.787215289,5659510.46939679
0.000477486285858585,331.880495428505,492237.787215289,5659510.46939679
0.000121859700654904,331.880495428505,492737.787215289,5659510.46939679
0.000373064215243279,331.880495428505,493237.787215289,5659510.46939679
0.00309967387352675,331.880495428505,493737.787215289,5659510.46939679
0.00309967387352675,331.880495428505,494237.787215289,5659510.46939679
0.00509317993303591,331.880495428505,494737.787215289,5659510.46939679
0.00509317993303591,331.880495428505,495237.787215289,5659510.46939679
0.00350941119288431,331.880495428505,495737.787215289,5659510.46939679
0.00572776490422742,331.880495428505,496237.787215289,5659510.46939679
0.000540290767588259,331.880495428505,496737.787215289,5659510.46939679
0.000121630170247469,331.880495428505,497237.787215289,5659510.46939679
0.000610161697251891,331.880495428505,497737.787215289,5659510.46939679
0.000475583248175641,331.880495428505,498237.787215289,5659510.46939679
0.000121418174159505,331.880495428505,498737.787215289,5659510.46939679
0.000155492930892159,331.880495428505,499237.787215289,5659510.46939679
0.000121374024711434,331.880495428505,499737.787215289,5659510.46939679
0.000129343342031108,331.880495428505,500237.787215289,5659510.46939679
0.0001217286638256,331.880495428505,500737.787215289,5659510.46939679
0.00020042125702214,331.880495428505,501237.787215289,5659510.46939679
0.000227125923102996,331.880495428505,501737.787215289,5659510.46939679
0.000243215804672341,331.880495428505,502237.787215289,5659510.46939679
0.000139110415971059,331.880495428505,502737.787215289,5659510.46939679
0.000148019446648975,331.880495428505,503237.787215289,5659510.46939679
0.000350736202046254,331.880495428505,503737.787215289,5659510.46939679
0.000373064215243279,331.880495428505,504237.787215289,5659510.46939679
0.00037258043083786,331.880495428505,504737.787215289,5659510.46939679
0.000188159064183223,331.880495428505,505237.787215289,5659510.46939679
0.000166051842299458,331.880495428505,505737.787215289,5659510.46939679
0.00608534370221992,331.880495428505,506237.787215289,5659510.46939679
0.00733864466481768,331.880495428505,506737.787215289,5659510.46939679
0.00610088276512959,331.880495428505,507237.787215289,5659510.46939679
0.00735693762095172,331.880495428505,507737.787215289,5659510.46939679
0.00650763911224195,331.880495428505,508237.787215289,5659510.46939679
0.00651307806350652,331.880495428505,508737.787215289,5659510.46939679
0.00575559220697374,331.880495428505,509237.787215289,5659510.46939679
0.00652103008328532,331.880495428505,509737.787215289,5659510.46939679
0.000331460350097461,331.880495428505,510237.787215289,5659510.46939679
0.00542101563207448,331.880495428505,510737.787215289,5659510.46939679
0.00739923080518033,331.880495428505,511237.787215289,5659510.46939679
0.00699657501204747,331.880495428505,511737.787215289,5659510.46939679
0.00617969784019223,331.880495428505,512237.787215289,5659510.46939679
0.00376092111281757,331.880495428505,512737.787215289,5659510.46939679
0.0011563007561629,331.880495428505,513237.787215289,5659510.46939679
0.00227490444984211,331.880495428505,513737.787215289,5659510.46939679
0.00101418835324937,331.880495428505,514237.787215289,5659510.46939679
0.00291194799725389,331.880495428505,514737.787215289,5659510.46939679
0.00397005631756579,331.880495428505,515237.787215289,5659510.46939679
0.000743739639284311,331.880495428505,515737.787215289,5659510.46939679
0.00188936157381559,331.880495428505,516237.787215289,5659510.46939679
0.00108290327102741,331.880495428505,516737.787215289,5659510.46939679
0.00582302381957808,331.880495428505,517237.787215289,5659510.46939679
0.00578344772459269,331.880495428505,517737.787215289,5659510.46939679
0.00510106798255756,331.880495428505,518237.787215289,5659510.46939679
0.00422826247701881,331.880495428505,518737.787215289,5659510.46939679
0.00241260278062882,331.880495428505,519237.787215289,5659510.46939679
0.00187979642755456,331.880495428505,519737.787215289,5659510.46939679
0.00538986442531902,331.880495428505,520237.787215289,5659510.46939679
0.000889715346653895,331.880495428505,520737.787215289,5659510.46939679
0.00505407842205406,331.880495428505,521237.787215289,5659510.46939679
0.00369652206985784,331.880495428505,521737.787215289,5659510.46939679
0.00128515191076383,331.880495428505,522237.787215289,5659510.46939679
0.000327873284108495,331.880495428505,522737.787215289,5659510.46939679
0.000447637662909311,331.880495428505,523237.787215289,5659510.46939679
0.000611636170078512,331.880495428505,523737.787215289,5659510.46939679
0.000575161002056886,331.880495428505,524237.787215289,5659510.46939679
0.000120844181960692,331.880495428505,486737.787215289,5660010.46939679
0.000347160980538154,331.880495428505,487237.787215289,5660010.46939679
0.000145532043972621,331.880495428505,487737.787215289,5660010.46939679
0.000186485133099211,331.880495428505,488237.787215289,5660010.46939679
0.000120803981394261,331.880495428505,488737.787215289,5660010.46939679
0.000120762007893777,331.880495428505,489237.787215289,5660010.46939679
0.000120955506132354,331.880495428505,489737.787215289,5660010.46939679
0.000129046157245484,331.880495428505,490237.787215289,5660010.46939679
0.000187771398610433,331.880495428505,490737.787215289,5660010.46939679
0.000540290767588259,331.880495428505,491237.787215289,5660010.46939679
0.00940421607207942,331.880495428505,491737.787215289,5660010.46939679
0.000122088690251356,331.880495428505,492237.787215289,5660010.46939679
0.000177186323591731,331.880495428505,492737.787215289,5660010.46939679
0.000422136890237081,331.880495428505,493237.787215289,5660010.46939679
0.00572448792236691,331.880495428505,493737.787215289,5660010.46939679
0.00505902621594632,331.880495428505,494237.787215289,5660010.46939679
0.00509317993303591,331.880495428505,494737.787215289,5660010.46939679
0.0044985314925798,331.880495428505,495237.787215289,5660010.46939679
0.00572776490422742,331.880495428505,495737.787215289,5660010.46939679
0.00327182064169141,331.880495428505,496237.787215289,5660010.46939679
0.00326399350833902,331.880495428505,496737.787215289,5660010.46939679
0.00013753900929547,331.880495428505,497237.787215289,5660010.46939679
0.000121520381630067,331.880495428505,497737.787215289,5660010.46939679
0.000121594953680062,331.880495428505,498237.787215289,5660010.46939679
0.000146527350179645,331.880495428505,498737.787215289,5660010.46939679
0.000255952071970453,331.880495428505,499237.787215289,5660010.46939679
0.000146484924930267,331.880495428505,499737.787215289,5660010.46939679
0.000256390765947433,331.880495428505,500237.787215289,5660010.46939679
0.000329080225650698,331.880495428505,500737.787215289,5660010.46939679
0.000481440022453187,331.880495428505,501237.787215289,5660010.46939679
0.000895639958896138,331.880495428505,501737.787215289,5660010.46939679
0.000148019446648975,331.880495428505,502237.787215289,5660010.46939679
0.000257149070919818,331.880495428505,502737.787215289,5660010.46939679
0.000166461935923359,331.880495428505,503237.787215289,5660010.46939679
0.000166333351914119,331.880495428505,503737.787215289,5660010.46939679
0.000309170580202504,331.880495428505,504237.787215289,5660010.46939679
0.000833922696706532,331.880495428505,504737.787215289,5660010.46939679
0.0060738815747746,331.880495428505,505237.787215289,5660010.46939679
0.00504656285978745,331.880495428505,505737.787215289,5660010.46939679
0.00327386863604014,331.880495428505,506237.787215289,5660010.46939679
0.00538542672732431,331.880495428505,506737.787215289,5660010.46939679
0.0057393216597253,331.880495428505,507237.787215289,5660010.46939679
0.00539893609220292,331.880495428505,507737.787215289,5660010.46939679
0.00477667368352533,331.880495428505,508237.787215289,5660010.46939679
0.00541251786257854,331.880495428505,508737.787215289,5660010.46939679
0.0078612916363122,331.880495428505,509237.787215289,5660010.46939679
0.00652968800845358,331.880495428505,509737.787215289,5660010.46939679
0.000656856254016411,331.880495428505,510237.787215289,5660010.46939679
0.00108670504328348,331.880495428505,510737.787215289,5660010.46939679
0.00482092896421552,331.880495428505,511237.787215289,5660010.46939679
0.00744465577571682,331.880495428505,511737.787215289,5660010.46939679
0.00699657501204747,331.880495428505,512237.787215289,5660010.46939679
0.00102129817420216,331.880495428505,512737.787215289,5660010.46939679
0.00130079927473599,331.880495428505,513237.787215289,5660010.46939679
0.00397392269430779,331.880495428505,513737.787215289,5660010.46939679
0.00290969556318949,331.880495428505,514237.787215289,5660010.46939679
0.00575615823397152,331.880495428505,514737.787215289,5660010.46939679
0.00121918213078424,331.880495428505,515237.787215289,5660010.46939679
0.00213605062469435,331.880495428505,515737.787215289,5660010.46939679
0.00695755658063358,331.880495428505,516237.787215289,5660010.46939679
0.00147701634349692,331.880495428505,516737.787215289,5660010.46939679
0.00483360531438,331.880495428505,517237.787215289,5660010.46939679
0.000955811231303891,331.880495428505,517737.787215289,5660010.46939679
0.00398058670926841,331.880495428505,518237.787215289,5660010.46939679
0.00200895381780635,331.880495428505,518737.787215289,5660010.46939679
0.00612568867219836,331.880495428505,519237.787215289,5660010.46939679
0.0050779399324927,331.880495428505,519737.787215289,5660010.46939679
0.00212591187818139,331.880495428505,520237.787215289,5660010.46939679
0.00447261855457778,331.880495428505,520737.787215289,5660010.46939679
0.00419864064943507,331.880495428505,521237.787215289,5660010.46939679
0.0039359343987988,331.880495428505,521737.787215289,5660010.46939679
0.00288204283776902,331.880495428505,522237.787215289,5660010.46939679
0.000886088331193304,331.880495428505,522737.787215289,5660010.46939679
0.00025628970268706,331.880495428505,523237.787215289,5660010.46939679
0.00175910289193679,331.880495428505,523737.787215289,5660010.46939679
0.0006937631182369,331.880495428505,524237.787215289,5660010.46939679
0.000120762007893777,331.880495428505,486737.787215289,5660510.46939679
0.000120762007893777,331.880495428505,487237.787215289,5660510.46939679
0.000211209472255048,331.880495428505,487737.787215289,5660510.46939679
0.000145580473424483,331.880495428505,488237.787215289,5660510.46939679
0.000201257737974995,331.880495428505,488737.787215289,5660510.46939679
0.000128624432644763,331.880495428505,489237.787215289,5660510.46939679
0.000120989900202464,331.880495428505,489737.787215289,5660510.46939679
0.00012907236521717,331.880495428505,490237.787215289,5660510.46939679
0.000121630170247469,331.880495428505,490737.787215289,5660510.46939679
0.000156188035763641,331.880495428505,491237.787215289,5660510.46939679
0.00609458742352943,331.880495428505,491737.787215289,5660510.46939679
0.0044985314925798,331.880495428505,492237.787215289,5660510.46939679
0.00188643995471357,331.880495428505,492737.787215289,5660510.46939679
0.00506084526402012,331.880495428505,493237.787215289,5660510.46939679
0.00348713127133153,331.880495428505,493737.787215289,5660510.46939679
0.00446997202113325,331.880495428505,494237.787215289,5660510.46939679
0.000425230039242503,331.880495428505,494737.787215289,5660510.46939679
0.00613573226163778,331.880495428505,495237.787215289,5660510.46939679
0.0047518121342086,331.880495428505,495737.787215289,5660510.46939679
0.000256518104202361,331.880495428505,496237.787215289,5660510.46939679
0.000212392795566633,331.880495428505,496737.787215289,5660510.46939679
0.000129323319779234,331.880495428505,497237.787215289,5660510.46939679
0.000121630170247469,331.880495428505,497737.787215289,5660510.46939679
0.000121696943855893,331.880495428505,498237.787215289,5660510.46939679
0.000137837160257298,331.880495428505,498737.787215289,5660510.46939679
0.000176520877237817,331.880495428505,499237.787215289,5660510.46939679
0.000226397143381397,331.880495428505,499737.787215289,5660510.46939679
0.000887770200274053,331.880495428505,500237.787215289,5660510.46939679
0.000372776040699147,331.880495428505,500737.787215289,5660510.46939679
0.000375582788802655,331.880495428505,501237.787215289,5660510.46939679
0.000167585728057069,331.880495428505,501737.787215289,5660510.46939679
0.000177186323591731,331.880495428505,502237.787215289,5660510.46939679
0.000213256810095954,331.880495428505,502737.787215289,5660510.46939679
0.000166333351914119,331.880495428505,503237.787215289,5660510.46939679
0.000137952478978709,331.880495428505,503737.787215289,5660510.46939679
0.000156037636421585,331.880495428505,504237.787215289,5660510.46939679
0.000129419715771654,331.880495428505,504737.787215289,5660510.46939679
0.00154896615099562,331.880495428505,505237.787215289,5660510.46939679
0.00504781558958093,331.880495428505,505737.787215289,5660510.46939679
0.00572560691311467,331.880495428505,506237.787215289,5660510.46939679
0.00538770353401356,331.880495428505,506737.787215289,5660510.46939679
0.00539648408520059,331.880495428505,507237.787215289,5660510.46939679
0.00650763911224195,331.880495428505,507737.787215289,5660510.46939679
0.00477992403278454,331.880495428505,508237.787215289,5660510.46939679
0.00541492321847409,331.880495428505,508737.787215289,5660510.46939679
0.00422842412001427,331.880495428505,509237.787215289,5660510.46939679
0.00542338216660459,331.880495428505,509737.787215289,5660510.46939679
0.00242059586620009,331.880495428505,510237.787215289,5660510.46939679
0.000584144661302522,331.880495428505,510737.787215289,5660510.46939679
0.00617969784019223,331.880495428505,511237.787215289,5660510.46939679
0.00744465577571682,331.880495428505,511737.787215289,5660510.46939679
0.000902057665420842,331.880495428505,512237.787215289,5660510.46939679
0.00123035357843105,331.880495428505,512737.787215289,5660510.46939679
0.00138329323884334,331.880495428505,513237.787215289,5660510.46939679
0.00227149281030854,331.880495428505,513737.787215289,5660510.46939679
0.00396623060640069,331.880495428505,514237.787215289,5660510.46939679
0.00101150090975654,331.880495428505,514737.787215289,5660510.46939679
0.00146866969991266,331.880495428505,515237.787215289,5660510.46939679
0.00273798690214812,331.880495428505,515737.787215289,5660510.46939679
0.00653816368582775,331.880495428505,516237.787215289,5660510.46939679
0.000898656088180107,331.880495428505,516737.787215289,5660510.46939679
0.00139665340346461,331.880495428505,517237.787215289,5660510.46939679
0.00511033156745326,331.880495428505,517737.787215289,5660510.46939679
0.0024238544270482,331.880495428505,518237.787215289,5660510.46939679
0.00130142405203521,331.880495428505,518737.787215289,5660510.46939679
0.000616239499024669,331.880495428505,519237.787215289,5660510.46939679
0.00507991856148122,331.880495428505,519737.787215289,5660510.46939679
0.00272621750991041,331.880495428505,520237.787215289,5660510.46939679
0.00395199138020034,331.880495428505,520737.787215289,5660510.46939679
0.00370946266508066,331.880495428505,521237.787215289,5660510.46939679
0.00254944289948827,331.880495428505,521737.787215289,5660510.46939679
0.000782869482171959,331.880495428505,522237.787215289,5660510.46939679
0.00120928597542204,331.880495428505,522737.787215289,5660510.46939679
0.000349746376047766,331.880495428505,523237.787215289,5660510.46939679
0.00307712665843321,331.880495428505,523737.787215289,5660510.46939679
0.00348682324101093,331.880495428505,524237.787215289,5660510.46939679
0.000128400245862143,331.880495428505,486737.787215289,5661010.46939679
0.000175380178827231,331.880495428505,487237.787215289,5661010.46939679
0.000688214499032638,331.880495428505,487737.787215289,5661010.46939679
0.000121055175858486,331.880495428505,488237.787215289,5661010.46939679
0.000198960886387866,331.880495428505,488737.787215289,5661010.46939679
0.00110719307141169,331.880495428505,489237.787215289,5661010.46939679
0.00367999034607635,331.880495428505,489737.787215289,5661010.46939679
0.000121327737974212,331.880495428505,490237.787215289,5661010.46939679
0.000129419715771654,331.880495428505,490737.787215289,5661010.46939679
0.000146787352045091,331.880495428505,491237.787215289,5661010.46939679
0.000257056642383134,331.880495428505,491737.787215289,5661010.46939679
0.000791070532374759,331.880495428505,492237.787215289,5661010.46939679
0.00694679774522002,331.880495428505,492737.787215289,5661010.46939679
0.00478663037283406,331.880495428505,493237.787215289,5661010.46939679
0.00652868218252498,331.880495428505,493737.787215289,5661010.46939679
0.00257299309983062,331.880495428505,494237.787215289,5661010.46939679
0.0044985314925798,331.880495428505,494737.787215289,5661010.46939679
0.00478663037283406,331.880495428505,495237.787215289,5661010.46939679
0.000693124597454033,331.880495428505,495737.787215289,5661010.46939679
0.000395824877804128,331.880495428505,496237.787215289,5661010.46939679
0.000146607792062479,331.880495428505,496737.787215289,5661010.46939679
0.000121744139107142,331.880495428505,497237.787215289,5661010.46939679
0.000121845993922162,331.880495428505,497737.787215289,5661010.46939679
0.000121886541244498,331.880495428505,498237.787215289,5661010.46939679
0.000177021300710087,331.880495428505,498737.787215289,5661010.46939679
0.000121859700654904,331.880495428505,499237.787215289,5661010.46939679
0.000121886541244498,331.880495428505,499737.787215289,5661010.46939679
0.000256909574553309,331.880495428505,500237.787215289,5661010.46939679
0.000836389118323397,331.880495428505,500737.787215289,5661010.46939679
0.000791070532374759,331.880495428505,501237.787215289,5661010.46939679
0.000373064215243279,331.880495428505,501737.787215289,5661010.46939679
0.00121247112772834,331.880495428505,502237.787215289,5661010.46939679
0.000328817202301899,331.880495428505,502737.787215289,5661010.46939679
0.000137819639341076,331.880495428505,503237.787215289,5661010.46939679
0.000129419715771654,331.880495428505,503737.787215289,5661010.46939679
0.000199705825718594,331.880495428505,504237.787215289,5661010.46939679
0.000137492260362218,331.880495428505,504737.787215289,5661010.46939679
0.000832882655837128,331.880495428505,505237.787215289,5661010.46939679
0.00505020855364668,331.880495428505,505737.787215289,5661010.46939679
0.00609624027354736,331.880495428505,506237.787215289,5661010.46939679
0.00476203682553716,331.880495428505,506737.787215289,5661010.46939679
0.00241004962528507,331.880495428505,507237.787215289,5661010.46939679
0.000839852892696722,331.880495428505,507737.787215289,5661010.46939679
0.0018859172711677,331.880495428505,508237.787215289,5661010.46939679
0.00576819304675249,331.880495428505,508737.787215289,5661010.46939679
0.00330155033328746,331.880495428505,509237.787215289,5661010.46939679
0.0035345578725146,331.880495428505,509737.787215289,5661010.46939679
0.00482092896421552,331.880495428505,510237.787215289,5661010.46939679
0.00243545626166524,331.880495428505,510737.787215289,5661010.46939679
0.00653534201335973,331.880495428505,511237.787215289,5661010.46939679
0.00614199124894448,331.880495428505,511737.787215289,5661010.46939679
0.00744465577571682,331.880495428505,512237.787215289,5661010.46939679
0.00351201465301819,331.880495428505,512737.787215289,5661010.46939679
0.00200560899974858,331.880495428505,513237.787215289,5661010.46939679
0.00350315785507544,331.880495428505,513737.787215289,5661010.46939679
0.00328905685105731,331.880495428505,514237.787215289,5661010.46939679
0.00539961146502041,331.880495428505,514737.787215289,5661010.46939679
0.00651376156340534,331.880495428505,515237.787215289,5661010.46939679
0.000331613266556317,331.880495428505,515737.787215289,5661010.46939679
0.000657212274465663,331.880495428505,516237.787215289,5661010.46939679
0.00157027204009941,331.880495428505,516737.787215289,5661010.46939679
0.00215676354162362,331.880495428505,517237.787215289,5661010.46939679
0.00746423106175972,331.880495428505,517737.787215289,5661010.46939679
0.000898282631010058,331.880495428505,518237.787215289,5661010.46939679
0.00373994724456906,331.880495428505,518737.787215289,5661010.46939679
0.00138224181164693,331.880495428505,519237.787215289,5661010.46939679
0.00449095178778873,331.880495428505,519737.787215289,5661010.46939679
0.000543160623924764,331.880495428505,520237.787215289,5661010.46939679
0.0053934968830751,331.880495428505,520737.787215289,5661010.46939679
0.000576504729426537,331.880495428505,521237.787215289,5661010.46939679
0.00504962367950119,331.880495428505,521737.787215289,5661010.46939679
0.000507250526900938,331.880495428505,522237.787215289,5661010.46939679
0.00211625456626893,331.880495428505,522737.787215289,5661010.46939679
0.000329044246086501,331.880495428505,523237.787215289,5661010.46939679
0.003277816377962,331.880495428505,523737.787215289,5661010.46939679
0.0073525961120732,331.880495428505,524237.787215289,5661010.46939679
0.000120844181960692,331.880495428505,486737.787215289,5661510.46939679
0.000120989900202464,331.880495428505,487237.787215289,5661510.46939679
0.000348263163786173,331.880495428505,487737.787215289,5661510.46939679
0.000165451144889633,331.880495428505,488237.787215289,5661510.46939679
0.000187321674292969,331.880495428505,488737.787215289,5661510.46939679
0.0011093403561464,331.880495428505,489237.787215289,5661510.46939679
0.00012248405916308,331.880495428505,489737.787215289,5661510.46939679
0.0027292035284424,331.880495428505,490237.787215289,5661510.46939679
0.00012248405916308,331.880495428505,490737.787215289,5661510.46939679
0.0001217286638256,331.880495428505,491237.787215289,5661510.46939679
0.000121886541244498,331.880495428505,491737.787215289,5661510.46939679
0.000290869740909454,331.880495428505,492237.787215289,5661510.46939679
0.00289357528494865,331.880495428505,492737.787215289,5661510.46939679
0.00446997202113325,331.880495428505,493237.787215289,5661510.46939679
0.00166619079960157,331.880495428505,493737.787215289,5661510.46939679
0.00166619079960157,331.880495428505,494237.787215289,5661510.46939679
0.000189738422107609,331.880495428505,494737.787215289,5661510.46939679
0.000156499135552181,331.880495428505,495237.787215289,5661510.46939679
0.000146787352045091,331.880495428505,495737.787215289,5661510.46939679
0.000121630170247469,331.880495428505,496237.787215289,5661510.46939679
0.000121886541244498,331.880495428505,496737.787215289,5661510.46939679
0.000188358253357823,331.880495428505,497237.787215289,5661510.46939679
0.000138177572864442,331.880495428505,497737.787215289,5661510.46939679
0.000166521789786727,331.880495428505,498237.787215289,5661510.46939679
0.000148019446648975,331.880495428505,498737.787215289,5661510.46939679
0.00013822725666465,331.880495428505,499237.787215289,5661510.46939679
0.000273617636164414,331.880495428505,499737.787215289,5661510.46939679
0.000148019446648975,331.880495428505,500237.787215289,5661510.46939679
0.000452462992564785,331.880495428505,500737.787215289,5661510.46939679
0.000293001048242714,331.880495428505,501237.787215289,5661510.46939679
0.00739169062972064,331.880495428505,501737.787215289,5661510.46939679
0.000188533844778888,331.880495428505,502237.787215289,5661510.46939679
0.000188320497824894,331.880495428505,502737.787215289,5661510.46939679
0.000129649361414497,331.880495428505,503237.787215289,5661510.46939679
0.000146527350179645,331.880495428505,503737.787215289,5661510.46939679
0.000735963031528653,331.880495428505,504237.787215289,5661510.46939679
0.000328143458170659,331.880495428505,504737.787215289,5661510.46939679
0.000328340948680363,331.880495428505,505237.787215289,5661510.46939679
0.000575289495945305,331.880495428505,505737.787215289,5661510.46939679
0.00475747472633954,331.880495428505,506237.787215289,5661510.46939679
0.0057393216597253,331.880495428505,506737.787215289,5661510.46939679
0.000177834657391842,331.880495428505,507237.787215289,5661510.46939679
0.00612713575349024,331.880495428505,507737.787215289,5661510.46939679
0.000842357402293922,331.880495428505,508237.787215289,5661510.46939679
0.000584144661302522,331.880495428505,508737.787215289,5661510.46939679
0.00259142987728877,331.880495428505,509237.787215289,5661510.46939679
0.00744465577571682,331.880495428505,509737.787215289,5661510.46939679
0.000215038554264861,331.880495428505,510237.787215289,5661510.46939679
0.000512652854678543,331.880495428505,510737.787215289,5661510.46939679
0.00542101563207448,331.880495428505,511237.787215289,5661510.46939679
0.000313999633513458,331.880495428505,511737.787215289,5661510.46939679
0.00580775267430408,331.880495428505,512237.787215289,5661510.46939679
0.00273668295858938,331.880495428505,512737.787215289,5661510.46939679
0.00372751014805502,331.880495428505,513237.787215289,5661510.46939679
0.00396231283730906,331.880495428505,513737.787215289,5661510.46939679
0.00371961693416739,331.880495428505,514237.787215289,5661510.46939679
0.0017655316545043,331.880495428505,514737.787215289,5661510.46939679
0.0057498302049302,331.880495428505,515237.787215289,5661510.46939679
0.000480961678711692,331.880495428505,515737.787215289,5661510.46939679
0.000258861313029805,331.880495428505,516237.787215289,5661510.46939679
0.00201092878533354,331.880495428505,516737.787215289,5661510.46939679
0.00451491510051757,331.880495428505,517237.787215289,5661510.46939679
0.0035438517852856,331.880495428505,517737.787215289,5661510.46939679
0.00511033156745326,331.880495428505,518237.787215289,5661510.46939679
0.00510523876271505,331.880495428505,518737.787215289,5661510.46939679
0.00273850777557848,331.880495428505,519237.787215289,5661510.46939679
0.00652219548819841,331.880495428505,519737.787215289,5661510.46939679
0.000788792829001178,331.880495428505,520237.787215289,5661510.46939679
0.0053968431442613,331.880495428505,520737.787215289,5661510.46939679
0.00272287336353773,331.880495428505,521237.787215289,5661510.46939679
0.00419397653502801,331.880495428505,521737.787215289,5661510.46939679
0.000692137362022626,331.880495428505,522237.787215289,5661510.46939679
0.000372456486564186,331.880495428505,522737.787215289,5661510.46939679
0.00572448792236691,331.880495428505,523237.787215289,5661510.46939679
0.000450104252374159,331.880495428505,523737.787215289,5661510.46939679
0.000397949133762616,331.880495428505,524237.787215289,5661510.46939679
0.000120919824085193,331.880495428505,486737.787215289,5662010.46939679
0.000137092262754511,331.880495428505,487237.787215289,5662010.46939679
0.000176115953823758,331.880495428505,487737.787215289,5662010.46939679
0.000121396354131271,331.880495428505,488237.787215289,5662010.46939679
0.000121418174159505,331.880495428505,488737.787215289,5662010.46939679
0.000129170925399663,331.880495428505,489237.787215289,5662010.46939679
0.000137492260362218,331.880495428505,489737.787215289,5662010.46939679
0.000121439507607723,331.880495428505,490237.787215289,5662010.46939679
0.000129362978457752,331.880495428505,490737.787215289,5662010.46939679
0.0001217286638256,331.880495428505,491237.787215289,5662010.46939679
0.000575161002056886,331.880495428505,491737.787215289,5662010.46939679
0.000137998386139479,331.880495428505,492237.787215289,5662010.46939679
0.000396729211783039,331.880495428505,492737.787215289,5662010.46939679
0.00176100978755168,331.880495428505,493237.787215289,5662010.46939679
0.00576643330675083,331.880495428505,493737.787215289,5662010.46939679
0.000141068134922378,331.880495428505,494237.787215289,5662010.46939679
0.000147079727283427,331.880495428505,494737.787215289,5662010.46939679
0.000122044807226831,331.880495428505,495237.787215289,5662010.46939679
0.000166113195243838,331.880495428505,495737.787215289,5662010.46939679
0.000121696943855893,331.880495428505,496237.787215289,5662010.46939679
0.00012976059585672,331.880495428505,496737.787215289,5662010.46939679
0.000156499135552181,331.880495428505,497237.787215289,5662010.46939679
0.000166521789786727,331.880495428505,497737.787215289,5662010.46939679
0.000214819419536881,331.880495428505,498237.787215289,5662010.46939679
0.000189738422107609,331.880495428505,498737.787215289,5662010.46939679
0.000214819419536881,331.880495428505,499237.787215289,5662010.46939679
0.000331732046720089,331.880495428505,499737.787215289,5662010.46939679
0.000375582788802655,331.880495428505,500237.787215289,5662010.46939679
0.000452462992564785,331.880495428505,500737.787215289,5662010.46939679
0.000228577072301461,331.880495428505,501237.787215289,5662010.46939679
0.000258792043518689,331.880495428505,501737.787215289,5662010.46939679
0.00694679774522002,331.880495428505,502237.787215289,5662010.46939679
0.000138177572864442,331.880495428505,502737.787215289,5662010.46939679
0.000166333351914119,331.880495428505,503237.787215289,5662010.46939679
0.000200041950077712,331.880495428505,503737.787215289,5662010.46939679
0.0001217286638256,331.880495428505,504237.787215289,5662010.46939679
0.00369652206985784,331.880495428505,504737.787215289,5662010.46939679
0.00687677118706528,331.880495428505,505237.787215289,5662010.46939679
0.00419351799198526,331.880495428505,505737.787215289,5662010.46939679
0.00420237632071179,331.880495428505,506237.787215289,5662010.46939679
0.00114275725663982,331.880495428505,506737.787215289,5662010.46939679
0.00540554357919491,331.880495428505,507237.787215289,5662010.46939679
0.00835896894989083,331.880495428505,507737.787215289,5662010.46939679
0.00542489003408461,331.880495428505,508237.787215289,5662010.46939679
0.0051296751047431,331.880495428505,508737.787215289,5662010.46939679
0.00744465577571682,331.880495428505,509237.787215289,5662010.46939679
0.00138449102145546,331.880495428505,509737.787215289,5662010.46939679
0.000481586943300242,331.880495428505,510237.787215289,5662010.46939679
0.00542019672885203,331.880495428505,510737.787215289,5662010.46939679
0.00577071114095254,331.880495428505,511237.787215289,5662010.46939679
0.00312188458112749,331.880495428505,511737.787215289,5662010.46939679
0.00509837542514545,331.880495428505,512237.787215289,5662010.46939679
0.00613278019827321,331.880495428505,512737.787215289,5662010.46939679
0.00241272810164116,331.880495428505,513237.787215289,5662010.46939679
0.00349809975447771,331.880495428505,513737.787215289,5662010.46939679
0.00371713086806338,331.880495428505,514237.787215289,5662010.46939679
0.00649980143106233,331.880495428505,514737.787215289,5662010.46939679
0.00508019339941707,331.880495428505,515237.787215289,5662010.46939679
0.00188397124238651,331.880495428505,515737.787215289,5662010.46939679
0.00213546763264255,331.880495428505,516237.787215289,5662010.46939679
0.00330329395023993,331.880495428505,516737.787215289,5662010.46939679
0.00543909907072312,331.880495428505,517237.787215289,5662010.46939679
0.00582302381957808,331.880495428505,517737.787215289,5662010.46939679
0.00578743460076265,331.880495428505,518237.787215289,5662010.46939679
0.0065468866291622,331.880495428505,518737.787215289,5662010.46939679
0.00114872040334122,331.880495428505,519237.787215289,5662010.46939679
0.00576220547050927,331.880495428505,519737.787215289,5662010.46939679
0.000839586720514657,331.880495428505,520237.787215289,5662010.46939679
0.00650366370473192,331.880495428505,520737.787215289,5662010.46939679
0.000576600633932451,331.880495428505,521237.787215289,5662010.46939679
0.00572095409780217,331.880495428505,521737.787215289,5662010.46939679
0.00571292777088746,331.880495428505,522237.787215289,5662010.46939679
0.00608668404863446,331.880495428505,522737.787215289,5662010.46939679
0.00572723499637184,331.880495428505,523237.787215289,5662010.46939679
0.00649798672183747,331.880495428505,523737.787215289,5662010.46939679
0.00137786729281196,331.880495428505,524237.787215289,5662010.46939679
0.000128840920094912,331.880495428505,486737.787215289,5662510.46939679
0.000121253813224809,331.880495428505,487237.787215289,5662510.46939679
0.00012248405916308,331.880495428505,487737.787215289,5662510.46939679
0.000212653952061551,331.880495428505,488237.787215289,5662510.46939679
0.000328388052218822,331.880495428505,488737.787215289,5662510.46939679
0.000735963031528653,331.880495428505,489237.787215289,5662510.46939679
0.00012248405916308,331.880495428505,489737.787215289,5662510.46939679
0.000292083718915817,331.880495428505,490237.787215289,5662510.46939679
0.000121744139107142,331.880495428505,490737.787215289,5662510.46939679
0.000508177784976618,331.880495428505,491237.787215289,5662510.46939679
0.00307888815891655,331.880495428505,491737.787215289,5662510.46939679
0.00506084526402012,331.880495428505,492237.787215289,5662510.46939679
0.00613573226163778,331.880495428505,492737.787215289,5662510.46939679
0.00257299309983062,331.880495428505,493237.787215289,5662510.46939679
0.00291310994388124,331.880495428505,493737.787215289,5662510.46939679
0.00652868218252498,331.880495428505,494237.787215289,5662510.46939679
0.00272039387405726,331.880495428505,494737.787215289,5662510.46939679
0.000138098518397756,331.880495428505,495237.787215289,5662510.46939679
0.000146942744248079,331.880495428505,495737.787215289,5662510.46939679
0.000156240011265069,331.880495428505,496237.787215289,5662510.46939679
0.000166521789786727,331.880495428505,496737.787215289,5662510.46939679
0.000122868737295654,331.880495428505,497237.787215289,5662510.46939679
0.000201889815743638,331.880495428505,497737.787215289,5662510.46939679
0.000189738422107609,331.880495428505,498237.787215289,5662510.46939679
0.000293001048242714,331.880495428505,498737.787215289,5662510.46939679
0.000130737604211784,331.880495428505,499237.787215289,5662510.46939679
0.000122868737295654,331.880495428505,499737.787215289,5662510.46939679
0.000227125923102996,331.880495428505,500237.787215289,5662510.46939679
0.000156499135552181,331.880495428505,500737.787215289,5662510.46939679
0.000166461935923359,331.880495428505,501237.787215289,5662510.46939679
0.00100759442314081,331.880495428505,501737.787215289,5662510.46939679
0.00129983499087372,331.880495428505,502237.787215289,5662510.46939679
0.00836877777750377,331.880495428505,502737.787215289,5662510.46939679
0.00327724696100919,331.880495428505,503237.787215289,5662510.46939679
0.000477937998632682,331.880495428505,503737.787215289,5662510.46939679
0.00289134013425721,331.880495428505,504237.787215289,5662510.46939679
0.00608534370221992,331.880495428505,504737.787215289,5662510.46939679
0.0083000507473279,331.880495428505,505237.787215289,5662510.46939679
0.00505191333734115,331.880495428505,505737.787215289,5662510.46939679
0.00272132900880863,331.880495428505,506237.787215289,5662510.46939679
0.00165847431604774,331.880495428505,506737.787215289,5662510.46939679
0.000741561726199542,331.880495428505,507237.787215289,5662510.46939679
0.000840746388474157,331.880495428505,507737.787215289,5662510.46939679
0.00695388409075392,331.880495428505,508237.787215289,5662510.46939679
0.00577231557659782,331.880495428505,508737.787215289,5662510.46939679
0.00291527103734896,331.880495428505,509237.787215289,5662510.46939679
0.00257228019022883,331.880495428505,509737.787215289,5662510.46939679
0.00652968800845358,331.880495428505,510237.787215289,5662510.46939679
0.00614199124894448,331.880495428505,510737.787215289,5662510.46939679
0.000378274026604546,331.880495428505,511237.787215289,5662510.46939679
0.00215110733096979,331.880495428505,511737.787215289,5662510.46939679
0.00273980599073401,331.880495428505,512237.787215289,5662510.46939679
0.0042228175152939,331.880495428505,512737.787215289,5662510.46939679
0.00241089354636012,331.880495428505,513237.787215289,5662510.46939679
0.00507167918046429,331.880495428505,513737.787215289,5662510.46939679
0.00610088276512959,331.880495428505,514237.787215289,5662510.46939679
0.00187688789236082,331.880495428505,514737.787215289,5662510.46939679
0.00507676373443738,331.880495428505,515237.787215289,5662510.46939679
0.00448894545553729,331.880495428505,515737.787215289,5662510.46939679
0.00738595479509964,331.880495428505,516237.787215289,5662510.46939679
0.000699564170411926,331.880495428505,516737.787215289,5662510.46939679
0.00292123280130318,331.880495428505,517237.787215289,5662510.46939679
0.000849993544703014,331.880495428505,517737.787215289,5662510.46939679
0.00547254623692716,331.880495428505,518237.787215289,5662510.46939679
0.00480406323409132,331.880495428505,518737.787215289,5662510.46939679
0.00740072704478859,331.880495428505,519237.787215289,5662510.46939679
0.00478625619070485,331.880495428505,519737.787215289,5662510.46939679
0.00540781354957056,331.880495428505,520237.787215289,5662510.46939679
0.00611412388559661,331.880495428505,520737.787215289,5662510.46939679
0.00610185625677218,331.880495428505,521237.787215289,5662510.46939679
0.00689417941764949,331.880495428505,521737.787215289,5662510.46939679
0.00732585372687246,331.880495428505,522237.787215289,5662510.46939679
0.00572391786156185,331.880495428505,522737.787215289,5662510.46939679
0.0057313096230881,331.880495428505,523237.787215289,5662510.46939679
0.00611260652724295,331.880495428505,523737.787215289,5662510.46939679
0.00611874918058865,331.880495428505,524237.787215289,5662510.46939679
0.000175817347005361,331.880495428505,486737.787215289,5663010.46939679
0.00106544135080059,331.880495428505,487237.787215289,5663010.46939679
0.00012248405916308,331.880495428505,487737.787215289,5663010.46939679
0.0001217286638256,331.880495428505,488237.787215289,5663010.46939679
0.000188001776232589,331.880495428505,488737.787215289,5663010.46939679
0.000129524517161483,331.880495428505,489237.787215289,5663010.46939679
0.000129557188283659,331.880495428505,489737.787215289,5663010.46939679
0.000129557188283659,331.880495428505,490237.787215289,5663010.46939679
0.000166209461450948,331.880495428505,490737.787215289,5663010.46939679
0.000138084766154124,331.880495428505,491237.787215289,5663010.46939679
0.00648723405380053,331.880495428505,491737.787215289,5663010.46939679
0.000512272824581423,331.880495428505,492237.787215289,5663010.46939679
0.00350941119288431,331.880495428505,492737.787215289,5663010.46939679
0.000258802084533634,331.880495428505,493237.787215289,5663010.46939679
0.000545080247935029,331.880495428505,493737.787215289,5663010.46939679
0.000579988752930009,331.880495428505,494237.787215289,5663010.46939679
0.00694679774522002,331.880495428505,494737.787215289,5663010.46939679
0.00506084526402012,331.880495428505,495237.787215289,5663010.46939679
0.00475624187078986,331.880495428505,495737.787215289,5663010.46939679
0.00121271421063284,331.880495428505,496237.787215289,5663010.46939679
0.000147079727283427,331.880495428505,496737.787215289,5663010.46939679
0.000201889815743638,331.880495428505,497237.787215289,5663010.46939679
0.000311765677111332,331.880495428505,497737.787215289,5663010.46939679
0.000156499135552181,331.880495428505,498237.787215289,5663010.46939679
0.000241671719710316,331.880495428505,498737.787215289,5663010.46939679
0.000177186323591731,331.880495428505,499237.787215289,5663010.46939679
0.000329626005686069,331.880495428505,499737.787215289,5663010.46939679
0.000129860907294352,331.880495428505,500237.787215289,5663010.46939679
0.000129786610977253,331.880495428505,500737.787215289,5663010.46939679
0.000213214063763513,331.880495428505,501237.787215289,5663010.46939679
0.0010717383051977,331.880495428505,501737.787215289,5663010.46939679
0.00327724696100919,331.880495428505,502237.787215289,5663010.46939679
0.00478663037283406,331.880495428505,502737.787215289,5663010.46939679
0.00652868218252498,331.880495428505,503237.787215289,5663010.46939679
0.00572982440723679,331.880495428505,503737.787215289,5663010.46939679
0.00475453230802668,331.880495428505,504237.787215289,5663010.46939679
0.00572448792236691,331.880495428505,504737.787215289,5663010.46939679
0.00394440845452531,331.880495428505,505237.787215289,5663010.46939679
0.00647578468202665,331.880495428505,505737.787215289,5663010.46939679
0.0057313096230881,331.880495428505,506237.787215289,5663010.46939679
0.00137657742403229,331.880495428505,506737.787215289,5663010.46939679
0.00448632787686808,331.880495428505,507237.787215289,5663010.46939679
0.00241812916148055,331.880495428505,507737.787215289,5663010.46939679
0.00241992305296959,331.880495428505,508237.787215289,5663010.46939679
0.0047901813392687,331.880495428505,508737.787215289,5663010.46939679
0.00310015141742688,331.880495428505,509237.787215289,5663010.46939679
0.0037311055963803,331.880495428505,509737.787215289,5663010.46939679
0.00948205242927877,331.880495428505,510237.787215289,5663010.46939679
0.00130914895617765,331.880495428505,510737.787215289,5663010.46939679
0.00293398382797756,331.880495428505,511237.787215289,5663010.46939679
0.0022888704241884,331.880495428505,511737.787215289,5663010.46939679
0.00786628744687145,331.880495428505,512237.787215289,5663010.46939679
0.00477992403278454,331.880495428505,512737.787215289,5663010.46939679
0.00477063711905434,331.880495428505,513237.787215289,5663010.46939679
0.00395518660750058,331.880495428505,513737.787215289,5663010.46939679
0.00538589196205272,331.880495428505,514237.787215289,5663010.46939679
0.00506585199200429,331.880495428505,514737.787215289,5663010.46939679
0.000838665347074128,331.880495428505,515237.787215289,5663010.46939679
0.00612170968839306,331.880495428505,515737.787215289,5663010.46939679
0.00241572658401175,331.880495428505,516237.787215289,5663010.46939679
0.00653421420663583,331.880495428505,516737.787215289,5663010.46939679
0.00479796340272146,331.880495428505,517237.787215289,5663010.46939679
0.00157160871333597,331.880495428505,517737.787215289,5663010.46939679
0.00619594699348082,331.880495428505,518237.787215289,5663010.46939679
0.00543909907072312,331.880495428505,518737.787215289,5663010.46939679
0.00227588665325861,331.880495428505,519237.787215289,5663010.46939679
0.00422810005212988,331.880495428505,519737.787215289,5663010.46939679
0.00540836263265818,331.880495428505,520237.787215289,5663010.46939679
0.00328696896772966,331.880495428505,520737.787215289,5663010.46939679
0.00506545794629163,331.880495428505,521237.787215289,5663010.46939679
0.0060904940051997,331.880495428505,521737.787215289,5663010.46939679
0.00732761628448648,331.880495428505,522237.787215289,5663010.46939679
0.0034845645337503,331.880495428505,522737.787215289,5663010.46939679
0.0027217817157869,331.880495428505,523237.787215289,5663010.46939679
0.00188013691675451,331.880495428505,523737.787215289,5663010.46939679
0.00693128158879971,331.880495428505,524237.787215289,5663010.46939679
0.000394465807082395,331.880495428505,486737.787215289,5663510.46939679
0.000240468411988601,331.880495428505,487237.787215289,5663510.46939679
0.00187136000911436,331.880495428505,487737.787215289,5663510.46939679
0.00012248405916308,331.880495428505,488237.787215289,5663510.46939679
0.00012248405916308,331.880495428505,488737.787215289,5663510.46939679
0.000122044807226831,331.880495428505,489237.787215289,5663510.46939679
0.000122044807226831,331.880495428505,489737.787215289,5663510.46939679
0.00012993017197289,331.880495428505,490237.787215289,5663510.46939679
0.000129918948571326,331.880495428505,490737.787215289,5663510.46939679
0.000791101225555778,331.880495428505,491237.787215289,5663510.46939679
0.000311777773479445,331.880495428505,491737.787215289,5663510.46939679
0.000188533844778888,331.880495428505,492237.787215289,5663510.46939679
0.000311777773479445,331.880495428505,492737.787215289,5663510.46939679
0.000257171533739504,331.880495428505,493237.787215289,5663510.46939679
0.00255402263034137,331.880495428505,493737.787215289,5663510.46939679
0.000146942744248079,331.880495428505,494237.787215289,5663510.46939679
0.000331732046720089,331.880495428505,494737.787215289,5663510.46939679
0.000895639958896138,331.880495428505,495237.787215289,5663510.46939679
0.000545080247935029,331.880495428505,495737.787215289,5663510.46939679
0.000275365829448481,331.880495428505,496237.787215289,5663510.46939679
0.000139110415971059,331.880495428505,496737.787215289,5663510.46939679
0.000309786394990452,331.880495428505,497237.787215289,5663510.46939679
0.000373064215243279,331.880495428505,497737.787215289,5663510.46939679
0.000146787352045091,331.880495428505,498237.787215289,5663510.46939679
0.000256423360729655,331.880495428505,498737.787215289,5663510.46939679
0.004457357142791,331.880495428505,499237.787215289,5663510.46939679
0.000256423360729655,331.880495428505,499737.787215289,5663510.46939679
0.00014664600497544,331.880495428505,500237.787215289,5663510.46939679
0.000121630170247469,331.880495428505,500737.787215289,5663510.46939679
0.000146527350179645,331.880495428505,501237.787215289,5663510.46939679
0.000166030734926003,331.880495428505,501737.787215289,5663510.46939679
0.0034813574349358,331.880495428505,502237.787215289,5663510.46939679
0.00199379280252509,331.880495428505,502737.787215289,5663510.46939679
0.00212224383144098,331.880495428505,503237.787215289,5663510.46939679
0.00350941119288431,331.880495428505,503737.787215289,5663510.46939679
0.00478663037283406,331.880495428505,504237.787215289,5663510.46939679
0.00350941119288431,331.880495428505,504737.787215289,5663510.46939679
0.00478663037283406,331.880495428505,505237.787215289,5663510.46939679
0.00478663037283406,331.880495428505,505737.787215289,5663510.46939679
0.00541936180773467,331.880495428505,506237.787215289,5663510.46939679
0.00509317993303591,331.880495428505,506737.787215289,5663510.46939679
0.000841732961870969,331.880495428505,507237.787215289,5663510.46939679
0.00328905685105731,331.880495428505,507737.787215289,5663510.46939679
0.00241529493493978,331.880495428505,508237.787215289,5663510.46939679
0.00575967461966997,331.880495428505,508737.787215289,5663510.46939679
0.00422660137213504,331.880495428505,509237.787215289,5663510.46939679
0.00653534201335973,331.880495428505,509737.787215289,5663510.46939679
0.0040017813053303,331.880495428505,510237.787215289,5663510.46939679
0.0035345578725146,331.880495428505,510737.787215289,5663510.46939679
0.0035129911013897,331.880495428505,511237.787215289,5663510.46939679
0.00241992305296959,331.880495428505,511737.787215289,5663510.46939679
0.00241614865482541,331.880495428505,512237.787215289,5663510.46939679
0.00611908724786951,331.880495428505,512737.787215289,5663510.46939679
0.00328404227881112,331.880495428505,513237.787215289,5663510.46939679
0.00199617073993003,331.880495428505,513737.787215289,5663510.46939679
0.00121259344509912,331.880495428505,514237.787215289,5663510.46939679
0.0060967788230281,331.880495428505,514737.787215289,5663510.46939679
0.00155897864611433,331.880495428505,515237.787215289,5663510.46939679
0.0010754959409945,331.880495428505,515737.787215289,5663510.46939679
0.00372620674105694,331.880495428505,516237.787215289,5663510.46939679
0.00273611548283858,331.880495428505,516737.787215289,5663510.46939679
0.00479068628394935,331.880495428505,517237.787215289,5663510.46939679
0.00510820785184025,331.880495428505,517737.787215289,5663510.46939679
0.000705566977255276,331.880495428505,518237.787215289,5663510.46939679
0.00619594699348082,331.880495428505,518737.787215289,5663510.46939679
0.00177614507814295,331.880495428505,519237.787215289,5663510.46939679
0.00542241198911302,331.880495428505,519737.787215289,5663510.46939679
0.00396755854494359,331.880495428505,520237.787215289,5663510.46939679
0.00328887383768865,331.880495428505,520737.787215289,5663510.46939679
0.0073558823517608,331.880495428505,521237.787215289,5663510.46939679
0.00734476358745596,331.880495428505,521737.787215289,5663510.46939679
0.00505613183438236,331.880495428505,522237.787215289,5663510.46939679
0.0053830207884852,331.880495428505,522737.787215289,5663510.46939679
0.0050662421967658,331.880495428505,523237.787215289,5663510.46939679
0.00508019339941707,331.880495428505,523737.787215289,5663510.46939679
0.00396865354128437,331.880495428505,524237.787215289,5663510.46939679
0.000121303726113161,331.880495428505,486737.787215289,5664010.46939679
0.00012930289597579,331.880495428505,487237.787215289,5664010.46939679
0.00394361781625682,331.880495428505,487737.787215289,5664010.46939679
0.00308996939716035,331.880495428505,488237.787215289,5664010.46939679
0.000148019446648975,331.880495428505,488737.787215289,5664010.46939679
0.000122088690251356,331.880495428505,489237.787215289,5664010.46939679
0.000147079727283427,331.880495428505,489737.787215289,5664010.46939679
0.000122873504547423,331.880495428505,490237.787215289,5664010.46939679
0.000167592230307977,331.880495428505,490737.787215289,5664010.46939679
0.000275376513518869,331.880495428505,491237.787215289,5664010.46939679
0.000201897648977727,331.880495428505,491737.787215289,5664010.46939679
0.000309786394990452,331.880495428505,492237.787215289,5664010.46939679
0.000311777773479445,331.880495428505,492737.787215289,5664010.46939679
0.000291166327756208,331.880495428505,493237.787215289,5664010.46939679
0.000612582828048669,331.880495428505,493737.787215289,5664010.46939679
0.000138112099535362,331.880495428505,494237.787215289,5664010.46939679
0.000156499135552181,331.880495428505,494737.787215289,5664010.46939679
0.000177186323591731,331.880495428505,495237.787215289,5664010.46939679
0.000481440022453187,331.880495428505,495737.787215289,5664010.46939679
0.00035297711999837,331.880495428505,496237.787215289,5664010.46939679
0.000148019446648975,331.880495428505,496737.787215289,5664010.46939679
0.000258792043518689,331.880495428505,497237.787215289,5664010.46939679
0.000227125923102996,331.880495428505,497737.787215289,5664010.46939679
0.00022686890493247,331.880495428505,498237.787215289,5664010.46939679
0.00065088599596761,331.880495428505,498737.787215289,5664010.46939679
0.00224967761467315,331.880495428505,499237.787215289,5664010.46939679
0.000146527350179645,331.880495428505,499737.787215289,5664010.46939679
0.000146527350179645,331.880495428505,500237.787215289,5664010.46939679
0.00012153957616063,331.880495428505,500737.787215289,5664010.46939679
0.000129323319779234,331.880495428505,501237.787215289,5664010.46939679
0.000129419715771654,331.880495428505,501737.787215289,5664010.46939679
0.00015611513359763,331.880495428505,502237.787215289,5664010.46939679
0.00348318519557102,331.880495428505,502737.787215289,5664010.46939679
0.00199379280252509,331.880495428505,503237.787215289,5664010.46939679
0.00255665814183643,331.880495428505,503737.787215289,5664010.46939679
0.00541936180773467,331.880495428505,504237.787215289,5664010.46939679
0.00329818589319126,331.880495428505,504737.787215289,5664010.46939679
0.00422777277823324,331.880495428505,505237.787215289,5664010.46939679
0.00509317993303591,331.880495428505,505737.787215289,5664010.46939679
0.00541936180773467,331.880495428505,506237.787215289,5664010.46939679
0.0044985314925798,331.880495428505,506737.787215289,5664010.46939679
0.00165969988665636,331.880495428505,507237.787215289,5664010.46939679
0.00507676373443738,331.880495428505,507737.787215289,5664010.46939679
0.00540917321472398,331.880495428505,508237.787215289,5664010.46939679
0.0054130099141658,331.880495428505,508737.787215289,5664010.46939679
0.00422842412001427,331.880495428505,509237.787215289,5664010.46939679
0.00580775267430408,331.880495428505,509737.787215289,5664010.46939679
0.00545819423508204,331.880495428505,510237.787215289,5664010.46939679
0.0018883642896141,331.880495428505,510737.787215289,5664010.46939679
0.00373530352081297,331.880495428505,511237.787215289,5664010.46939679
0.00509396460171674,331.880495428505,511737.787215289,5664010.46939679
0.00372944820688813,331.880495428505,512237.787215289,5664010.46939679
0.00309039891522223,331.880495428505,512737.787215289,5664010.46939679
0.00420789534669624,331.880495428505,513237.787215289,5664010.46939679
0.00395009967628119,331.880495428505,513737.787215289,5664010.46939679
0.00175928749691725,331.880495428505,514237.787215289,5664010.46939679
0.00648549528582602,331.880495428505,514737.787215289,5664010.46939679
0.00272470842313992,331.880495428505,515237.787215289,5664010.46939679
0.00539961146502041,331.880495428505,515737.787215289,5664010.46939679
0.00611975634357648,331.880495428505,516237.787215289,5664010.46939679
0.00257009316128782,331.880495428505,516737.787215289,5664010.46939679
0.000699302036574748,331.880495428505,517237.787215289,5664010.46939679
0.002425264084883,331.880495428505,517737.787215289,5664010.46939679
0.00619594699348082,331.880495428505,518237.787215289,5664010.46939679
0.00582302381957808,331.880495428505,518737.787215289,5664010.46939679
0.00479684377615316,331.880495428505,519237.787215289,5664010.46939679
0.00787118825294316,331.880495428505,519737.787215289,5664010.46939679
0.00273419214755893,331.880495428505,520237.787215289,5664010.46939679
0.00421630367673042,331.880495428505,520737.787215289,5664010.46939679
0.00447706140398593,331.880495428505,521237.787215289,5664010.46939679
0.00573368134026677,331.880495428505,521737.787215289,5664010.46939679
0.00114037550517337,331.880495428505,522237.787215289,5664010.46939679
0.00572776490422742,331.880495428505,522737.787215289,5664010.46939679
0.00395229578819655,331.880495428505,523237.787215289,5664010.46939679
0.00737323954960022,331.880495428505,523737.787215289,5664010.46939679
0.00693927910725991,331.880495428505,524237.787215289,5664010.46939679
0.000137338530287298,331.880495428505,486737.787215289,5664510.46939679
0.000176361541909952,331.880495428505,487237.787215289,5664510.46939679
0.00240005836686384,331.880495428505,487737.787215289,5664510.46939679
0.00225815842323014,331.880495428505,488237.787215289,5664510.46939679
0.00257299309983062,331.880495428505,488737.787215289,5664510.46939679
0.000189738422107609,331.880495428505,489237.787215289,5664510.46939679
0.000311765677111332,331.880495428505,489737.787215289,5664510.46939679
0.000130737604211784,331.880495428505,490237.787215289,5664510.46939679
0.000148019446648975,331.880495428505,490737.787215289,5664510.46939679
0.000213474258513439,331.880495428505,491237.787215289,5664510.46939679
0.000129918948571326,331.880495428505,491737.787215289,5664510.46939679
0.000258802084533634,331.880495428505,492237.787215289,5664510.46939679
0.000243225241336221,331.880495428505,492737.787215289,5664510.46939679
0.000129872781687129,331.880495428505,493237.787215289,5664510.46939679
0.000147092575182825,331.880495428505,493737.787215289,5664510.46939679
0.000214827754433784,331.880495428505,494237.787215289,5664510.46939679
0.000167585728057069,331.880495428505,494737.787215289,5664510.46939679
0.000130737604211784,331.880495428505,495237.787215289,5664510.46939679
0.000375582788802655,331.880495428505,495737.787215289,5664510.46939679
0.000129907600713835,331.880495428505,496237.787215289,5664510.46939679
0.000291140895638491,331.880495428505,496737.787215289,5664510.46939679
0.000275365829448481,331.880495428505,497237.787215289,5664510.46939679
0.000331732046720089,331.880495428505,497737.787215289,5664510.46939679
0.00475624187078986,331.880495428505,498237.787215289,5664510.46939679
0.00505613183438236,331.880495428505,498737.787215289,5664510.46939679
0.000350038984404092,331.880495428505,499237.787215289,5664510.46939679
0.000166030734926003,331.880495428505,499737.787215289,5664510.46939679
0.00016577283047693,331.880495428505,500237.787215289,5664510.46939679
0.000146297659706275,331.880495428505,500737.787215289,5664510.46939679
0.000137392235802744,331.880495428505,501237.787215289,5664510.46939679
0.000146347402575513,331.880495428505,501737.787215289,5664510.46939679
0.000226207407437918,331.880495428505,502237.787215289,5664510.46939679
0.000372097834185662,331.880495428505,502737.787215289,5664510.46939679
0.00106999242318077,331.880495428505,503237.787215289,5664510.46939679
0.000541006837231018,331.880495428505,503737.787215289,5664510.46939679
0.00394440845452531,331.880495428505,504237.787215289,5664510.46939679
0.00348388352376614,331.880495428505,504737.787215289,5664510.46939679
0.00475624187078986,331.880495428505,505237.787215289,5664510.46939679
0.00309967387352675,331.880495428505,505737.787215289,5664510.46939679
0.00308351492690909,331.880495428505,506237.787215289,5664510.46939679
0.00146544401703692,331.880495428505,506737.787215289,5664510.46939679
0.00241143602661327,331.880495428505,507237.787215289,5664510.46939679
0.00290705037203755,331.880495428505,507737.787215289,5664510.46939679
0.00509072946922029,331.880495428505,508237.787215289,5664510.46939679
0.0061340322094909,331.880495428505,508737.787215289,5664510.46939679
0.00614028406063121,331.880495428505,509237.787215289,5664510.46939679
0.00243545626166524,331.880495428505,509737.787215289,5664510.46939679
0.00373797314371239,331.880495428505,510237.787215289,5664510.46939679
0.00257228019022883,331.880495428505,510737.787215289,5664510.46939679
0.000952218785235226,331.880495428505,511237.787215289,5664510.46939679
0.0042228175152939,331.880495428505,511737.787215289,5664510.46939679
0.00651409991632437,331.880495428505,512237.787215289,5664510.46939679
0.00539893609220292,331.880495428505,512737.787215289,5664510.46939679
0.000890695039151987,331.880495428505,513237.787215289,5664510.46939679
0.0010717383051977,331.880495428505,513737.787215289,5664510.46939679
0.00137156757870384,331.880495428505,514237.787215289,5664510.46939679
0.00572448792236691,331.880495428505,514737.787215289,5664510.46939679
0.00538901322359606,331.880495428505,515237.787215289,5664510.46939679
0.000330218876700156,331.880495428505,515737.787215289,5664510.46939679
0.00421288371526354,331.880495428505,516237.787215289,5664510.46939679
0.00166377871849789,331.880495428505,516737.787215289,5664510.46939679
0.000953535691827063,331.880495428505,517237.787215289,5664510.46939679
0.000513485703533688,331.880495428505,517737.787215289,5664510.46939679
0.0012260492604116,331.880495428505,518237.787215289,5664510.46939679
0.00582302381957808,331.880495428505,518737.787215289,5664510.46939679
0.00577941675714197,331.880495428505,519237.787215289,5664510.46939679
0.00479068628394935,331.880495428505,519737.787215289,5664510.46939679
0.000544391882873808,331.880495428505,520237.787215289,5664510.46939679
0.0030914346757073,331.880495428505,520737.787215289,5664510.46939679
0.00476977316579571,331.880495428505,521237.787215289,5664510.46939679
0.00610858979191181,331.880495428505,521737.787215289,5664510.46939679
0.00610233570179502,331.880495428505,522237.787215289,5664510.46939679
0.00538680741109064,331.880495428505,522737.787215289,5664510.46939679
0.00649314681104759,331.880495428505,523237.787215289,5664510.46939679
0.00784373935610568,331.880495428505,523737.787215289,5664510.46939679
0.00651953512929945,331.880495428505,524237.787215289,5664510.46939679
0.000155492930892159,331.880495428505,486737.787215289,5665010.46939679
0.000272255266521873,331.880495428505,487237.787215289,5665010.46939679
0.0034813574349358,331.880495428505,487737.787215289,5665010.46939679
0.00420093225124313,331.880495428505,488237.787215289,5665010.46939679
0.00329818589319126,331.880495428505,488737.787215289,5665010.46939679
0.00576643330675083,331.880495428505,489237.787215289,5665010.46939679
0.000189738422107609,331.880495428505,489737.787215289,5665010.46939679
0.000156499135552181,331.880495428505,490237.787215289,5665010.46939679
0.000227125923102996,331.880495428505,490737.787215289,5665010.46939679
0.000189738422107609,331.880495428505,491237.787215289,5665010.46939679
0.00035297711999837,331.880495428505,491737.787215289,5665010.46939679
0.000157505148137383,331.880495428505,492237.787215289,5665010.46939679
0.00013911581339266,331.880495428505,492737.787215289,5665010.46939679
0.00015638394281024,331.880495428505,493237.787215289,5665010.46939679
0.000311789811040315,331.880495428505,493737.787215289,5665010.46939679
0.000228594766561077,331.880495428505,494237.787215289,5665010.46939679
0.000122868737295654,331.880495428505,494737.787215289,5665010.46939679
0.000122868737295654,331.880495428505,495237.787215289,5665010.46939679
0.000122868737295654,331.880495428505,495737.787215289,5665010.46939679
0.000129860907294352,331.880495428505,496237.787215289,5665010.46939679
0.000138177572864442,331.880495428505,496737.787215289,5665010.46939679
0.000188533844778888,331.880495428505,497237.787215289,5665010.46939679
0.000275365829448481,331.880495428505,497737.787215289,5665010.46939679
0.000375582788802655,331.880495428505,498237.787215289,5665010.46939679
0.00100759442314081,331.880495428505,498737.787215289,5665010.46939679
0.00394361781625682,331.880495428505,499237.787215289,5665010.46939679
0.000188071239253058,331.880495428505,499737.787215289,5665010.46939679
0.000146527350179645,331.880495428505,500237.787215289,5665010.46939679
0.000187685882608653,331.880495428505,500737.787215289,5665010.46939679
0.000155639635884092,331.880495428505,501237.787215289,5665010.46939679
0.000155745542883128,331.880495428505,501737.787215289,5665010.46939679
0.000129362978457752,331.880495428505,502237.787215289,5665010.46939679
0.000212713340469843,331.880495428505,502737.787215289,5665010.46939679
0.000507519551539076,331.880495428505,503237.787215289,5665010.46939679
0.000737268943093028,331.880495428505,503737.787215289,5665010.46939679
0.00647506659500474,331.880495428505,504237.787215289,5665010.46939679
0.00446158813981582,331.880495428505,504737.787215289,5665010.46939679
0.000693627531822705,331.880495428505,505237.787215289,5665010.46939679
0.00199485624355916,331.880495428505,505737.787215289,5665010.46939679
0.000787351209891494,331.880495428505,506237.787215289,5665010.46939679
0.00448157641044321,331.880495428505,506737.787215289,5665010.46939679
0.00575355357648426,331.880495428505,507237.787215289,5665010.46939679
0.00612713575349024,331.880495428505,507737.787215289,5665010.46939679
0.00694786798713065,331.880495428505,508237.787215289,5665010.46939679
0.00613760470044457,331.880495428505,508737.787215289,5665010.46939679
0.00542489003408461,331.880495428505,509237.787215289,5665010.46939679
0.00202163595651892,331.880495428505,509737.787215289,5665010.46939679
0.00653352549180244,331.880495428505,510237.787215289,5665010.46939679
0.00541492321847409,331.880495428505,510737.787215289,5665010.46939679
0.00651953512929945,331.880495428505,511237.787215289,5665010.46939679
0.00256815578125999,331.880495428505,511737.787215289,5665010.46939679
0.00328905685105731,331.880495428505,512237.787215289,5665010.46939679
0.0019987794123013,331.880495428505,512737.787215289,5665010.46939679
0.00573274754623211,331.880495428505,513237.787215289,5665010.46939679
0.00505712017863582,331.880495428505,513737.787215289,5665010.46939679
0.00474457147933207,331.880495428505,514237.787215289,5665010.46939679
0.00370549593399459,331.880495428505,514737.787215289,5665010.46939679
0.00289536602026318,331.880495428505,515237.787215289,5665010.46939679
0.00226157690375329,331.880495428505,515737.787215289,5665010.46939679
0.00574612550093477,331.880495428505,516237.787215289,5665010.46939679
0.00508580672999272,331.880495428505,516737.787215289,5665010.46939679
0.00397554685547119,331.880495428505,517237.787215289,5665010.46939679
0.00274425704228259,331.880495428505,517737.787215289,5665010.46939679
0.0061165224766239,331.880495428505,518237.787215289,5665010.46939679
0.00547254623692716,331.880495428505,518737.787215289,5665010.46939679
0.00614954720949109,331.880495428505,519237.787215289,5665010.46939679
0.00695268405604744,331.880495428505,519737.787215289,5665010.46939679
0.00478058548472424,331.880495428505,520237.787215289,5665010.46939679
0.00737593948508596,331.880495428505,520737.787215289,5665010.46939679
0.00737040797792821,331.880495428505,521237.787215289,5665010.46939679
0.00650366370473192,331.880495428505,521737.787215289,5665010.46939679
0.00735641239438087,331.880495428505,522237.787215289,5665010.46939679
0.0044743941942761,331.880495428505,522737.787215289,5665010.46939679
0.0061013719820697,331.880495428505,523237.787215289,5665010.46939679
0.00650914681929095,331.880495428505,523737.787215289,5665010.46939679
0.00508410451471298,331.880495428505,524237.787215289,5665010.46939679
0.000176213209038863,331.880495428505,487237.787215289,5665510.46939679
0.000137967997566555,331.880495428505,487737.787215289,5665510.46939679
0.0060967788230281,331.880495428505,488237.787215289,5665510.46939679
0.00213580323669455,331.880495428505,488737.787215289,5665510.46939679
0.00371045717584667,331.880495428505,489237.787215289,5665510.46939679
0.000146942744248079,331.880495428505,489737.787215289,5665510.46939679
0.000156499135552181,331.880495428505,490237.787215289,5665510.46939679
0.000167585728057069,331.880495428505,490737.787215289,5665510.46939679
0.000201889815743638,331.880495428505,491237.787215289,5665510.46939679
0.000228577072301461,331.880495428505,491737.787215289,5665510.46939679
0.000214852515181009,331.880495428505,492237.787215289,5665510.46939679
0.000147079727283427,331.880495428505,492737.787215289,5665510.46939679
0.000241517000861333,331.880495428505,493237.787215289,5665510.46939679
0.000167598700947789,331.880495428505,493737.787215289,5665510.46939679
0.000157511229320742,331.880495428505,494237.787215289,5665510.46939679
0.000613106006623296,331.880495428505,494737.787215289,5665510.46939679
0.000122099355101223,331.880495428505,495237.787215289,5665510.46939679
0.000129799374690025,331.880495428505,495737.787215289,5665510.46939679
0.000129860907294352,331.880495428505,496237.787215289,5665510.46939679
0.000293001048242714,331.880495428505,496737.787215289,5665510.46939679
0.000311765677111332,331.880495428505,497237.787215289,5665510.46939679
0.000452462992564785,331.880495428505,497737.787215289,5665510.46939679
0.00035297711999837,331.880495428505,498237.787215289,5665510.46939679
0.000452462992564785,331.880495428505,498737.787215289,5665510.46939679
0.000576306624160665,331.880495428505,499237.787215289,5665510.46939679
0.000508546521094769,331.880495428505,499737.787215289,5665510.46939679
0.000508008732280226,331.880495428505,500237.787215289,5665510.46939679
0.000176663820167014,331.880495428505,500737.787215289,5665510.46939679
0.000240622009258681,331.880495428505,501237.787215289,5665510.46939679
0.000240798006903244,331.880495428505,501737.787215289,5665510.46939679
0.000176686279317303,331.880495428505,502237.787215289,5665510.46939679
0.000146770600175345,331.880495428505,502737.787215289,5665510.46939679
0.000121873214935916,331.880495428505,503237.787215289,5665510.46939679
0.000213192275779388,331.880495428505,503737.787215289,5665510.46939679
0.000188339496106693,331.880495428505,504237.787215289,5665510.46939679
0.00394517948533642,331.880495428505,504737.787215289,5665510.46939679
0.00475665734420825,331.880495428505,505237.787215289,5665510.46939679
0.00395229578819655,331.880495428505,505737.787215289,5665510.46939679
0.00574469946971703,331.880495428505,506237.787215289,5665510.46939679
0.00575047240753995,331.880495428505,506737.787215289,5665510.46939679
0.00575915105568548,331.880495428505,507237.787215289,5665510.46939679
0.00652687325415466,331.880495428505,507737.787215289,5665510.46939679
0.0035129911013897,331.880495428505,508237.787215289,5665510.46939679
0.00275739249134089,331.880495428505,508737.787215289,5665510.46939679
0.00130914895617765,331.880495428505,509237.787215289,5665510.46939679
0.00242059586620009,331.880495428505,509737.787215289,5665510.46939679
0.00309881503435342,331.880495428505,510237.787215289,5665510.46939679
0.00540970517355029,331.880495428505,510737.787215289,5665510.46939679
0.00290520725956309,331.880495428505,511237.787215289,5665510.46939679
0.00396050388946958,331.880495428505,511737.787215289,5665510.46939679
0.00129477127561919,331.880495428505,512237.787215289,5665510.46939679
0.00573637224491659,331.880495428505,512737.787215289,5665510.46939679
0.00690021408471945,331.880495428505,513237.787215289,5665510.46939679
0.00572156263899517,331.880495428505,513737.787215289,5665510.46939679
0.00732847779307412,331.880495428505,514237.787215289,5665510.46939679
0.00537719182671055,331.880495428505,514737.787215289,5665510.46939679
0.00394877148704975,331.880495428505,515237.787215289,5665510.46939679
0.00610644832409885,331.880495428505,515737.787215289,5665510.46939679
0.0015606736421087,331.880495428505,516237.787215289,5665510.46939679
0.00256974374607143,331.880495428505,516737.787215289,5665510.46939679
0.00614093132292767,331.880495428505,517237.787215289,5665510.46939679
0.00578344772459269,331.880495428505,517737.787215289,5665510.46939679
0.00659275323878131,331.880495428505,518237.787215289,5665510.46939679
0.00514316328478898,331.880495428505,518737.787215289,5665510.46939679
0.00510464751541761,331.880495428505,519237.787215289,5665510.46939679
0.00614093132292767,331.880495428505,519737.787215289,5665510.46939679
0.00613227017511584,331.880495428505,520237.787215289,5665510.46939679
0.00738595479509964,331.880495428505,520737.787215289,5665510.46939679
0.00612568867219836,331.880495428505,521237.787215289,5665510.46939679
0.00692833256366546,331.880495428505,521737.787215289,5665510.46939679
0.00574612550093477,331.880495428505,522237.787215289,5665510.46939679
0.00574209042914209,331.880495428505,522737.787215289,5665510.46939679
0.00573723474659448,331.880495428505,523237.787215289,5665510.46939679
0.00611260652724295,331.880495428505,523737.787215289,5665510.46939679
0.0002266744265091,331.880495428505,487737.787215289,5666010.46939679
0.000508837638439666,331.880495428505,488237.787215289,5666010.46939679
0.00477164436358819,331.880495428505,488737.787215289,5666010.46939679
0.0060967788230281,331.880495428505,489237.787215289,5666010.46939679
0.000214819419536881,331.880495428505,489737.787215289,5666010.46939679
0.000167585728057069,331.880495428505,490237.787215289,5666010.46939679
0.000122868737295654,331.880495428505,490737.787215289,5666010.46939679
0.000147079727283427,331.880495428505,491237.787215289,5666010.46939679
0.000122044807226831,331.880495428505,491737.787215289,5666010.46939679
0.000139126528994472,331.880495428505,492237.787215289,5666010.46939679
0.000228603548160167,331.880495428505,492737.787215289,5666010.46939679
0.000177217109460986,331.880495428505,493237.787215289,5666010.46939679
0.000311789811040315,331.880495428505,493737.787215289,5666010.46939679
0.000148030904904568,331.880495428505,494237.787215289,5666010.46939679
0.000129678325740172,331.880495428505,494737.787215289,5666010.46939679
0.000129706491476563,331.880495428505,495237.787215289,5666010.46939679
0.000156512806267967,331.880495428505,495737.787215289,5666010.46939679
0.000178325318199144,331.880495428505,496237.787215289,5666010.46939679
0.000275365829448481,331.880495428505,496737.787215289,5666010.46939679
0.000275365829448481,331.880495428505,497237.787215289,5666010.46939679
0.00013822725666465,331.880495428505,497737.787215289,5666010.46939679
0.000227125923102996,331.880495428505,498237.787215289,5666010.46939679
0.00155596435821698,331.880495428505,498737.787215289,5666010.46939679
0.00035297711999837,331.880495428505,499237.787215289,5666010.46939679
0.00576643330675083,331.880495428505,499737.787215289,5666010.46939679
0.000541425062604084,331.880495428505,500237.787215289,5666010.46939679
0.000421830807879267,331.880495428505,500737.787215289,5666010.46939679
0.000783421425134272,331.880495428505,501237.787215289,5666010.46939679
0.000574892540502519,331.880495428505,501737.787215289,5666010.46939679
0.000396441551985081,331.880495428505,502237.787215289,5666010.46939679
0.000200460434243807,331.880495428505,502737.787215289,5666010.46939679
0.00013816478927738,331.880495428505,503237.787215289,5666010.46939679
0.000138239331271536,331.880495428505,503737.787215289,5666010.46939679
0.000576504729426537,331.880495428505,504237.787215289,5666010.46939679
0.000576600633932451,331.880495428505,504737.787215289,5666010.46939679
0.0053927160704332,331.880495428505,505237.787215289,5666010.46939679
0.00610942039388419,331.880495428505,505737.787215289,5666010.46939679
0.00651061145617613,331.880495428505,506237.787215289,5666010.46939679
0.00350315785507544,331.880495428505,506737.787215289,5666010.46939679
0.00373312932767271,331.880495428505,507237.787215289,5666010.46939679
0.00577071114095254,331.880495428505,507737.787215289,5666010.46939679
0.00580775267430408,331.880495428505,508237.787215289,5666010.46939679
0.00376092111281757,331.880495428505,508737.787215289,5666010.46939679
0.00189995723683745,331.880495428505,509237.787215289,5666010.46939679
0.00200756223148383,331.880495428505,509737.787215289,5666010.46939679
0.00422243365417152,331.880495428505,510237.787215289,5666010.46939679
0.00256587131737826,331.880495428505,510737.787215289,5666010.46939679
0.00507398360546913,331.880495428505,511237.787215289,5666010.46939679
0.000227534435702223,331.880495428505,511737.787215289,5666010.46939679
0.000509640783884953,331.880495428505,512237.787215289,5666010.46939679
0.00255688147435961,331.880495428505,512737.787215289,5666010.46939679
0.00689346558497932,331.880495428505,513237.787215289,5666010.46939679
0.0060825451023138,331.880495428505,513737.787215289,5666010.46939679
0.00689557956873819,331.880495428505,514237.787215289,5666010.46939679
0.00446957717310271,331.880495428505,514737.787215289,5666010.46939679
0.00831850608115646,331.880495428505,515237.787215289,5666010.46939679
0.0053934968830751,331.880495428505,515737.787215289,5666010.46939679
0.00574716630176083,331.880495428505,516237.787215289,5666010.46939679
0.00612798363429361,331.880495428505,516737.787215289,5666010.46939679
0.00242017814295192,331.880495428505,517237.787215289,5666010.46939679
0.000700771601763849,331.880495428505,517737.787215289,5666010.46939679
0.00377081023446216,331.880495428505,518237.787215289,5666010.46939679
0.00701528415463902,331.880495428505,518737.787215289,5666010.46939679
0.00741230147182715,331.880495428505,519237.787215289,5666010.46939679
0.00510250685553645,331.880495428505,519737.787215289,5666010.46939679
0.00653421420663583,331.880495428505,520237.787215289,5666010.46939679
0.00330004221235773,331.880495428505,520737.787215289,5666010.46939679
0.00694431037090081,331.880495428505,521237.787215289,5666010.46939679
0.00693674113010944,331.880495428505,521737.787215289,5666010.46939679
0.00737479769521214,331.880495428505,522237.787215289,5666010.46939679
0.00507735616214616,331.880495428505,522737.787215289,5666010.46939679
0.00256313316655004,331.880495428505,523237.787215289,5666010.46939679
