"x","y","g0","sigma"
508737.787215289,5623510.46939679,0.511111255264424,4975.70697086139
509237.787215289,5623510.46939679,0.513227764050372,4976.43525956498
509737.787215289,5623510.46939679,0.508005886240932,4974.63884983595
510237.787215289,5623510.46939679,0.377944765446883,4929.26768997754
510737.787215289,5623510.46939679,0.372399651658358,4927.25351097423
511237.787215289,5623510.46939679,0.341979399799068,4915.98242857609
511737.787215289,5623510.46939679,0.451706261244193,4955.26893057577
512237.787215289,5623510.46939679,0.451706261244193,4955.26893057577
512737.787215289,5623510.46939679,0.452372247724623,4955.49912570537
513237.787215289,5623510.46939679,0.383815253892519,4931.3883572459
506237.787215289,5624010.46939679,0.508005886240932,4974.63884983595
506737.787215289,5624010.46939679,0.508005886240932,4974.63884983595
507237.787215289,5624010.46939679,0.377944765446883,4929.26768997754
507737.787215289,5624010.46939679,0.364035489168648,4924.19356686123
508237.787215289,5624010.46939679,0.377944765446883,4929.26768997754
508737.787215289,5624010.46939679,0.377944765446883,4929.26768997754
509237.787215289,5624010.46939679,0.377944765446883,4929.26768997754
509737.787215289,5624010.46939679,0.378440927891259,4929.44738008275
510237.787215289,5624010.46939679,0.508005886240932,4974.63884983595
510737.787215289,5624010.46939679,0.508005886240932,4974.63884983595
511237.787215289,5624010.46939679,0.355290035753787,4920.96383987292
511737.787215289,5624010.46939679,0.452039552509102,4955.38413723572
512237.787215289,5624010.46939679,0.452372247724623,4955.49912570537
512737.787215289,5624010.46939679,0.454026604493952,4956.07073944061
513237.787215289,5624010.46939679,0.510874441139728,4975.62549897918
513737.787215289,5624010.46939679,0.599504691707117,5006.66079799857
514237.787215289,5624010.46939679,0.509923752378545,4975.29846059614
514737.787215289,5624010.46939679,0.3804129133742,4930.16071252098
505237.787215289,5624510.46939679,0.352473461712511,4919.91662545167
505737.787215289,5624510.46939679,0.377944765446883,4929.26768997754
506237.787215289,5624510.46939679,0.508005886240932,4974.63884983595
506737.787215289,5624510.46939679,0.508005886240932,4974.63884983595
507237.787215289,5624510.46939679,0.508005886240932,4974.63884983595
507737.787215289,5624510.46939679,0.372399651658358,4927.25351097423
508237.787215289,5624510.46939679,0.364035489168648,4924.19356686123
508737.787215289,5624510.46939679,0.364035489168648,4924.19356686123
509237.787215289,5624510.46939679,0.364035489168648,4924.19356686123
509737.787215289,5624510.46939679,0.384296431434413,4931.56166797322
510237.787215289,5624510.46939679,0.508246862603905,4974.72171906263
510737.787215289,5624510.46939679,0.508246862603905,4974.72171906263
511237.787215289,5624510.46939679,0.368785199608166,4925.93451862279
511737.787215289,5624510.46939679,0.452704346352807,4955.61389596941
512237.787215289,5624510.46939679,0.453366671799595,4955.84275420901
512737.787215289,5624510.46939679,0.53343100341155,4983.40454852835
513237.787215289,5624510.46939679,0.693671586133396,5042.59578382633
513737.787215289,5624510.46939679,0.612529888632729,5011.38234680817
514237.787215289,5624510.46939679,0.510161955350968,4975.38039835248
514737.787215289,5624510.46939679,0.508487432173922,4974.80445108901
515237.787215289,5624510.46939679,0.508727675449941,4974.8870736248
515737.787215289,5624510.46939679,0.378935827119993,4929.62652744926
504237.787215289,5625010.46939679,0.286938979936324,4894.30287974488
504737.787215289,5625010.46939679,0.304419097658285,4901.40738286466
505237.787215289,5625010.46939679,0.332777406930651,4912.48737329806
505737.787215289,5625010.46939679,0.352473461712511,4919.91662545167
506237.787215289,5625010.46939679,0.377944765446883,4929.26768997754
506737.787215289,5625010.46939679,0.377944765446883,4929.26768997754
507237.787215289,5625010.46939679,0.508005886240932,4974.63884983595
507737.787215289,5625010.46939679,0.508005886240932,4974.63884983595
508237.787215289,5625010.46939679,0.451372294618646,4955.15347813421
508737.787215289,5625010.46939679,0.451372294618646,4955.15347813421
509237.787215289,5625010.46939679,0.451372294618646,4955.15347813421
509737.787215289,5625010.46939679,0.352473461712511,4919.91662545167
510237.787215289,5625010.46939679,0.517153311586873,4977.78677115171
510737.787215289,5625010.46939679,0.508246862603905,4974.72171906263
511237.787215289,5625010.46939679,0.452704346352807,4955.61389596941
511737.787215289,5625010.46939679,0.454026604493952,4956.07073944061
512237.787215289,5625010.46939679,0.510874441139728,4975.62549897918
512737.787215289,5625010.46939679,0.714721767444684,5051.41053231617
513237.787215289,5625010.46939679,0.5340493967844,4983.61850301342
513737.787215289,5625010.46939679,0.510399750806203,4975.46219885915
514237.787215289,5625010.46939679,0.509446365982843,4975.13425651577
514737.787215289,5625010.46939679,0.508246862603905,4974.72171906263
515237.787215289,5625010.46939679,0.378440927891259,4929.44738008275
515737.787215289,5625010.46939679,0.353040073823465,4920.12758006923
516237.787215289,5625010.46939679,0.33340468882583,4912.72704916905
516737.787215289,5625010.46939679,0.318439421260787,4906.94790035927
503237.787215289,5625510.46939679,0.220136069363564,4864.41124020741
503737.787215289,5625510.46939679,0.253143482292768,4879.81209252755
504237.787215289,5625510.46939679,0.269477529261568,4886.95349910946
504737.787215289,5625510.46939679,0.286938979936324,4894.30287974488
505237.787215289,5625510.46939679,0.312254969260653,4904.51997554368
505737.787215289,5625510.46939679,0.332777406930651,4912.48737329806
506237.787215289,5625510.46939679,0.451372294618646,4955.15347813421
506737.787215289,5625510.46939679,0.360802369610381,4923.00331407789
507237.787215289,5625510.46939679,0.372399651658358,4927.25351097423
507737.787215289,5625510.46939679,0.508005886240932,4974.63884983595
508237.787215289,5625510.46939679,0.451372294618646,4955.15347813421
508737.787215289,5625510.46939679,0.453696977464896,4955.95686976399
509237.787215289,5625510.46939679,0.451372294618646,4955.15347813421
509737.787215289,5625510.46939679,0.451372294618646,4955.15347813421
510237.787215289,5625510.46939679,0.508246862603905,4974.72171906263
510737.787215289,5625510.46939679,0.508727675449941,4974.8870736248
511237.787215289,5625510.46939679,0.662119315914918,5030.01456497669
511737.787215289,5625510.46939679,0.662453532783985,5030.14442868541
512237.787215289,5625510.46939679,0.545365371079083,4987.54236162808
512737.787215289,5625510.46939679,0.41195573905292,4941.40965452502
513237.787215289,5625510.46939679,0.510637299818195,4975.54391754989
513737.787215289,5625510.46939679,0.508967592337069,4974.96958666453
514237.787215289,5625510.46939679,0.508487432173922,4974.80445108901
514737.787215289,5625510.46939679,0.508246862603905,4974.72171906263
515237.787215289,5625510.46939679,0.372910467972721,4927.43952402939
515737.787215289,5625510.46939679,0.347879665611964,4918.20087198456
516237.787215289,5625510.46939679,0.312951901558429,4904.79481382904
516737.787215289,5625510.46939679,0.297011178238159,4898.42494791278
517237.787215289,5625510.46939679,0.270345667691848,4887.3254845476
502737.787215289,5626010.46939679,0.225688643276516,4867.10610854305
503237.787215289,5626010.46939679,0.23108179351325,4869.68038116394
503737.787215289,5626010.46939679,0.258743450804885,4882.29203371565
504237.787215289,5626010.46939679,0.275474422164073,4889.50852206093
504737.787215289,5626010.46939679,0.286142175559228,4893.97330671512
505237.787215289,5626010.46939679,0.30075038244981,4899.93536169762
505737.787215289,5626010.46939679,0.323117263962999,4908.76846355788
506237.787215289,5626010.46939679,0.451372294618646,4955.15347813421
506737.787215289,5626010.46939679,0.451372294618646,4955.15347813421
507237.787215289,5626010.46939679,0.360802369610381,4923.00331407789
507737.787215289,5626010.46939679,0.377944765446883,4929.26768997754
508237.787215289,5626010.46939679,0.508487432173922,4974.80445108901
508737.787215289,5626010.46939679,0.377447267260898,4929.087429732
509237.787215289,5626010.46939679,0.451706261244193,4955.26893057577
509737.787215289,5626010.46939679,0.451372294618646,4955.15347813421
510237.787215289,5626010.46939679,0.451706261244193,4955.26893057577
510737.787215289,5626010.46939679,0.379921823053662,4929.98319372776
511237.787215289,5626010.46939679,0.662119315914918,5030.01456497669
511737.787215289,5626010.46939679,0.665666110601025,5031.39612911621
512237.787215289,5626010.46939679,0.568640856200044,4995.6789744601
512737.787215289,5626010.46939679,0.39907948416044,4936.8513972263
513237.787215289,5626010.46939679,0.381391262923176,4930.51412111983
513737.787215289,5626010.46939679,0.508727675449941,4974.8870736248
514237.787215289,5626010.46939679,0.508487432173922,4974.80445108901
514737.787215289,5626010.46939679,0.378440927891259,4929.44738008275
515237.787215289,5626010.46939679,0.361345057155846,4923.20340213774
515737.787215289,5626010.46939679,0.341979399799068,4915.98242857609
516237.787215289,5626010.46939679,0.305867484016065,4901.98589346368
516737.787215289,5626010.46939679,0.287732548822459,4894.63059337455
517237.787215289,5626010.46939679,0.261483467595255,4883.49314839128
517737.787215289,5626010.46939679,0.252194093416622,4879.38821246933
501737.787215289,5626510.46939679,0.236325175789713,4872.14445140177
502237.787215289,5626510.46939679,0.23735662748729,4872.62484602728
502737.787215289,5626510.46939679,0.24639668522463,4876.77729065378
503237.787215289,5626510.46939679,0.25123990926248,4878.96116173272
503737.787215289,5626510.46939679,0.275474422164073,4889.50852206093
504237.787215289,5626510.46939679,0.292427151622938,4896.55884346456
504737.787215289,5626510.46939679,0.310148985920393,4903.68752101852
505237.787215289,5626510.46939679,0.310148985920393,4903.68752101852
505737.787215289,5626510.46939679,0.307305096007326,4902.55865453335
506237.787215289,5626510.46939679,0.326391007888132,4910.03476858847
506737.787215289,5626510.46939679,0.451372294618646,4955.15347813421
507237.787215289,5626510.46939679,0.451372294618646,4955.15347813421
507737.787215289,5626510.46939679,0.372399651658358,4927.25351097423
508237.787215289,5626510.46939679,0.508967592337069,4974.96958666453
508737.787215289,5626510.46939679,0.238626523415799,4873.21438940009
509237.787215289,5626510.46939679,0.451706261244193,4955.26893057577
509737.787215289,5626510.46939679,0.341979399799068,4915.98242857609
510237.787215289,5626510.46939679,0.361345057155846,4923.20340213774
510737.787215289,5626510.46939679,0.36456913547077,4924.38961543933
511237.787215289,5626510.46939679,0.396844646224389,4936.0558327577
511737.787215289,5626510.46939679,0.547080670579515,4988.13873664083
512237.787215289,5626510.46939679,0.541681978651335,4986.26320673068
512737.787215289,5626510.46939679,0.376448352926845,4928.7252265317
513237.787215289,5626510.46939679,0.362425756008244,4923.60149047601
513737.787215289,5626510.46939679,0.378440927891259,4929.44738008275
514237.787215289,5626510.46939679,0.516008382829397,4977.39248227837
514737.787215289,5626510.46939679,0.361345057155846,4923.20340213774
515237.787215289,5626510.46939679,0.341979399799068,4915.98242857609
515737.787215289,5626510.46939679,0.323117263962999,4908.76846355788
516237.787215289,5626510.46939679,0.293967187528718,4897.18758382535
516737.787215289,5626510.46939679,0.273779863967455,4888.7899588011
517237.787215289,5626510.46939679,0.242431736072177,4874.96859233584
517737.787215289,5626510.46939679,0.232142146448353,4870.18169673375
518237.787215289,5626510.46939679,0.223487337621123,4866.04327223599
518737.787215289,5626510.46939679,0.216723625500808,4862.73155906954
501237.787215289,5627010.46939679,0.241427491878895,4874.50741127501
501737.787215289,5627010.46939679,0.24639668522463,4876.77729065378
502237.787215289,5627010.46939679,0.249317324331622,4878.09752440911
502737.787215289,5627010.46939679,0.257821339046659,4881.88602519235
503237.787215289,5627010.46939679,0.262388207808778,4883.88802577367
503737.787215289,5627010.46939679,0.282108233105312,4892.2966099126
504237.787215289,5627010.46939679,0.302226160878992,4900.52866021373
504737.787215289,5627010.46939679,0.321126284897789,4907.99522547319
505237.787215289,5627010.46939679,0.321126284897789,4907.99522547319
505737.787215289,5627010.46939679,0.312951901558429,4904.79481382904
506237.787215289,5627010.46939679,0.321126284897789,4907.99522547319
506737.787215289,5627010.46939679,0.451372294618646,4955.15347813421
507237.787215289,5627010.46939679,0.451372294618646,4955.15347813421
507737.787215289,5627010.46939679,0.360802369610381,4923.00331407789
508237.787215289,5627010.46939679,0.508005886240932,4974.63884983595
508737.787215289,5627010.46939679,0.238626523415799,4873.21438940009
509237.787215289,5627010.46939679,0.451706261244193,4955.26893057577
509737.787215289,5627010.46939679,0.353040073823465,4920.12758006923
510237.787215289,5627010.46939679,0.348459924641145,4918.41813769804
510737.787215289,5627010.46939679,0.355290035753787,4920.96383987292
511237.787215289,5627010.46939679,0.385254959491638,4931.90668654832
511737.787215289,5627010.46939679,0.419673030363237,4944.12280216127
512237.787215289,5627010.46939679,0.565643565956165,4994.62526552755
512737.787215289,5627010.46939679,0.384776308835112,4931.73443526748
513237.787215289,5627010.46939679,0.356405185758625,4921.3774853116
513737.787215289,5627010.46939679,0.378440927891259,4929.44738008275
514237.787215289,5627010.46939679,0.514623905360968,4976.91581659013
514737.787215289,5627010.46939679,0.36456913547077,4924.38961543933
515237.787215289,5627010.46939679,0.330248040936831,4911.51874429858
515737.787215289,5627010.46939679,0.314338363753335,4905.34062853485
516237.787215289,5627010.46939679,0.286938979936324,4894.30287974488
516737.787215289,5627010.46939679,0.267729407311648,4886.20223585991
517237.787215289,5627010.46939679,0.233196605687656,4870.67869500842
517737.787215289,5627010.46939679,0.221259859267649,4864.96042115906
518237.787215289,5627010.46939679,0.214413407435253,4861.58387084235
518737.787215289,5627010.46939679,0.207304637508709,4857.99649243197
519237.787215289,5627010.46939679,0.202408260311013,4855.47405872145
519737.787215289,5627010.46939679,0.196097121158405,4852.15664402634
520237.787215289,5627010.46939679,0.192202215583475,4850.07004913044
500237.787215289,5627510.46939679,0.257821339046659,4881.88602519235
500737.787215289,5627510.46939679,0.260574469700827,4883.09555520855
501237.787215289,5627510.46939679,0.272927025731657,4888.4273124062
501737.787215289,5627510.46939679,0.281291322387851,4891.95537073613
502237.787215289,5627510.46939679,0.284538634095151,4893.30844766116
502737.787215289,5627510.46939679,0.2931987162634,4896.8740765772
503237.787215289,5627510.46939679,0.297011178238159,4898.42494791278
503737.787215289,5627510.46939679,0.309441909482252,4903.40736305662
504237.787215289,5627510.46939679,0.31776192456307,4906.68311064141
504737.787215289,5627510.46939679,0.326391007888132,4910.03476858847
505237.787215289,5627510.46939679,0.451372294618646,4955.15347813421
505737.787215289,5627510.46939679,0.451372294618646,4955.15347813421
506237.787215289,5627510.46939679,0.451372294618646,4955.15347813421
506737.787215289,5627510.46939679,0.451372294618646,4955.15347813421
507237.787215289,5627510.46939679,0.451372294618646,4955.15347813421
507737.787215289,5627510.46939679,0.451372294618646,4955.15347813421
508237.787215289,5627510.46939679,0.451372294618646,4955.15347813421
508737.787215289,5627510.46939679,0.508005886240932,4974.63884983595
509237.787215289,5627510.46939679,0.508005886240932,4974.63884983595
509737.787215289,5627510.46939679,0.508246862603905,4974.72171906263
510237.787215289,5627510.46939679,0.361345057155846,4923.20340213774
510737.787215289,5627510.46939679,0.343173920410927,4916.43293422535
511237.787215289,5627510.46939679,0.37085898376797,4926.69189078934
511737.787215289,5627510.46939679,0.397293712749538,4936.21580443113
512237.787215289,5627510.46939679,0.555026633856654,4990.90762736844
512737.787215289,5627510.46939679,0.388572384239143,4933.09851477333
513237.787215289,5627510.46939679,0.379921823053662,4929.98319372776
513737.787215289,5627510.46939679,0.508487432173922,4974.80445108901
514237.787215289,5627510.46939679,0.238626523415799,4873.21438940009
514737.787215289,5627510.46939679,0.337126096569933,4914.14459726236
515237.787215289,5627510.46939679,0.312254969260653,4904.51997554368
515737.787215289,5627510.46939679,0.289310078201249,4895.28052274906
516237.787215289,5627510.46939679,0.261483467595255,4883.49314839128
516737.787215289,5627510.46939679,0.245413163476391,4876.33041875518
517237.787215289,5627510.46939679,0.212074049106039,4860.41278652435
517737.787215289,5627510.46939679,0.196097121158405,4852.15664402634
518237.787215289,5627510.46939679,0.186874084549585,4847.16424744025
518737.787215289,5627510.46939679,0.186874084549585,4847.16424744025
519237.787215289,5627510.46939679,0.182770897027725,4844.88393917518
519737.787215289,5627510.46939679,0.177147408828393,4841.69500911152
520237.787215289,5627510.46939679,0.174266562379123,4840.03136932925
520737.787215289,5627510.46939679,0.169853654171881,4837.44150704737
521237.787215289,5627510.46939679,0.162237299771293,4832.84603598985
499737.787215289,5628010.46939679,0.284538634095151,4893.30844766116
500237.787215289,5628010.46939679,0.269477529261568,4886.95349910946
500737.787215289,5628010.46939679,0.272070420450488,4888.06237811629
501237.787215289,5628010.46939679,0.283731884078207,4892.97313515893
501737.787215289,5628010.46939679,0.2931987162634,4896.8740765772
502237.787215289,5628010.46939679,0.297011178238159,4898.42494791278
502737.787215289,5628010.46939679,0.305867484016065,4901.98589346368
503237.787215289,5628010.46939679,0.309441909482252,4903.40736305662
503737.787215289,5628010.46939679,0.323117263962999,4908.76846355788
504237.787215289,5628010.46939679,0.330248040936831,4911.51874429858
504737.787215289,5628010.46939679,0.336510826507556,4913.91073826268
505237.787215289,5628010.46939679,0.451372294618646,4955.15347813421
505737.787215289,5628010.46939679,0.451372294618646,4955.15347813421
506237.787215289,5628010.46939679,0.451372294618646,4955.15347813421
506737.787215289,5628010.46939679,0.451372294618646,4955.15347813421
507237.787215289,5628010.46939679,0.451372294618646,4955.15347813421
507737.787215289,5628010.46939679,0.451372294618646,4955.15347813421
508237.787215289,5628010.46939679,0.451372294618646,4955.15347813421
508737.787215289,5628010.46939679,0.451372294618646,4955.15347813421
509237.787215289,5628010.46939679,0.508005886240932,4974.63884983595
509737.787215289,5628010.46939679,0.508246862603905,4974.72171906263
510237.787215289,5628010.46939679,0.372910467972721,4927.43952402939
510737.787215289,5628010.46939679,0.349038362224923,4918.63456350976
511237.787215289,5628010.46939679,0.373928044073677,4927.80978667515
511737.787215289,5628010.46939679,0.40347082345464,4938.41069257089
512237.787215289,5628010.46939679,0.571418340169987,4996.65718602918
512737.787215289,5628010.46939679,0.388102015867241,4932.92973967105
513237.787215289,5628010.46939679,0.379429459908456,4929.80513201741
513737.787215289,5628010.46939679,0.508487432173922,4974.80445108901
514237.787215289,5628010.46939679,0.461760506062581,4958.73939077881
514737.787215289,5628010.46939679,0.334653124349829,4913.20342496646
515237.787215289,5628010.46939679,0.308732282660222,4903.12585526009
515737.787215289,5628010.46939679,0.283731884078207,4892.97313515893
516237.787215289,5628010.46939679,0.253143482292768,4879.81209252755
516737.787215289,5628010.46939679,0.23735662748729,4872.62484602728
517237.787215289,5628010.46939679,0.206092735540719,4857.37619354013
517737.787215289,5628010.46939679,0.190884943178944,4849.35728175737
518237.787215289,5628010.46939679,0.178570213027688,4842.50903484954
518737.787215289,5628010.46939679,0.169853654171881,4837.44150704737
519237.787215289,5628010.46939679,0.165324723549297,4834.72877437842
519737.787215289,5628010.46939679,0.160672201504363,4831.88086186033
520237.787215289,5628010.46939679,0.157497684905857,4829.90018002585
520737.787215289,5628010.46939679,0.154261740620563,4827.84833209261
521237.787215289,5628010.46939679,0.147593188332337,4823.50906746423
521737.787215289,5628010.46939679,0.238626523415799,4873.21438940009
522237.787215289,5628010.46939679,0.174266562379123,4840.03136932925
499237.787215289,5628510.46939679,0.305867484016065,4901.98589346368
499737.787215289,5628510.46939679,0.283731884078207,4892.97313515893
500237.787215289,5628510.46939679,0.2931987162634,4896.8740765772
500737.787215289,5628510.46939679,0.297011178238159,4898.42494791278
501237.787215289,5628510.46939679,0.308732282660222,4903.12585526009
501737.787215289,5628510.46939679,0.31776192456307,4906.68311064141
502237.787215289,5628510.46939679,0.323117263962999,4908.76846355788
502737.787215289,5628510.46939679,0.330248040936831,4911.51874429858
503237.787215289,5628510.46939679,0.336510826507556,4913.91073826268
503737.787215289,5628510.46939679,0.350190260319063,4919.06508682073
504237.787215289,5628510.46939679,0.352473461712511,4919.91662545167
504737.787215289,5628510.46939679,0.364035489168648,4924.19356686123
505237.787215289,5628510.46939679,0.372399651658358,4927.25351097423
505737.787215289,5628510.46939679,0.377944765446883,4929.26768997754
506237.787215289,5628510.46939679,0.508005886240932,4974.63884983595
506737.787215289,5628510.46939679,0.508246862603905,4974.72171906263
507237.787215289,5628510.46939679,0.508487432173922,4974.80445108901
507737.787215289,5628510.46939679,0.508246862603905,4974.72171906263
508237.787215289,5628510.46939679,0.508487432173922,4974.80445108901
508737.787215289,5628510.46939679,0.508246862603905,4974.72171906263
509237.787215289,5628510.46939679,0.508005886240932,4974.63884983595
509737.787215289,5628510.46939679,0.508005886240932,4974.63884983595
510237.787215289,5628510.46939679,0.451706261244193,4955.26893057577
510737.787215289,5628510.46939679,0.452039552509102,4955.38413723572
511237.787215289,5628510.46939679,0.365631891773939,4924.77970564023
511737.787215289,5628510.46939679,0.389509602403502,4933.43459807516
512237.787215289,5628510.46939679,0.555026633856654,4990.90762736844
512737.787215289,5628510.46939679,0.396844646224389,4936.0558327577
513237.787215289,5628510.46939679,0.374434796517472,4927.99403613221
513737.787215289,5628510.46939679,0.508246862603905,4974.72171906263
514237.787215289,5628510.46939679,0.39367060044907,4934.92350146192
514737.787215289,5628510.46939679,0.323776472162723,4909.02395751689
515237.787215289,5628510.46939679,0.30075038244981,4899.93536169762
515737.787215289,5628510.46939679,0.277988735736272,4890.56986263401
516237.787215289,5628510.46939679,0.244424492747072,4875.88002918648
516737.787215289,5628510.46939679,0.223487337621123,4866.04327223599
517237.787215289,5628510.46939679,0.193509897065808,4850.77405701299
517737.787215289,5628510.46939679,0.179981622525565,4843.31167545197
518237.787215289,5628510.46939679,0.165324723549297,4834.72877437842
518737.787215289,5628510.46939679,0.152619774626411,4826.79405511161
519237.787215289,5628510.46939679,0.157497684905857,4829.90018002585
519737.787215289,5628510.46939679,0.152619774626411,4826.79405511161
520237.787215289,5628510.46939679,0.150961309673497,4825.71993824739
520737.787215289,5628510.46939679,0.147593188332337,4823.50906746423
521237.787215289,5628510.46939679,0.138852417274884,4817.57489037694
521737.787215289,5628510.46939679,0.137045193870479,4816.31010566449
522237.787215289,5628510.46939679,0.129599424905885,4810.94968448017
522737.787215289,5628510.46939679,0.123767479052169,4806.5694125636
523237.787215289,5628510.46939679,0.119749350536903,4803.44967025295
523737.787215289,5628510.46939679,0.111364712407748,4796.64336514201
498737.787215289,5629010.46939679,0.341979399799068,4915.98242857609
499237.787215289,5629010.46939679,0.30075038244981,4899.93536169762
499737.787215289,5629010.46939679,0.296254626482713,4898.1180745183
500237.787215289,5629010.46939679,0.305867484016065,4901.98589346368
500737.787215289,5629010.46939679,0.309441909482252,4903.40736305662
501237.787215289,5629010.46939679,0.321792229327965,4908.25412470301
501737.787215289,5629010.46939679,0.330248040936831,4911.51874429858
502237.787215289,5629010.46939679,0.336510826507556,4913.91073826268
502737.787215289,5629010.46939679,0.341979399799068,4915.98242857609
503237.787215289,5629010.46939679,0.350190260319063,4919.06508682073
503737.787215289,5629010.46939679,0.364035489168648,4924.19356686123
504237.787215289,5629010.46939679,0.364035489168648,4924.19356686123
504737.787215289,5629010.46939679,0.377944765446883,4929.26768997754
505237.787215289,5629010.46939679,0.377944765446883,4929.26768997754
505737.787215289,5629010.46939679,0.508967592337069,4974.96958666453
506237.787215289,5629010.46939679,0.509685222559027,4975.21641331541
506737.787215289,5629010.46939679,0.238626523415799,4873.21438940009
507237.787215289,5629010.46939679,0.238626523415799,4873.21438940009
507737.787215289,5629010.46939679,0.238626523415799,4873.21438940009
508237.787215289,5629010.46939679,0.238626523415799,4873.21438940009
508737.787215289,5629010.46939679,0.238626523415799,4873.21438940009
509237.787215289,5629010.46939679,0.508487432173922,4974.80445108901
509737.787215289,5629010.46939679,0.508005886240932,4974.63884983595
510237.787215289,5629010.46939679,0.508246862603905,4974.72171906263
510737.787215289,5629010.46939679,0.452039552509102,4955.38413723572
511237.787215289,5629010.46939679,0.453366671799595,4955.84275420901
511737.787215289,5629010.46939679,0.389509602403502,4933.43459807516
512237.787215289,5629010.46939679,0.546510997564593,4987.94062251726
512737.787215289,5629010.46939679,0.403036279182533,4938.25661998212
513237.787215289,5629010.46939679,0.37494016184586,4928.1776884379
513737.787215289,5629010.46939679,0.508487432173922,4974.80445108901
514237.787215289,5629010.46939679,0.391832617597895,4934.26646697633
514737.787215289,5629010.46939679,0.323776472162723,4909.02395751689
515237.787215289,5629010.46939679,0.297011178238159,4898.42494791278
515737.787215289,5629010.46939679,0.272927025731657,4888.4273124062
516237.787215289,5629010.46939679,0.241427491878895,4874.50741127501
516737.787215289,5629010.46939679,0.220136069363564,4864.41124020741
517237.787215289,5629010.46939679,0.186874084549585,4847.16424744025
517737.787215289,5629010.46939679,0.174266562379123,4840.03136932925
518237.787215289,5629010.46939679,0.160672201504363,4831.88086186033
518737.787215289,5629010.46939679,0.145882615295986,4822.37062298577
519237.787215289,5629010.46939679,0.142406135464596,4820.0231889282
519737.787215289,5629010.46939679,0.137045193870479,4816.31010566449
520237.787215289,5629010.46939679,0.135216937551355,4815.01658702522
520737.787215289,5629010.46939679,0.133367011864724,4813.69299004443
521237.787215289,5629010.46939679,0.125736608457139,4808.06732080645
521737.787215289,5629010.46939679,0.119749350536903,4803.44967025295
522237.787215289,5629010.46939679,0.115618061899259,4800.14850510016
522737.787215289,5629010.46939679,0.113507248464434,4798.42300343546
523237.787215289,5629010.46939679,0.238626523415799,4873.21438940009
523737.787215289,5629010.46939679,0.238626523415799,4873.21438940009
524237.787215289,5629010.46939679,0.102449388411146,4788.90720643577
498737.787215289,5629510.46939679,0.331516831797693,4912.00507370933
499237.787215289,5629510.46939679,0.312254969260653,4904.51997554368
499737.787215289,5629510.46939679,0.321792229327965,4908.25412470301
500237.787215289,5629510.46939679,0.330248040936831,4911.51874429858
500737.787215289,5629510.46939679,0.336510826507556,4913.91073826268
501237.787215289,5629510.46939679,0.347879665611964,4918.20087198456
501737.787215289,5629510.46939679,0.352473461712511,4919.91662545167
502237.787215289,5629510.46939679,0.364035489168648,4924.19356686123
502737.787215289,5629510.46939679,0.364035489168648,4924.19356686123
503237.787215289,5629510.46939679,0.377944765446883,4929.26768997754
503737.787215289,5629510.46939679,0.508005886240932,4974.63884983595
504237.787215289,5629510.46939679,0.508727675449941,4974.8870736248
504737.787215289,5629510.46939679,0.509446365982843,4975.13425651577
505237.787215289,5629510.46939679,0.510399750806203,4975.46219885915
505737.787215289,5629510.46939679,0.238626523415799,4873.21438940009
506237.787215289,5629510.46939679,0.238626523415799,4873.21438940009
506737.787215289,5629510.46939679,0.238626523415799,4873.21438940009
507237.787215289,5629510.46939679,0.238626523415799,4873.21438940009
507737.787215289,5629510.46939679,0.238626523415799,4873.21438940009
508237.787215289,5629510.46939679,0.369305767149562,4926.12479073767
508737.787215289,5629510.46939679,0.238626523415799,4873.21438940009
509237.787215289,5629510.46939679,0.377944765446883,4929.26768997754
509737.787215289,5629510.46939679,0.508005886240932,4974.63884983595
510237.787215289,5629510.46939679,0.508005886240932,4974.63884983595
510737.787215289,5629510.46939679,0.508487432173922,4974.80445108901
511237.787215289,5629510.46939679,0.363500461180611,4923.99689512711
511737.787215289,5629510.46939679,0.377944765446883,4929.26768997754
512237.787215289,5629510.46939679,0.404336871019642,4938.71761398994
512737.787215289,5629510.46939679,0.403036279182533,4938.25661998212
513237.787215289,5629510.46939679,0.509207102153229,4975.05196248514
513737.787215289,5629510.46939679,0.508487432173922,4974.80445108901
514237.787215289,5629510.46939679,0.372910467972721,4927.43952402939
514737.787215289,5629510.46939679,0.322455869414933,4908.51186167667
515237.787215289,5629510.46939679,0.296254626482713,4898.1180745183
515737.787215289,5629510.46939679,0.271209955730475,4887.69510198609
516237.787215289,5629510.46939679,0.23735662748729,4872.62484602728
516737.787215289,5629510.46939679,0.215572106622318,4862.16057956976
517237.787215289,5629510.46939679,0.178570213027688,4842.50903484954
517737.787215289,5629510.46939679,0.162237299771293,4832.84603598985
518237.787215289,5629510.46939679,0.150961309673497,4825.71993824739
518737.787215289,5629510.46939679,0.133367011864724,4813.69299004443
519237.787215289,5629510.46939679,0.129599424905885,4810.94968448017
519737.787215289,5629510.46939679,0.123767479052169,4806.5694125636
520237.787215289,5629510.46939679,0.121772049325338,4805.03095871716
520737.787215289,5629510.46939679,0.119749350536903,4803.44967025295
521237.787215289,5629510.46939679,0.115618061899259,4800.14850510016
521737.787215289,5629510.46939679,0.109189145731808,4794.80607133446
522237.787215289,5629510.46939679,0.104733074980408,4790.94251763655
522737.787215289,5629510.46939679,0.104733074980408,4790.94251763655
523237.787215289,5629510.46939679,0.238626523415799,4873.21438940009
523737.787215289,5629510.46939679,0.111364712407748,4796.64336514201
524237.787215289,5629510.46939679,0.111364712407748,4796.64336514201
524737.787215289,5629510.46939679,0.117698370979219,4801.82307506073
525237.787215289,5629510.46939679,0.119749350536903,4803.44967025295
498237.787215289,5630010.46939679,0.347879665611964,4918.20087198456
498737.787215289,5630010.46939679,0.334653124349829,4913.20342496646
499237.787215289,5630010.46939679,0.336510826507556,4913.91073826268
499737.787215289,5630010.46939679,0.347879665611964,4918.20087198456
500237.787215289,5630010.46939679,0.352473461712511,4919.91662545167
500737.787215289,5630010.46939679,0.364035489168648,4924.19356686123
501237.787215289,5630010.46939679,0.372399651658358,4927.25351097423
501737.787215289,5630010.46939679,0.377944765446883,4929.26768997754
502237.787215289,5630010.46939679,0.508005886240932,4974.63884983595
502737.787215289,5630010.46939679,0.508005886240932,4974.63884983595
503237.787215289,5630010.46939679,0.508967592337069,4974.96958666453
503737.787215289,5630010.46939679,0.238626523415799,4873.21438940009
504237.787215289,5630010.46939679,0.238626523415799,4873.21438940009
504737.787215289,5630010.46939679,0.238626523415799,4873.21438940009
505237.787215289,5630010.46939679,0.238626523415799,4873.21438940009
505737.787215289,5630010.46939679,0.238626523415799,4873.21438940009
506237.787215289,5630010.46939679,0.456317186301487,4956.86171440694
506737.787215289,5630010.46939679,0.452372247724623,4955.49912570537
507237.787215289,5630010.46939679,0.451372294618646,4955.15347813421
507737.787215289,5630010.46939679,0.451372294618646,4955.15347813421
508237.787215289,5630010.46939679,0.511111255264424,4975.70697086139
508737.787215289,5630010.46939679,0.238626523415799,4873.21438940009
509237.787215289,5630010.46939679,0.355848413091348,4921.17102838031
509737.787215289,5630010.46939679,0.372399651658358,4927.25351097423
510237.787215289,5630010.46939679,0.508005886240932,4974.63884983595
510737.787215289,5630010.46939679,0.508487432173922,4974.80445108901
511237.787215289,5630010.46939679,0.380902651668634,4930.33766086957
511737.787215289,5630010.46939679,0.405628468042965,4939.17499118352
512237.787215289,5630010.46939679,0.428223743766705,4947.11464914885
512737.787215289,5630010.46939679,0.509923752378545,4975.29846059614
513237.787215289,5630010.46939679,0.509446365982843,4975.13425651577
513737.787215289,5630010.46939679,0.461760506062581,4958.73939077881
514237.787215289,5630010.46939679,0.454355632281495,4956.1843908342
514737.787215289,5630010.46939679,0.312951901558429,4904.79481382904
515237.787215289,5630010.46939679,0.290094055814216,4895.60276503301
515737.787215289,5630010.46939679,0.266849437587693,4885.82293195792
516237.787215289,5630010.46939679,0.233196605687656,4870.67869500842
516737.787215289,5630010.46939679,0.213247394857205,4861.00129953139
517237.787215289,5630010.46939679,0.175712918185514,4840.86922644503
517737.787215289,5630010.46939679,0.159092456194012,4830.89911277944
518237.787215289,5630010.46939679,0.144153779694943,4821.20899799479
518737.787215289,5630010.46939679,0.238626523415799,4873.21438940009
519237.787215289,5630010.46939679,0.125736608457139,4808.06732080645
519737.787215289,5630010.46939679,0.238626523415799,4873.21438940009
520237.787215289,5630010.46939679,0.115618061899259,4800.14850510016
520737.787215289,5630010.46939679,0.111364712407748,4796.64336514201
521237.787215289,5630010.46939679,0.111364712407748,4796.64336514201
521737.787215289,5630010.46939679,0.115618061899259,4800.14850510016
522237.787215289,5630010.46939679,0.117698370979219,4801.82307506073
522737.787215289,5630010.46939679,0.117698370979219,4801.82307506073
523237.787215289,5630010.46939679,0.119749350536903,4803.44967025295
523737.787215289,5630010.46939679,0.121772049325338,4805.03095871716
524237.787215289,5630010.46939679,0.123767479052169,4806.5694125636
524737.787215289,5630010.46939679,0.129599424905885,4810.94968448017
525237.787215289,5630010.46939679,0.135216937551355,4815.01658702522
525737.787215289,5630010.46939679,0.140639207026501,4818.81219358092
491237.787215289,5630510.46939679,0.238626523415799,4873.21438940009
491737.787215289,5630510.46939679,0.508005886240932,4974.63884983595
492237.787215289,5630510.46939679,0.238626523415799,4873.21438940009
492737.787215289,5630510.46939679,0.509207102153229,4975.05196248514
493237.787215289,5630510.46939679,0.238626523415799,4873.21438940009
493737.787215289,5630510.46939679,0.238626523415799,4873.21438940009
494237.787215289,5630510.46939679,0.509923752378545,4975.29846059614
494737.787215289,5630510.46939679,0.238626523415799,4873.21438940009
495237.787215289,5630510.46939679,0.238626523415799,4873.21438940009
495737.787215289,5630510.46939679,0.509207102153229,4975.05196248514
496237.787215289,5630510.46939679,0.53072376695588,4982.46840439947
496737.787215289,5630510.46939679,0.508005886240932,4974.63884983595
497237.787215289,5630510.46939679,0.377944765446883,4929.26768997754
497737.787215289,5630510.46939679,0.372399651658358,4927.25351097423
498237.787215289,5630510.46939679,0.360802369610381,4923.00331407789
498737.787215289,5630510.46939679,0.347879665611964,4918.20087198456
499237.787215289,5630510.46939679,0.350190260319063,4919.06508682073
499737.787215289,5630510.46939679,0.360802369610381,4923.00331407789
500237.787215289,5630510.46939679,0.364035489168648,4924.19356686123
500737.787215289,5630510.46939679,0.377944765446883,4929.26768997754
501237.787215289,5630510.46939679,0.377944765446883,4929.26768997754
501737.787215289,5630510.46939679,0.508246862603905,4974.72171906263
502237.787215289,5630510.46939679,0.509446365982843,4975.13425651577
502737.787215289,5630510.46939679,0.509923752378545,4975.29846059614
503237.787215289,5630510.46939679,0.238626523415799,4873.21438940009
503737.787215289,5630510.46939679,0.238626523415799,4873.21438940009
504237.787215289,5630510.46939679,0.238626523415799,4873.21438940009
504737.787215289,5630510.46939679,0.238626523415799,4873.21438940009
505237.787215289,5630510.46939679,0.238626523415799,4873.21438940009
505737.787215289,5630510.46939679,0.238626523415799,4873.21438940009
506237.787215289,5630510.46939679,0.451372294618646,4955.15347813421
506737.787215289,5630510.46939679,0.451372294618646,4955.15347813421
507237.787215289,5630510.46939679,0.451372294618646,4955.15347813421
507737.787215289,5630510.46939679,0.508005886240932,4974.63884983595
508237.787215289,5630510.46939679,0.510874441139728,4975.62549897918
508737.787215289,5630510.46939679,0.238626523415799,4873.21438940009
509237.787215289,5630510.46939679,0.366688769338353,4925.16719253942
509737.787215289,5630510.46939679,0.361345057155846,4923.20340213774
510237.787215289,5630510.46939679,0.377944765446883,4929.26768997754
510737.787215289,5630510.46939679,0.508487432173922,4974.80445108901
511237.787215289,5630510.46939679,0.381391262923176,4930.51412111983
511737.787215289,5630510.46939679,0.401288008785898,4937.63625133115
512237.787215289,5630510.46939679,0.544018254935276,4987.07430957222
512737.787215289,5630510.46939679,0.509923752378545,4975.29846059614
513237.787215289,5630510.46939679,0.509207102153229,4975.05196248514
513737.787215289,5630510.46939679,0.238626523415799,4873.21438940009
514237.787215289,5630510.46939679,0.459219678734596,4957.863261392
514737.787215289,5630510.46939679,0.305144654900416,4901.69736696841
515237.787215289,5630510.46939679,0.284538634095151,4893.30844766116
515737.787215289,5630510.46939679,0.263288770177419,4884.28024111535
516237.787215289,5630510.46939679,0.232142146448353,4870.18169673375
516737.787215289,5630510.46939679,0.212074049106039,4860.41278652435
517237.787215289,5630510.46939679,0.174266562379123,4840.03136932925
517737.787215289,5630510.46939679,0.157497684905857,4829.90018002585
518237.787215289,5630510.46939679,0.142406135464596,4820.0231889282
518737.787215289,5630510.46939679,0.135216937551355,4815.01658702522
519237.787215289,5630510.46939679,0.131494734505549,4812.33786511467
519737.787215289,5630510.46939679,0.238626523415799,4873.21438940009
520237.787215289,5630510.46939679,0.121772049325338,4805.03095871716
520737.787215289,5630510.46939679,0.115618061899259,4800.14850510016
521237.787215289,5630510.46939679,0.117698370979219,4801.82307506073
521737.787215289,5630510.46939679,0.121772049325338,4805.03095871716
522237.787215289,5630510.46939679,0.123767479052169,4806.5694125636
522737.787215289,5630510.46939679,0.123767479052169,4806.5694125636
523237.787215289,5630510.46939679,0.125736608457139,4808.06732080645
523737.787215289,5630510.46939679,0.129599424905885,4810.94968448017
524237.787215289,5630510.46939679,0.129599424905885,4810.94968448017
524737.787215289,5630510.46939679,0.138852417274884,4817.57489037694
525237.787215289,5630510.46939679,0.142406135464596,4820.0231889282
525737.787215289,5630510.46939679,0.147593188332337,4823.50906746423
526237.787215289,5630510.46939679,0.159092456194012,4830.89911277944
526737.787215289,5630510.46939679,0.163788034908898,4833.79516376729
489737.787215289,5631010.46939679,0.336510826507556,4913.91073826268
490237.787215289,5631010.46939679,0.334653124349829,4913.20342496646
490737.787215289,5631010.46939679,0.336510826507556,4913.91073826268
491237.787215289,5631010.46939679,0.347879665611964,4918.20087198456
491737.787215289,5631010.46939679,0.366688769338353,4925.16719253942
492237.787215289,5631010.46939679,0.238626523415799,4873.21438940009
492737.787215289,5631010.46939679,0.238626523415799,4873.21438940009
493237.787215289,5631010.46939679,0.238626523415799,4873.21438940009
493737.787215289,5631010.46939679,0.238626523415799,4873.21438940009
494237.787215289,5631010.46939679,0.238626523415799,4873.21438940009
494737.787215289,5631010.46939679,0.238626523415799,4873.21438940009
495237.787215289,5631010.46939679,0.238626523415799,4873.21438940009
495737.787215289,5631010.46939679,0.238626523415799,4873.21438940009
496237.787215289,5631010.46939679,0.530513667920908,4982.39578777595
496737.787215289,5631010.46939679,0.238626523415799,4873.21438940009
497237.787215289,5631010.46939679,0.508967592337069,4974.96958666453
497737.787215289,5631010.46939679,0.508005886240932,4974.63884983595
498237.787215289,5631010.46939679,0.377944765446883,4929.26768997754
498737.787215289,5631010.46939679,0.372399651658358,4927.25351097423
499237.787215289,5631010.46939679,0.377944765446883,4929.26768997754
499737.787215289,5631010.46939679,0.377944765446883,4929.26768997754
500237.787215289,5631010.46939679,0.508005886240932,4974.63884983595
500737.787215289,5631010.46939679,0.508727675449941,4974.8870736248
501237.787215289,5631010.46939679,0.509685222559027,4975.21641331541
501737.787215289,5631010.46939679,0.238626523415799,4873.21438940009
502237.787215289,5631010.46939679,0.238626523415799,4873.21438940009
502737.787215289,5631010.46939679,0.238626523415799,4873.21438940009
503237.787215289,5631010.46939679,0.238626523415799,4873.21438940009
503737.787215289,5631010.46939679,0.238626523415799,4873.21438940009
504237.787215289,5631010.46939679,0.238626523415799,4873.21438940009
504737.787215289,5631010.46939679,0.238626523415799,4873.21438940009
505237.787215289,5631010.46939679,0.238626523415799,4873.21438940009
505737.787215289,5631010.46939679,0.451372294618646,4955.15347813421
506237.787215289,5631010.46939679,0.451372294618646,4955.15347813421
506737.787215289,5631010.46939679,0.372399651658358,4927.25351097423
507237.787215289,5631010.46939679,0.508005886240932,4974.63884983595
507737.787215289,5631010.46939679,0.508005886240932,4974.63884983595
508237.787215289,5631010.46939679,0.451372294618646,4955.15347813421
508737.787215289,5631010.46939679,0.238626523415799,4873.21438940009
509237.787215289,5631010.46939679,0.238626523415799,4873.21438940009
509737.787215289,5631010.46939679,0.378440927891259,4929.44738008275
510237.787215289,5631010.46939679,0.508005886240932,4974.63884983595
510737.787215289,5631010.46939679,0.508967592337069,4974.96958666453
511237.787215289,5631010.46939679,0.375444212021877,4928.36077098235
511737.787215289,5631010.46939679,0.404336871019642,4938.71761398994
512237.787215289,5631010.46939679,0.573188729776823,4997.28162915193
512737.787215289,5631010.46939679,0.397293712749538,4936.21580443113
513237.787215289,5631010.46939679,0.375946943542122,4928.54328370156
513737.787215289,5631010.46939679,0.343173920410927,4916.43293422535
514237.787215289,5631010.46939679,0.327039190116128,4910.28474768814
514737.787215289,5631010.46939679,0.2931987162634,4896.8740765772
515237.787215289,5631010.46939679,0.271209955730475,4887.69510198609
515737.787215289,5631010.46939679,0.252194093416622,4879.38821246933
516237.787215289,5631010.46939679,0.223487337621123,4866.04327223599
516737.787215289,5631010.46939679,0.204872797011721,4856.74912806425
517237.787215289,5631010.46939679,0.169853654171881,4837.44150704737
517737.787215289,5631010.46939679,0.238626523415799,4873.21438940009
518237.787215289,5631010.46939679,0.238626523415799,4873.21438940009
518737.787215289,5631010.46939679,0.238626523415799,4873.21438940009
519237.787215289,5631010.46939679,0.145882615295986,4822.37062298577
519737.787215289,5631010.46939679,0.138852417274884,4817.57489037694
520237.787215289,5631010.46939679,0.133367011864724,4813.69299004443
520737.787215289,5631010.46939679,0.129599424905885,4810.94968448017
521237.787215289,5631010.46939679,0.129599424905885,4810.94968448017
521737.787215289,5631010.46939679,0.135216937551355,4815.01658702522
522237.787215289,5631010.46939679,0.137045193870479,4816.31010566449
522737.787215289,5631010.46939679,0.137045193870479,4816.31010566449
523237.787215289,5631010.46939679,0.140639207026501,4818.81219358092
523737.787215289,5631010.46939679,0.144153779694943,4821.20899799479
524237.787215289,5631010.46939679,0.144153779694943,4821.20899799479
524737.787215289,5631010.46939679,0.152619774626411,4826.79405511161
525237.787215289,5631010.46939679,0.157497684905857,4829.90018002585
525737.787215289,5631010.46939679,0.162237299771293,4832.84603598985
526237.787215289,5631010.46939679,0.174266562379123,4840.03136932925
526737.787215289,5631010.46939679,0.181381757378009,4844.10319509228
527237.787215289,5631010.46939679,0.188221055557947,4847.9046198625
527737.787215289,5631010.46939679,0.196097121158405,4852.15664402634
488737.787215289,5631510.46939679,0.323117263962999,4908.76846355788
489237.787215289,5631510.46939679,0.323117263962999,4908.76846355788
489737.787215289,5631510.46939679,0.323117263962999,4908.76846355788
490237.787215289,5631510.46939679,0.321792229327965,4908.25412470301
490737.787215289,5631510.46939679,0.323117263962999,4908.76846355788
491237.787215289,5631510.46939679,0.334653124349829,4913.20342496646
491737.787215289,5631510.46939679,0.352473461712511,4919.91662545167
492237.787215289,5631510.46939679,0.365101246266109,4924.58498591361
492737.787215289,5631510.46939679,0.365631891773939,4924.77970564023
493237.787215289,5631510.46939679,0.355290035753787,4920.96383987292
493737.787215289,5631510.46939679,0.350763561661817,4919.27912930092
494237.787215289,5631510.46939679,0.350190260319063,4919.06508682073
494737.787215289,5631510.46939679,0.353040073823465,4920.12758006923
495237.787215289,5631510.46939679,0.238626523415799,4873.21438940009
495737.787215289,5631510.46939679,0.238626523415799,4873.21438940009
496237.787215289,5631510.46939679,0.238626523415799,4873.21438940009
496737.787215289,5631510.46939679,0.238626523415799,4873.21438940009
497237.787215289,5631510.46939679,0.238626523415799,4873.21438940009
497737.787215289,5631510.46939679,0.508967592337069,4974.96958666453
498237.787215289,5631510.46939679,0.508005886240932,4974.63884983595
498737.787215289,5631510.46939679,0.377944765446883,4929.26768997754
499237.787215289,5631510.46939679,0.508005886240932,4974.63884983595
499737.787215289,5631510.46939679,0.508005886240932,4974.63884983595
500237.787215289,5631510.46939679,0.509685222559027,4975.21641331541
500737.787215289,5631510.46939679,0.238626523415799,4873.21438940009
501237.787215289,5631510.46939679,0.238626523415799,4873.21438940009
501737.787215289,5631510.46939679,0.238626523415799,4873.21438940009
502237.787215289,5631510.46939679,0.238626523415799,4873.21438940009
502737.787215289,5631510.46939679,0.238626523415799,4873.21438940009
503237.787215289,5631510.46939679,0.238626523415799,4873.21438940009
503737.787215289,5631510.46939679,0.238626523415799,4873.21438940009
504237.787215289,5631510.46939679,0.238626523415799,4873.21438940009
504737.787215289,5631510.46939679,0.339567951467366,4915.07077944546
505237.787215289,5631510.46939679,0.323117263962999,4908.76846355788
505737.787215289,5631510.46939679,0.326391007888132,4910.03476858847
506237.787215289,5631510.46939679,0.355290035753787,4920.96383987292
506737.787215289,5631510.46939679,0.614106412223626,5011.9579494007
507237.787215289,5631510.46939679,0.509207102153229,4975.05196248514
507737.787215289,5631510.46939679,0.508005886240932,4974.63884983595
508237.787215289,5631510.46939679,0.451372294618646,4955.15347813421
508737.787215289,5631510.46939679,0.508005886240932,4974.63884983595
509237.787215289,5631510.46939679,0.238626523415799,4873.21438940009
509737.787215289,5631510.46939679,0.238626523415799,4873.21438940009
510237.787215289,5631510.46939679,0.509685222559027,4975.21641331541
510737.787215289,5631510.46939679,0.509446365982843,4975.13425651577
511237.787215289,5631510.46939679,0.390906824860878,4933.93513748219
511737.787215289,5631510.46939679,0.39952321564129,4937.00919423588
512237.787215289,5631510.46939679,0.566816214674203,4995.03728286416
512737.787215289,5631510.46939679,0.403904354679204,4938.56435725295
513237.787215289,5631510.46939679,0.384776308835112,4931.73443526748
513737.787215289,5631510.46939679,0.342577572750104,4916.20811447544
514237.787215289,5631510.46939679,0.315715048619865,4905.88136553103
514737.787215289,5631510.46939679,0.285342029626361,4893.64182013589
515237.787215289,5631510.46939679,0.265965391953691,4885.4410989812
515737.787215289,5631510.46939679,0.245413163476391,4876.33041875518
516237.787215289,5631510.46939679,0.219005516329522,4863.85678293542
516737.787215289,5631510.46939679,0.201163405294982,4854.82573582224
517237.787215289,5631510.46939679,0.166847714411858,4835.64739757805
517737.787215289,5631510.46939679,0.159092456194012,4830.89911277944
518237.787215289,5631510.46939679,0.159092456194012,4830.89911277944
518737.787215289,5631510.46939679,0.157497684905857,4829.90018002585
519237.787215289,5631510.46939679,0.152619774626411,4826.79405511161
519737.787215289,5631510.46939679,0.145882615295986,4822.37062298577
520237.787215289,5631510.46939679,0.140639207026501,4818.81219358092
520737.787215289,5631510.46939679,0.137045193870479,4816.31010566449
521237.787215289,5631510.46939679,0.137045193870479,4816.31010566449
521737.787215289,5631510.46939679,0.142406135464596,4820.0231889282
522237.787215289,5631510.46939679,0.144153779694943,4821.20899799479
522737.787215289,5631510.46939679,0.144153779694943,4821.20899799479
523237.787215289,5631510.46939679,0.147593188332337,4823.50906746423
523737.787215289,5631510.46939679,0.150961309673497,4825.71993824739
524237.787215289,5631510.46939679,0.152619774626411,4826.79405511161
524737.787215289,5631510.46939679,0.160672201504363,4831.88086186033
525237.787215289,5631510.46939679,0.165324723549297,4834.72877437842
525737.787215289,5631510.46939679,0.169853654171881,4837.44150704737
526237.787215289,5631510.46939679,0.181381757378009,4844.10319509228
526737.787215289,5631510.46939679,0.189557984174279,4848.6355696933
527237.787215289,5631510.46939679,0.198647935479175,4853.50671687375
527737.787215289,5631510.46939679,0.204872797011721,4856.74912806425
528237.787215289,5631510.46939679,0.219005516329522,4863.85678293542
488237.787215289,5632010.46939679,0.284538634095151,4893.30844766116
488737.787215289,5632010.46939679,0.284538634095151,4893.30844766116
489237.787215289,5632010.46939679,0.284538634095151,4893.30844766116
489737.787215289,5632010.46939679,0.284538634095151,4893.30844766116
490237.787215289,5632010.46939679,0.283731884078207,4892.97313515893
490737.787215289,5632010.46939679,0.289310078201249,4895.28052274906
491237.787215289,5632010.46939679,0.30075038244981,4899.93536169762
491737.787215289,5632010.46939679,0.31776192456307,4906.68311064141
492237.787215289,5632010.46939679,0.323117263962999,4908.76846355788
492737.787215289,5632010.46939679,0.323117263962999,4908.76846355788
493237.787215289,5632010.46939679,0.31776192456307,4906.68311064141
493737.787215289,5632010.46939679,0.309441909482252,4903.40736305662
494237.787215289,5632010.46939679,0.309441909482252,4903.40736305662
494737.787215289,5632010.46939679,0.312254969260653,4904.51997554368
495237.787215289,5632010.46939679,0.334029907063722,4912.96572398322
495737.787215289,5632010.46939679,0.350190260319063,4919.06508682073
496237.787215289,5632010.46939679,0.356960348337413,4921.583210574
496737.787215289,5632010.46939679,0.238626523415799,4873.21438940009
497237.787215289,5632010.46939679,0.238626523415799,4873.21438940009
497737.787215289,5632010.46939679,0.238626523415799,4873.21438940009
498237.787215289,5632010.46939679,0.238626523415799,4873.21438940009
498737.787215289,5632010.46939679,0.238626523415799,4873.21438940009
499237.787215289,5632010.46939679,0.238626523415799,4873.21438940009
499737.787215289,5632010.46939679,0.238626523415799,4873.21438940009
500237.787215289,5632010.46939679,0.238626523415799,4873.21438940009
500737.787215289,5632010.46939679,0.238626523415799,4873.21438940009
501237.787215289,5632010.46939679,0.238626523415799,4873.21438940009
501737.787215289,5632010.46939679,0.238626523415799,4873.21438940009
502237.787215289,5632010.46939679,0.238626523415799,4873.21438940009
502737.787215289,5632010.46939679,0.324433412233544,4909.27831602822
503237.787215289,5632010.46939679,0.321792229327965,4908.25412470301
503737.787215289,5632010.46939679,0.308732282660222,4903.12585526009
504237.787215289,5632010.46939679,0.30075038244981,4899.93536169762
504737.787215289,5632010.46939679,0.298515468260401,4899.03383945655
505237.787215289,5632010.46939679,0.326391007888132,4910.03476858847
505737.787215289,5632010.46939679,0.451372294618646,4955.15347813421
506237.787215289,5632010.46939679,0.238626523415799,4873.21438940009
506737.787215289,5632010.46939679,0.238626523415799,4873.21438940009
507237.787215289,5632010.46939679,0.663781650921641,5030.66114234094
507737.787215289,5632010.46939679,0.508005886240932,4974.63884983595
508237.787215289,5632010.46939679,0.451372294618646,4955.15347813421
508737.787215289,5632010.46939679,0.364035489168648,4924.19356686123
509237.787215289,5632010.46939679,0.377944765446883,4929.26768997754
509737.787215289,5632010.46939679,0.508967592337069,4974.96958666453
510237.787215289,5632010.46939679,0.635597226772764,5019.90477574202
510737.787215289,5632010.46939679,0.514392009038893,4976.83598856231
511237.787215289,5632010.46939679,0.403036279182533,4938.25661998212
511737.787215289,5632010.46939679,0.548777445864615,4988.72912392689
512237.787215289,5632010.46939679,0.547648303097629,4988.33619163618
512737.787215289,5632010.46939679,0.469774694500439,4961.4995912709
513237.787215289,5632010.46939679,0.394582983581761,4935.24928818588
513737.787215289,5632010.46939679,0.340777390045873,4915.5283766527
514237.787215289,5632010.46939679,0.312951901558429,4904.79481382904
514737.787215289,5632010.46939679,0.265077311088845,4885.05673752734
515237.787215289,5632010.46939679,0.243430740052332,4875.42612292998
515737.787215289,5632010.46939679,0.228943032111607,4868.66445090253
516237.787215289,5632010.46939679,0.204872797011721,4856.74912806425
516737.787215289,5632010.46939679,0.201163405294982,4854.82573582224
517237.787215289,5632010.46939679,0.188221055557947,4847.9046198625
517737.787215289,5632010.46939679,0.185516862312438,4846.41418676895
518237.787215289,5632010.46939679,0.185516862312438,4846.41418676895
518737.787215289,5632010.46939679,0.182770897027725,4844.88393917518
519237.787215289,5632010.46939679,0.177147408828393,4841.69500911152
519737.787215289,5632010.46939679,0.168357252224023,4836.5514828355
520237.787215289,5632010.46939679,0.154261740620563,4827.84833209261
520737.787215289,5632010.46939679,0.150961309673497,4825.71993824739
521237.787215289,5632010.46939679,0.150961309673497,4825.71993824739
521737.787215289,5632010.46939679,0.157497684905857,4829.90018002585
522237.787215289,5632010.46939679,0.159092456194012,4830.89911277944
522737.787215289,5632010.46939679,0.159092456194012,4830.89911277944
523237.787215289,5632010.46939679,0.163788034908898,4833.79516376729
523737.787215289,5632010.46939679,0.168357252224023,4836.5514828355
524237.787215289,5632010.46939679,0.169853654171881,4837.44150704737
524737.787215289,5632010.46939679,0.175712918185514,4840.86922644503
525237.787215289,5632010.46939679,0.238626523415799,4873.21438940009
525737.787215289,5632010.46939679,0.185516862312438,4846.41418676895
526237.787215289,5632010.46939679,0.526898912847668,4981.14714730144
526737.787215289,5632010.46939679,0.210893193277889,4859.81817154313
527237.787215289,5632010.46939679,0.217868047649339,4863.29691568695
527737.787215289,5632010.46939679,0.223487337621123,4866.04327223599
528237.787215289,5632010.46939679,0.241427491878895,4874.50741127501
528737.787215289,5632010.46939679,0.245413163476391,4876.33041875518
487737.787215289,5632510.46939679,0.272070420450488,4888.06237811629
488237.787215289,5632510.46939679,0.272070420450488,4888.06237811629
488737.787215289,5632510.46939679,0.272070420450488,4888.06237811629
489237.787215289,5632510.46939679,0.272070420450488,4888.06237811629
489737.787215289,5632510.46939679,0.272070420450488,4888.06237811629
490237.787215289,5632510.46939679,0.271209955730475,4887.69510198609
490737.787215289,5632510.46939679,0.277988735736272,4890.56986263401
491237.787215289,5632510.46939679,0.289310078201249,4895.28052274906
491737.787215289,5632510.46939679,0.305867484016065,4901.98589346368
492237.787215289,5632510.46939679,0.309441909482252,4903.40736305662
492737.787215289,5632510.46939679,0.309441909482252,4903.40736305662
493237.787215289,5632510.46939679,0.305867484016065,4901.98589346368
493737.787215289,5632510.46939679,0.297011178238159,4898.42494791278
494237.787215289,5632510.46939679,0.297011178238159,4898.42494791278
494737.787215289,5632510.46939679,0.30075038244981,4899.93536169762
495237.787215289,5632510.46939679,0.323776472162723,4909.02395751689
495737.787215289,5632510.46939679,0.337739466667442,4914.37753648874
496237.787215289,5632510.46939679,0.343173920410927,4916.43293422535
496737.787215289,5632510.46939679,0.338350856475049,4914.60952842918
497237.787215289,5632510.46939679,0.238626523415799,4873.21438940009
497737.787215289,5632510.46939679,0.36456913547077,4924.38961543933
498237.787215289,5632510.46939679,0.382849391330026,4931.04024308483
498737.787215289,5632510.46939679,0.238626523415799,4873.21438940009
499237.787215289,5632510.46939679,0.238626523415799,4873.21438940009
499737.787215289,5632510.46939679,0.238626523415799,4873.21438940009
500237.787215289,5632510.46939679,0.238626523415799,4873.21438940009
500737.787215289,5632510.46939679,0.238626523415799,4873.21438940009
501237.787215289,5632510.46939679,0.238626523415799,4873.21438940009
501737.787215289,5632510.46939679,0.335274331854418,4913.44015197631
502237.787215289,5632510.46939679,0.326391007888132,4910.03476858847
502737.787215289,5632510.46939679,0.312254969260653,4904.51997554368
503237.787215289,5632510.46939679,0.308732282660222,4903.12585526009
503737.787215289,5632510.46939679,0.296254626482713,4898.1180745183
504237.787215289,5632510.46939679,0.289310078201249,4895.28052274906
504737.787215289,5632510.46939679,0.30000827928995,4899.63641909937
505237.787215289,5632510.46939679,0.451372294618646,4955.15347813421
505737.787215289,5632510.46939679,0.451372294618646,4955.15347813421
506237.787215289,5632510.46939679,0.508005886240932,4974.63884983595
506737.787215289,5632510.46939679,0.676250656523006,5035.56579492628
507237.787215289,5632510.46939679,0.684524287092936,5038.8771381372
507737.787215289,5632510.46939679,0.451372294618646,4955.15347813421
508237.787215289,5632510.46939679,0.451372294618646,4955.15347813421
508737.787215289,5632510.46939679,0.451372294618646,4955.15347813421
509237.787215289,5632510.46939679,0.372399651658358,4927.25351097423
509737.787215289,5632510.46939679,0.508005886240932,4974.63884983595
510237.787215289,5632510.46939679,0.511583982152088,4975.86961368499
510737.787215289,5632510.46939679,0.524516356404188,4980.32485529906
511237.787215289,5632510.46939679,0.523201940147596,4979.87143596904
511737.787215289,5632510.46939679,0.560513508605902,4992.82615601109
512237.787215289,5632510.46939679,0.541681978651335,4986.26320673068
512737.787215289,5632510.46939679,0.471871427871705,4962.22104533389
513237.787215289,5632510.46939679,0.390442265401001,4933.76878014627
513737.787215289,5632510.46939679,0.341379336378102,4915.75584926034
514237.787215289,5632510.46939679,0.308732282660222,4903.12585526009
514737.787215289,5632510.46939679,0.262388207808778,4883.88802577367
515237.787215289,5632510.46939679,0.24041790202788,4874.04249932736
515737.787215289,5632510.46939679,0.222376876400309,4865.50437820353
516237.787215289,5632510.46939679,0.214413407435253,4861.58387084235
516737.787215289,5632510.46939679,0.210893193277889,4859.81817154313
517237.787215289,5632510.46939679,0.197377006695931,4852.83564843817
517737.787215289,5632510.46939679,0.194808143483786,4851.46951779249
518237.787215289,5632510.46939679,0.194808143483786,4851.46951779249
518737.787215289,5632510.46939679,0.192202215583475,4850.07004913044
519237.787215289,5632510.46939679,0.185516862312438,4846.41418676895
519737.787215289,5632510.46939679,0.175712918185514,4840.86922644503
520237.787215289,5632510.46939679,0.168357252224023,4836.5514828355
520737.787215289,5632510.46939679,0.166847714411858,4835.64739757805
521237.787215289,5632510.46939679,0.166847714411858,4835.64739757805
521737.787215289,5632510.46939679,0.172808042556193,4839.18103967451
522237.787215289,5632510.46939679,0.175712918185514,4840.86922644503
522737.787215289,5632510.46939679,0.175712918185514,4840.86922644503
523237.787215289,5632510.46939679,0.179981622525565,4843.31167545197
523737.787215289,5632510.46939679,0.185516862312438,4846.41418676895
524237.787215289,5632510.46939679,0.186874084549585,4847.16424744025
524737.787215289,5632510.46939679,0.193509897065808,4850.77405701299
525237.787215289,5632510.46939679,0.198647935479175,4853.50671687375
525737.787215289,5632510.46939679,0.204872797011721,4856.74912806425
526237.787215289,5632510.46939679,0.529881539010461,4982.17733359636
526737.787215289,5632510.46939679,0.230015409639212,4869.17464113205
527237.787215289,5632510.46939679,0.238382569487151,4873.10129703684
527737.787215289,5632510.46939679,0.244424492747072,4875.88002918648
528237.787215289,5632510.46939679,0.263288770177419,4884.28024111535
528737.787215289,5632510.46939679,0.268605450821767,4886.57909176741
529237.787215289,5632510.46939679,0.277988735736272,4890.56986263401
487237.787215289,5633010.46939679,0.248348738851505,4877.66080364877
487737.787215289,5633010.46939679,0.249317324331622,4878.09752440911
488237.787215289,5633010.46939679,0.249317324331622,4878.09752440911
488737.787215289,5633010.46939679,0.249317324331622,4878.09752440911
489237.787215289,5633010.46939679,0.249317324331622,4878.09752440911
489737.787215289,5633010.46939679,0.249317324331622,4878.09752440911
490237.787215289,5633010.46939679,0.248348738851505,4877.66080364877
490737.787215289,5633010.46939679,0.256894849400978,4881.47716763472
491237.787215289,5633010.46939679,0.266849437587693,4885.82293195792
491737.787215289,5633010.46939679,0.281291322387851,4891.95537073613
492237.787215289,5633010.46939679,0.284538634095151,4893.30844766116
492737.787215289,5633010.46939679,0.284538634095151,4893.30844766116
493237.787215289,5633010.46939679,0.281291322387851,4891.95537073613
493737.787215289,5633010.46939679,0.272927025731657,4888.4273124062
494237.787215289,5633010.46939679,0.272070420450488,4888.06237811629
494737.787215289,5633010.46939679,0.279647082079205,4891.26677786463
495237.787215289,5633010.46939679,0.302226160878992,4900.52866021373
495737.787215289,5633010.46939679,0.312254969260653,4904.51997554368
496237.787215289,5633010.46939679,0.316399690385861,4906.14982935848
496737.787215289,5633010.46939679,0.308732282660222,4903.12585526009
497237.787215289,5633010.46939679,0.31776192456307,4906.68311064141
497737.787215289,5633010.46939679,0.341979399799068,4915.98242857609
498237.787215289,5633010.46939679,0.353605035647183,4920.33777617632
498737.787215289,5633010.46939679,0.238626523415799,4873.21438940009
499237.787215289,5633010.46939679,0.238626523415799,4873.21438940009
499737.787215289,5633010.46939679,0.238626523415799,4873.21438940009
500237.787215289,5633010.46939679,0.334653124349829,4913.20342496646
500737.787215289,5633010.46939679,0.326391007888132,4910.03476858847
501237.787215289,5633010.46939679,0.309441909482252,4903.40736305662
501737.787215289,5633010.46939679,0.305867484016065,4901.98589346368
502237.787215289,5633010.46939679,0.297011178238159,4898.42494791278
502737.787215289,5633010.46939679,0.289310078201249,4895.28052274906
503237.787215289,5633010.46939679,0.283731884078207,4892.97313515893
503737.787215289,5633010.46939679,0.271209955730475,4887.69510198609
504237.787215289,5633010.46939679,0.270345667691848,4887.3254845476
504737.787215289,5633010.46939679,0.292427151622938,4896.55884346456
505237.787215289,5633010.46939679,0.321126284897789,4907.99522547319
505737.787215289,5633010.46939679,0.451372294618646,4955.15347813421
506237.787215289,5633010.46939679,0.509446365982843,4975.13425651577
506737.787215289,5633010.46939679,0.238626523415799,4873.21438940009
507237.787215289,5633010.46939679,0.238626523415799,4873.21438940009
507737.787215289,5633010.46939679,0.508005886240932,4974.63884983595
508237.787215289,5633010.46939679,0.451372294618646,4955.15347813421
508737.787215289,5633010.46939679,0.347879665611964,4918.20087198456
509237.787215289,5633010.46939679,0.352473461712511,4919.91662545167
509737.787215289,5633010.46939679,0.364035489168648,4924.19356686123
510237.787215289,5633010.46939679,0.633418253682693,5019.08992720397
510737.787215289,5633010.46939679,0.602023537125677,5007.56932027972
511237.787215289,5633010.46939679,0.685147891268111,5039.12867957669
511737.787215289,5633010.46939679,0.588675779776957,5002.77766986056
512237.787215289,5633010.46939679,0.538312364704751,4985.09469494915
512737.787215289,5633010.46939679,0.454355632281495,4956.1843908342
513237.787215289,5633010.46939679,0.347879665611964,4918.20087198456
513737.787215289,5633010.46939679,0.346128391555194,4917.54417354282
514237.787215289,5633010.46939679,0.299263301499144,4899.33591158895
514737.787215289,5633010.46939679,0.254088202437418,4880.23288264241
515237.787215289,5633010.46939679,0.247375171644413,4877.22072542504
515737.787215289,5633010.46939679,0.244424492747072,4875.88002918648
516237.787215289,5633010.46939679,0.234245196487586,4871.17142893327
516737.787215289,5633010.46939679,0.23108179351325,4869.68038116394
517237.787215289,5633010.46939679,0.217868047649339,4863.29691568695
517737.787215289,5633010.46939679,0.214413407435253,4861.58387084235
518237.787215289,5633010.46939679,0.214413407435253,4861.58387084235
518737.787215289,5633010.46939679,0.212074049106039,4860.41278652435
519237.787215289,5633010.46939679,0.203644682630134,4856.11513631612
519737.787215289,5633010.46939679,0.192202215583475,4850.07004913044
520237.787215289,5633010.46939679,0.175712918185514,4840.86922644503
520737.787215289,5633010.46939679,0.174266562379123,4840.03136932925
521237.787215289,5633010.46939679,0.175712918185514,4840.86922644503
521737.787215289,5633010.46939679,0.181381757378009,4844.10319509228
522237.787215289,5633010.46939679,0.185516862312438,4846.41418676895
522737.787215289,5633010.46939679,0.185516862312438,4846.41418676895
523237.787215289,5633010.46939679,0.188221055557947,4847.9046198625
523737.787215289,5633010.46939679,0.194808143483786,4851.46951779249
524237.787215289,5633010.46939679,0.196097121158405,4852.15664402634
524737.787215289,5633010.46939679,0.201163405294982,4854.82573582224
525237.787215289,5633010.46939679,0.207304637508709,4857.99649243197
525737.787215289,5633010.46939679,0.213247394857205,4861.00129953139
526237.787215289,5633010.46939679,0.224591184783008,4866.57712867393
526737.787215289,5633010.46939679,0.239402981137397,4873.57383041657
527237.787215289,5633010.46939679,0.248348738851505,4877.66080364877
527737.787215289,5633010.46939679,0.255028321394675,4880.65063639141
528237.787215289,5633010.46939679,0.273779863967455,4888.7899588011
528737.787215289,5633010.46939679,0.280470907292475,4891.61208415844
529237.787215289,5633010.46939679,0.286938979936324,4894.30287974488
486737.787215289,5633510.46939679,0.23735662748729,4872.62484602728
487237.787215289,5633510.46939679,0.23735662748729,4872.62484602728
487737.787215289,5633510.46939679,0.23735662748729,4872.62484602728
488237.787215289,5633510.46939679,0.23735662748729,4872.62484602728
488737.787215289,5633510.46939679,0.23735662748729,4872.62484602728
489237.787215289,5633510.46939679,0.23735662748729,4872.62484602728
489737.787215289,5633510.46939679,0.23735662748729,4872.62484602728
490237.787215289,5633510.46939679,0.23735662748729,4872.62484602728
490737.787215289,5633510.46939679,0.24639668522463,4876.77729065378
491237.787215289,5633510.46939679,0.256894849400978,4881.47716763472
491737.787215289,5633510.46939679,0.269477529261568,4886.95349910946
492237.787215289,5633510.46939679,0.272070420450488,4888.06237811629
492737.787215289,5633510.46939679,0.272070420450488,4888.06237811629
493237.787215289,5633510.46939679,0.269477529261568,4886.95349910946
493737.787215289,5633510.46939679,0.262388207808778,4883.88802577367
494237.787215289,5633510.46939679,0.260574469700827,4883.09555520855
494737.787215289,5633510.46939679,0.270345667691848,4887.3254845476
495237.787215289,5633510.46939679,0.290874898466882,4895.92322826796
495737.787215289,5633510.46939679,0.30000827928995,4899.63641909937
496237.787215289,5633510.46939679,0.302959935445729,4900.82307017981
496737.787215289,5633510.46939679,0.296254626482713,4898.1180745183
497237.787215289,5633510.46939679,0.305867484016065,4901.98589346368
497737.787215289,5633510.46939679,0.330248040936831,4911.51874429858
498237.787215289,5633510.46939679,0.339567951467366,4915.07077944546
498737.787215289,5633510.46939679,0.238626523415799,4873.21438940009
499237.787215289,5633510.46939679,0.326391007888132,4910.03476858847
499737.787215289,5633510.46939679,0.328329073467375,4910.78148829194
500237.787215289,5633510.46939679,0.319787530326961,4907.4739409873
500737.787215289,5633510.46939679,0.309441909482252,4903.40736305662
501237.787215289,5633510.46939679,0.297011178238159,4898.42494791278
501737.787215289,5633510.46939679,0.2931987162634,4896.8740765772
502237.787215289,5633510.46939679,0.284538634095151,4893.30844766116
502737.787215289,5633510.46939679,0.277988735736272,4890.56986263401
503237.787215289,5633510.46939679,0.271209955730475,4887.69510198609
503737.787215289,5633510.46939679,0.259661135771656,4882.69519248808
504237.787215289,5633510.46939679,0.265077311088845,4885.05673752734
504737.787215289,5633510.46939679,0.284538634095151,4893.30844766116
505237.787215289,5633510.46939679,0.310148985920393,4903.68752101852
505737.787215289,5633510.46939679,0.350190260319063,4919.06508682073
506237.787215289,5633510.46939679,0.508246862603905,4974.72171906263
506737.787215289,5633510.46939679,0.238626523415799,4873.21438940009
507237.787215289,5633510.46939679,0.238626523415799,4873.21438940009
507737.787215289,5633510.46939679,0.652829092130741,5026.43056861229
508237.787215289,5633510.46939679,0.451372294618646,4955.15347813421
508737.787215289,5633510.46939679,0.360802369610381,4923.00331407789
509237.787215289,5633510.46939679,0.341979399799068,4915.98242857609
509737.787215289,5633510.46939679,0.359712491307969,4922.60110545492
510237.787215289,5633510.46939679,0.633418253682693,5019.08992720397
510737.787215289,5633510.46939679,0.238626523415799,4873.21438940009
511237.787215289,5633510.46939679,0.574621823381954,4997.78764399862
511737.787215289,5633510.46939679,0.685699391595148,5039.35137160638
512237.787215289,5633510.46939679,0.536701755950249,4984.53670137422
512737.787215289,5633510.46939679,0.361886162754937,4923.40278515559
513237.787215289,5633510.46939679,0.33340468882583,4912.72704916905
513737.787215289,5633510.46939679,0.335274331854418,4913.44015197631
514237.787215289,5633510.46939679,0.295495164001255,4897.80958311693
514737.787215289,5633510.46939679,0.263288770177419,4884.28024111535
515237.787215289,5633510.46939679,0.258743450804885,4882.29203371565
515737.787215289,5633510.46939679,0.255028321394675,4880.65063639141
516237.787215289,5633510.46939679,0.245413163476391,4876.33041875518
516737.787215289,5633510.46939679,0.24041790202788,4874.04249932736
517237.787215289,5633510.46939679,0.22786447283093,4868.14967627558
517737.787215289,5633510.46939679,0.225688643276516,4867.10610854305
518237.787215289,5633510.46939679,0.224591184783008,4866.57712867393
518737.787215289,5633510.46939679,0.221259859267649,4864.96042115906
519237.787215289,5633510.46939679,0.213247394857205,4861.00129953139
519737.787215289,5633510.46939679,0.201163405294982,4854.82573582224
520237.787215289,5633510.46939679,0.194808143483786,4851.46951779249
520737.787215289,5633510.46939679,0.192202215583475,4850.07004913044
521237.787215289,5633510.46939679,0.193509897065808,4850.77405701299
521737.787215289,5633510.46939679,0.199910000267629,4854.1700082791
522237.787215289,5633510.46939679,0.203644682630134,4856.11513631612
522737.787215289,5633510.46939679,0.204872797011721,4856.74912806425
523237.787215289,5633510.46939679,0.207304637508709,4857.99649243197
523737.787215289,5633510.46939679,0.213247394857205,4861.00129953139
524237.787215289,5633510.46939679,0.214413407435253,4861.58387084235
524737.787215289,5633510.46939679,0.219005516329522,4863.85678293542
525237.787215289,5633510.46939679,0.226779717943195,4867.63026447861
525737.787215289,5633510.46939679,0.234245196487586,4871.17142893327
526237.787215289,5633510.46939679,0.244424492747072,4875.88002918648
526737.787215289,5633510.46939679,0.258743450804885,4882.29203371565
527237.787215289,5633510.46939679,0.269477529261568,4886.95349910946
527737.787215289,5633510.46939679,0.277988735736272,4890.56986263401
528237.787215289,5633510.46939679,0.297011178238159,4898.42494791278
528737.787215289,5633510.46939679,0.305144654900416,4901.69736696841
529237.787215289,5633510.46939679,0.30801998330313,4902.84294323281
529737.787215289,5633510.46939679,0.323117263962999,4908.76846355788
486237.787215289,5634010.46939679,0.216723625500808,4862.73155906954
486737.787215289,5634010.46939679,0.216723625500808,4862.73155906954
487237.787215289,5634010.46939679,0.215572106622318,4862.16057956976
487737.787215289,5634010.46939679,0.216723625500808,4862.73155906954
488237.787215289,5634010.46939679,0.216723625500808,4862.73155906954
488737.787215289,5634010.46939679,0.216723625500808,4862.73155906954
489237.787215289,5634010.46939679,0.216723625500808,4862.73155906954
489737.787215289,5634010.46939679,0.238626523415799,4873.21438940009
490237.787215289,5634010.46939679,0.215572106622318,4862.16057956976
490737.787215289,5634010.46939679,0.226779717943195,4867.63026447861
491237.787215289,5634010.46939679,0.236325175789713,4872.14445140177
491737.787215289,5634010.46939679,0.24639668522463,4876.77729065378
492237.787215289,5634010.46939679,0.249317324331622,4878.09752440911
492737.787215289,5634010.46939679,0.249317324331622,4878.09752440911
493237.787215289,5634010.46939679,0.24639668522463,4876.77729065378
493737.787215289,5634010.46939679,0.241427491878895,4874.50741127501
494237.787215289,5634010.46939679,0.23735662748729,4872.62484602728
494737.787215289,5634010.46939679,0.252194093416622,4879.38821246933
495237.787215289,5634010.46939679,0.264185110629996,4884.66979376984
495737.787215289,5634010.46939679,0.275474422164073,4889.50852206093
496237.787215289,5634010.46939679,0.277988735736272,4890.56986263401
496737.787215289,5634010.46939679,0.272927025731657,4888.4273124062
497237.787215289,5634010.46939679,0.286938979936324,4894.30287974488
497737.787215289,5634010.46939679,0.305867484016065,4901.98589346368
498237.787215289,5634010.46939679,0.309441909482252,4903.40736305662
498737.787215289,5634010.46939679,0.309441909482252,4903.40736305662
499237.787215289,5634010.46939679,0.30075038244981,4899.93536169762
499737.787215289,5634010.46939679,0.297011178238159,4898.42494791278
500237.787215289,5634010.46939679,0.2931987162634,4896.8740765772
500737.787215289,5634010.46939679,0.284538634095151,4893.30844766116
501237.787215289,5634010.46939679,0.272927025731657,4888.4273124062
501737.787215289,5634010.46939679,0.269477529261568,4886.95349910946
502237.787215289,5634010.46939679,0.262388207808778,4883.88802577367
502737.787215289,5634010.46939679,0.255028321394675,4880.65063639141
503237.787215289,5634010.46939679,0.248348738851505,4877.66080364877
503737.787215289,5634010.46939679,0.23735662748729,4872.62484602728
504237.787215289,5634010.46939679,0.25123990926248,4878.96116173272
504737.787215289,5634010.46939679,0.307305096007326,4902.55865453335
505237.787215289,5634010.46939679,0.307305096007326,4902.55865453335
505737.787215289,5634010.46939679,0.451372294618646,4955.15347813421
506237.787215289,5634010.46939679,0.451372294618646,4955.15347813421
506737.787215289,5634010.46939679,0.563782426043052,4993.97194016228
507237.787215289,5634010.46939679,0.238626523415799,4873.21438940009
507737.787215289,5634010.46939679,0.652829092130741,5026.43056861229
508237.787215289,5634010.46939679,0.508005886240932,4974.63884983595
508737.787215289,5634010.46939679,0.377944765446883,4929.26768997754
509237.787215289,5634010.46939679,0.360802369610381,4923.00331407789
509737.787215289,5634010.46939679,0.364035489168648,4924.19356686123
510237.787215289,5634010.46939679,0.508005886240932,4974.63884983595
510737.787215289,5634010.46939679,0.652829092130741,5026.43056861229
511237.787215289,5634010.46939679,0.571903230238526,4996.82814150028
511737.787215289,5634010.46939679,0.525169578589226,4980.55024853329
512237.787215289,5634010.46939679,0.513227764050372,4976.43525956498
512737.787215289,5634010.46939679,0.355848413091348,4921.17102838031
513237.787215289,5634010.46939679,0.33214814206836,4912.24672388551
513737.787215289,5634010.46939679,0.324433412233544,4909.27831602822
514237.787215289,5634010.46939679,0.302226160878992,4900.52866021373
514737.787215289,5634010.46939679,0.285342029626361,4893.64182013589
515237.787215289,5634010.46939679,0.282108233105312,4892.2966099126
515737.787215289,5634010.46939679,0.277988735736272,4890.56986263401
516237.787215289,5634010.46939679,0.267729407311648,4886.20223585991
516737.787215289,5634010.46939679,0.262388207808778,4883.88802577367
517237.787215289,5634010.46939679,0.248348738851505,4877.66080364877
517737.787215289,5634010.46939679,0.247375171644413,4877.22072542504
518237.787215289,5634010.46939679,0.24639668522463,4876.77729065378
518737.787215289,5634010.46939679,0.243430740052332,4875.42612292998
519237.787215289,5634010.46939679,0.233196605687656,4870.67869500842
519737.787215289,5634010.46939679,0.217868047649339,4863.29691568695
520237.787215289,5634010.46939679,0.214413407435253,4861.58387084235
520737.787215289,5634010.46939679,0.212074049106039,4860.41278652435
521237.787215289,5634010.46939679,0.213247394857205,4861.00129953139
521737.787215289,5634010.46939679,0.219005516329522,4863.85678293542
522237.787215289,5634010.46939679,0.224591184783008,4866.57712867393
522737.787215289,5634010.46939679,0.224591184783008,4866.57712867393
523237.787215289,5634010.46939679,0.226779717943195,4867.63026447861
523737.787215289,5634010.46939679,0.234245196487586,4871.17142893327
524237.787215289,5634010.46939679,0.235288062351894,4871.66000576993
524737.787215289,5634010.46939679,0.24041790202788,4874.04249932736
525237.787215289,5634010.46939679,0.247375171644413,4877.22072542504
525737.787215289,5634010.46939679,0.256894849400978,4881.47716763472
526237.787215289,5634010.46939679,0.264185110629996,4884.66979376984
526737.787215289,5634010.46939679,0.277988735736272,4890.56986263401
527237.787215289,5634010.46939679,0.291652582616584,4896.24191210181
527737.787215289,5634010.46939679,0.301489659848965,4900.2327663957
528237.787215289,5634010.46939679,0.319787530326961,4907.4739409873
528737.787215289,5634010.46939679,0.330248040936831,4911.51874429858
529237.787215289,5634010.46939679,0.334029907063722,4912.96572398322
529737.787215289,5634010.46939679,0.341979399799068,4915.98242857609
530237.787215289,5634010.46939679,0.362425756008244,4923.60149047601
485737.787215289,5634510.46939679,0.213247394857205,4861.00129953139
486237.787215289,5634510.46939679,0.197377006695931,4852.83564843817
486737.787215289,5634510.46939679,0.196097121158405,4852.15664402634
487237.787215289,5634510.46939679,0.196097121158405,4852.15664402634
487737.787215289,5634510.46939679,0.196097121158405,4852.15664402634
488237.787215289,5634510.46939679,0.196097121158405,4852.15664402634
488737.787215289,5634510.46939679,0.196097121158405,4852.15664402634
489237.787215289,5634510.46939679,0.196097121158405,4852.15664402634
489737.787215289,5634510.46939679,0.196097121158405,4852.15664402634
490237.787215289,5634510.46939679,0.196097121158405,4852.15664402634
490737.787215289,5634510.46939679,0.208508596078889,4858.61015747088
491237.787215289,5634510.46939679,0.216723625500808,4862.73155906954
491737.787215289,5634510.46939679,0.225688643276516,4867.10610854305
492237.787215289,5634510.46939679,0.226779717943195,4867.63026447861
492737.787215289,5634510.46939679,0.226779717943195,4867.63026447861
493237.787215289,5634510.46939679,0.225688643276516,4867.10610854305
493737.787215289,5634510.46939679,0.220136069363564,4864.41124020741
494237.787215289,5634510.46939679,0.216723625500808,4862.73155906954
494737.787215289,5634510.46939679,0.233196605687656,4870.67869500842
495237.787215289,5634510.46939679,0.243430740052332,4875.42612292998
495737.787215289,5634510.46939679,0.252194093416622,4879.38821246933
496237.787215289,5634510.46939679,0.254088202437418,4880.23288264241
496737.787215289,5634510.46939679,0.253143482292768,4879.81209252755
497237.787215289,5634510.46939679,0.266849437587693,4885.82293195792
497737.787215289,5634510.46939679,0.281291322387851,4891.95537073613
498237.787215289,5634510.46939679,0.284538634095151,4893.30844766116
498737.787215289,5634510.46939679,0.284538634095151,4893.30844766116
499237.787215289,5634510.46939679,0.277988735736272,4890.56986263401
499737.787215289,5634510.46939679,0.272070420450488,4888.06237811629
500237.787215289,5634510.46939679,0.269477529261568,4886.95349910946
500737.787215289,5634510.46939679,0.262388207808778,4883.88802577367
501237.787215289,5634510.46939679,0.25123990926248,4878.96116173272
501737.787215289,5634510.46939679,0.24639668522463,4876.77729065378
502237.787215289,5634510.46939679,0.241427491878895,4874.50741127501
502737.787215289,5634510.46939679,0.233196605687656,4870.67869500842
503237.787215289,5634510.46939679,0.226779717943195,4867.63026447861
503737.787215289,5634510.46939679,0.220136069363564,4864.41124020741
504237.787215289,5634510.46939679,0.241427491878895,4874.50741127501
504737.787215289,5634510.46939679,0.262388207808778,4883.88802577367
505237.787215289,5634510.46939679,0.298515468260401,4899.03383945655
505737.787215289,5634510.46939679,0.326391007888132,4910.03476858847
506237.787215289,5634510.46939679,0.451372294618646,4955.15347813421
506737.787215289,5634510.46939679,0.451372294618646,4955.15347813421
507237.787215289,5634510.46939679,0.238626523415799,4873.21438940009
507737.787215289,5634510.46939679,0.238626523415799,4873.21438940009
508237.787215289,5634510.46939679,0.238626523415799,4873.21438940009
508737.787215289,5634510.46939679,0.676325133322215,5035.5953926924
509237.787215289,5634510.46939679,0.377944765446883,4929.26768997754
509737.787215289,5634510.46939679,0.377944765446883,4929.26768997754
510237.787215289,5634510.46939679,0.508005886240932,4974.63884983595
510737.787215289,5634510.46939679,0.508005886240932,4974.63884983595
511237.787215289,5634510.46939679,0.550270482538241,4989.24900495449
511737.787215289,5634510.46939679,0.566147216177127,4994.8021900567
512237.787215289,5634510.46939679,0.523201940147596,4979.87143596904
512737.787215289,5634510.46939679,0.371373905766456,4926.87969428576
513237.787215289,5634510.46939679,0.350763561661817,4919.27912930092
513737.787215289,5634510.46939679,0.334029907063722,4912.96572398322
514237.787215289,5634510.46939679,0.326391007888132,4910.03476858847
514737.787215289,5634510.46939679,0.308732282660222,4903.12585526009
515237.787215289,5634510.46939679,0.307305096007326,4902.55865453335
515737.787215289,5634510.46939679,0.301489659848965,4900.2327663957
516237.787215289,5634510.46939679,0.292427151622938,4896.55884346456
516737.787215289,5634510.46939679,0.285342029626361,4893.64182013589
517237.787215289,5634510.46939679,0.270345667691848,4887.3254845476
517737.787215289,5634510.46939679,0.269477529261568,4886.95349910946
518237.787215289,5634510.46939679,0.269477529261568,4886.95349910946
518737.787215289,5634510.46939679,0.265077311088845,4885.05673752734
519237.787215289,5634510.46939679,0.254088202437418,4880.23288264241
519737.787215289,5634510.46939679,0.235288062351894,4871.66000576993
520237.787215289,5634510.46939679,0.235288062351894,4871.66000576993
520737.787215289,5634510.46939679,0.232142146448353,4870.18169673375
521237.787215289,5634510.46939679,0.234245196487586,4871.17142893327
521737.787215289,5634510.46939679,0.24041790202788,4874.04249932736
522237.787215289,5634510.46939679,0.24639668522463,4876.77729065378
522737.787215289,5634510.46939679,0.24639668522463,4876.77729065378
523237.787215289,5634510.46939679,0.247375171644413,4877.22072542504
523737.787215289,5634510.46939679,0.255963846931929,4881.0653801825
524237.787215289,5634510.46939679,0.257821339046659,4881.88602519235
524737.787215289,5634510.46939679,0.262388207808778,4883.88802577367
525237.787215289,5634510.46939679,0.268605450821767,4886.57909176741
525737.787215289,5634510.46939679,0.280470907292475,4891.61208415844
526237.787215289,5634510.46939679,0.285342029626361,4893.64182013589
526737.787215289,5634510.46939679,0.301489659848965,4900.2327663957
527237.787215289,5634510.46939679,0.312951901558429,4904.79481382904
527737.787215289,5634510.46939679,0.325740655552668,4909.78370805886
528237.787215289,5634510.46939679,0.343173920410927,4916.43293422535
528737.787215289,5634510.46939679,0.356405185758625,4921.3774853116
529237.787215289,5634510.46939679,0.377944765446883,4929.26768997754
529737.787215289,5634510.46939679,0.386208798527414,4932.24972328908
530237.787215289,5634510.46939679,0.238626523415799,4873.21438940009
530737.787215289,5634510.46939679,0.238626523415799,4873.21438940009
485737.787215289,5635010.46939679,0.206092735540719,4857.37619354013
486237.787215289,5635010.46939679,0.190884943178944,4849.35728175737
486737.787215289,5635010.46939679,0.238626523415799,4873.21438940009
487237.787215289,5635010.46939679,0.238626523415799,4873.21438940009
487737.787215289,5635010.46939679,0.186874084549585,4847.16424744025
488237.787215289,5635010.46939679,0.186874084549585,4847.16424744025
488737.787215289,5635010.46939679,0.186874084549585,4847.16424744025
489237.787215289,5635010.46939679,0.186874084549585,4847.16424744025
489737.787215289,5635010.46939679,0.186874084549585,4847.16424744025
490237.787215289,5635010.46939679,0.186874084549585,4847.16424744025
490737.787215289,5635010.46939679,0.199910000267629,4854.1700082791
491237.787215289,5635010.46939679,0.207304637508709,4857.99649243197
491737.787215289,5635010.46939679,0.215572106622318,4862.16057956976
492237.787215289,5635010.46939679,0.216723625500808,4862.73155906954
492737.787215289,5635010.46939679,0.216723625500808,4862.73155906954
493237.787215289,5635010.46939679,0.238626523415799,4873.21438940009
493737.787215289,5635010.46939679,0.210893193277889,4859.81817154313
494237.787215289,5635010.46939679,0.207304637508709,4857.99649243197
494737.787215289,5635010.46939679,0.223487337621123,4866.04327223599
495237.787215289,5635010.46939679,0.233196605687656,4870.67869500842
495737.787215289,5635010.46939679,0.241427491878895,4874.50741127501
496237.787215289,5635010.46939679,0.243430740052332,4875.42612292998
496737.787215289,5635010.46939679,0.244424492747072,4875.88002918648
497237.787215289,5635010.46939679,0.256894849400978,4881.47716763472
497737.787215289,5635010.46939679,0.269477529261568,4886.95349910946
498237.787215289,5635010.46939679,0.272070420450488,4888.06237811629
498737.787215289,5635010.46939679,0.272070420450488,4888.06237811629
499237.787215289,5635010.46939679,0.266849437587693,4885.82293195792
499737.787215289,5635010.46939679,0.260574469700827,4883.09555520855
500237.787215289,5635010.46939679,0.257821339046659,4881.88602519235
500737.787215289,5635010.46939679,0.25123990926248,4878.96116173272
501237.787215289,5635010.46939679,0.241427491878895,4874.50741127501
501737.787215289,5635010.46939679,0.236325175789713,4872.14445140177
502237.787215289,5635010.46939679,0.23108179351325,4869.68038116394
502737.787215289,5635010.46939679,0.223487337621123,4866.04327223599
503237.787215289,5635010.46939679,0.216723625500808,4862.73155906954
503737.787215289,5635010.46939679,0.216723625500808,4862.73155906954
504237.787215289,5635010.46939679,0.238382569487151,4873.10129703684
504737.787215289,5635010.46939679,0.259661135771656,4882.69519248808
505237.787215289,5635010.46939679,0.292427151622938,4896.55884346456
505737.787215289,5635010.46939679,0.321126284897789,4907.99522547319
506237.787215289,5635010.46939679,0.451372294618646,4955.15347813421
506737.787215289,5635010.46939679,0.451372294618646,4955.15347813421
507237.787215289,5635010.46939679,0.509685222559027,4975.21641331541
507737.787215289,5635010.46939679,0.238626523415799,4873.21438940009
508237.787215289,5635010.46939679,0.238626523415799,4873.21438940009
508737.787215289,5635010.46939679,0.592516575704497,5004.15086085545
509237.787215289,5635010.46939679,0.508005886240932,4974.63884983595
509737.787215289,5635010.46939679,0.508005886240932,4974.63884983595
510237.787215289,5635010.46939679,0.508005886240932,4974.63884983595
510737.787215289,5635010.46939679,0.391832617597895,4934.26646697633
511237.787215289,5635010.46939679,0.451372294618646,4955.15347813421
511737.787215289,5635010.46939679,0.664768445447951,5031.04574829574
512237.787215289,5635010.46939679,0.524516356404188,4980.32485529906
512737.787215289,5635010.46939679,0.376948512452676,4928.90662686961
513237.787215289,5635010.46939679,0.361886162754937,4923.40278515559
513737.787215289,5635010.46939679,0.3472976648897,4917.98279388103
514237.787215289,5635010.46939679,0.338960329976582,4914.84060033058
514737.787215289,5635010.46939679,0.321126284897789,4907.99522547319
515237.787215289,5635010.46939679,0.319787530326961,4907.4739409873
515737.787215289,5635010.46939679,0.313646347937727,4905.06835578924
516237.787215289,5635010.46939679,0.305144654900416,4901.69736696841
516737.787215289,5635010.46939679,0.297011178238159,4898.42494791278
517237.787215289,5635010.46939679,0.282921741212306,4892.63585577276
517737.787215289,5635010.46939679,0.282921741212306,4892.63585577276
518237.787215289,5635010.46939679,0.281291322387851,4891.95537073613
518737.787215289,5635010.46939679,0.277154275782714,4890.21825460221
519237.787215289,5635010.46939679,0.264185110629996,4884.66979376984
519737.787215289,5635010.46939679,0.24639668522463,4876.77729065378
520237.787215289,5635010.46939679,0.24639668522463,4876.77729065378
520737.787215289,5635010.46939679,0.243430740052332,4875.42612292998
521237.787215289,5635010.46939679,0.245413163476391,4876.33041875518
521737.787215289,5635010.46939679,0.25123990926248,4878.96116173272
522237.787215289,5635010.46939679,0.258743450804885,4882.29203371565
522737.787215289,5635010.46939679,0.257821339046659,4881.88602519235
523237.787215289,5635010.46939679,0.257821339046659,4881.88602519235
523737.787215289,5635010.46939679,0.267729407311648,4886.20223585991
524237.787215289,5635010.46939679,0.269477529261568,4886.95349910946
524737.787215289,5635010.46939679,0.272927025731657,4888.4273124062
525237.787215289,5635010.46939679,0.279647082079205,4891.26677786463
525737.787215289,5635010.46939679,0.292427151622938,4896.55884346456
526237.787215289,5635010.46939679,0.297011178238159,4898.42494791278
526737.787215289,5635010.46939679,0.313646347937727,4905.06835578924
527237.787215289,5635010.46939679,0.323117263962999,4908.76846355788
527737.787215289,5635010.46939679,0.338350856475049,4914.60952842918
528237.787215289,5635010.46939679,0.356405185758625,4921.3774853116
528737.787215289,5635010.46939679,0.3703426256357,4926.5034631694
529237.787215289,5635010.46939679,0.395943256038499,4935.73455753782
529737.787215289,5635010.46939679,0.238626523415799,4873.21438940009
530237.787215289,5635010.46939679,0.238626523415799,4873.21438940009
530737.787215289,5635010.46939679,0.238626523415799,4873.21438940009
485237.787215289,5635510.46939679,0.215572106622318,4862.16057956976
485737.787215289,5635510.46939679,0.192202215583475,4850.07004913044
486237.787215289,5635510.46939679,0.179981622525565,4843.31167545197
486737.787215289,5635510.46939679,0.169853654171881,4837.44150704737
487237.787215289,5635510.46939679,0.169853654171881,4837.44150704737
487737.787215289,5635510.46939679,0.169853654171881,4837.44150704737
488237.787215289,5635510.46939679,0.169853654171881,4837.44150704737
488737.787215289,5635510.46939679,0.169853654171881,4837.44150704737
489237.787215289,5635510.46939679,0.169853654171881,4837.44150704737
489737.787215289,5635510.46939679,0.174266562379123,4840.03136932925
490237.787215289,5635510.46939679,0.184149193605806,4845.65417241519
490737.787215289,5635510.46939679,0.238626523415799,4873.21438940009
491237.787215289,5635510.46939679,0.189557984174279,4848.6355696933
491737.787215289,5635510.46939679,0.196097121158405,4852.15664402634
492237.787215289,5635510.46939679,0.196097121158405,4852.15664402634
492737.787215289,5635510.46939679,0.196097121158405,4852.15664402634
493237.787215289,5635510.46939679,0.196097121158405,4852.15664402634
493737.787215289,5635510.46939679,0.192202215583475,4850.07004913044
494237.787215289,5635510.46939679,0.190884943178944,4849.35728175737
494737.787215289,5635510.46939679,0.206092735540719,4857.37619354013
495237.787215289,5635510.46939679,0.213247394857205,4861.00129953139
495737.787215289,5635510.46939679,0.220136069363564,4864.41124020741
496237.787215289,5635510.46939679,0.221259859267649,4864.96042115906
496737.787215289,5635510.46939679,0.226779717943195,4867.63026447861
497237.787215289,5635510.46939679,0.236325175789713,4872.14445140177
497737.787215289,5635510.46939679,0.24639668522463,4876.77729065378
498237.787215289,5635510.46939679,0.249317324331622,4878.09752440911
498737.787215289,5635510.46939679,0.249317324331622,4878.09752440911
499237.787215289,5635510.46939679,0.244424492747072,4875.88002918648
499737.787215289,5635510.46939679,0.23735662748729,4872.62484602728
500237.787215289,5635510.46939679,0.236325175789713,4872.14445140177
500737.787215289,5635510.46939679,0.23108179351325,4869.68038116394
501237.787215289,5635510.46939679,0.220136069363564,4864.41124020741
501737.787215289,5635510.46939679,0.215572106622318,4862.16057956976
502237.787215289,5635510.46939679,0.210893193277889,4859.81817154313
502737.787215289,5635510.46939679,0.203644682630134,4856.11513631612
503237.787215289,5635510.46939679,0.198647935479175,4853.50671687375
503737.787215289,5635510.46939679,0.210893193277889,4859.81817154313
504237.787215289,5635510.46939679,0.230015409639212,4869.17464113205
504737.787215289,5635510.46939679,0.249317324331622,4878.09752440911
505237.787215289,5635510.46939679,0.275474422164073,4889.50852206093
505737.787215289,5635510.46939679,0.304419097658285,4901.40738286466
506237.787215289,5635510.46939679,0.451372294618646,4955.15347813421
506737.787215289,5635510.46939679,0.451372294618646,4955.15347813421
507237.787215289,5635510.46939679,0.377944765446883,4929.26768997754
507737.787215289,5635510.46939679,0.238626523415799,4873.21438940009
508237.787215289,5635510.46939679,0.238626523415799,4873.21438940009
508737.787215289,5635510.46939679,0.238626523415799,4873.21438940009
509237.787215289,5635510.46939679,0.691402878702381,5041.66759265523
509737.787215289,5635510.46939679,0.508005886240932,4974.63884983595
510237.787215289,5635510.46939679,0.508005886240932,4974.63884983595
510737.787215289,5635510.46939679,0.451372294618646,4955.15347813421
511237.787215289,5635510.46939679,0.451372294618646,4955.15347813421
511737.787215289,5635510.46939679,0.550270482538241,4989.24900495449
512237.787215289,5635510.46939679,0.648987403146364,5024.96251700451
512737.787215289,5635510.46939679,0.405628468042965,4939.17499118352
513237.787215289,5635510.46939679,0.389041580616491,4933.26680092484
513737.787215289,5635510.46939679,0.374434796517472,4927.99403613221
514237.787215289,5635510.46939679,0.361886162754937,4923.40278515559
514737.787215289,5635510.46939679,0.347879665611964,4918.20087198456
515237.787215289,5635510.46939679,0.346713929005444,4917.7639034964
515737.787215289,5635510.46939679,0.338350856475049,4914.60952842918
516237.787215289,5635510.46939679,0.330248040936831,4911.51874429858
516737.787215289,5635510.46939679,0.319787530326961,4907.4739409873
517237.787215289,5635510.46939679,0.30801998330313,4902.84294323281
517737.787215289,5635510.46939679,0.30801998330313,4902.84294323281
518237.787215289,5635510.46939679,0.306587636579226,4902.2729894031
518737.787215289,5635510.46939679,0.30075038244981,4899.93536169762
519237.787215289,5635510.46939679,0.284538634095151,4893.30844766116
519737.787215289,5635510.46939679,0.269477529261568,4886.95349910946
520237.787215289,5635510.46939679,0.269477529261568,4886.95349910946
520737.787215289,5635510.46939679,0.265077311088845,4885.05673752734
521237.787215289,5635510.46939679,0.267729407311648,4886.20223585991
521737.787215289,5635510.46939679,0.272927025731657,4888.4273124062
522237.787215289,5635510.46939679,0.281291322387851,4891.95537073613
522737.787215289,5635510.46939679,0.282108233105312,4892.2966099126
523237.787215289,5635510.46939679,0.282108233105312,4892.2966099126
523737.787215289,5635510.46939679,0.291652582616584,4896.24191210181
524237.787215289,5635510.46939679,0.293967187528718,4897.18758382535
524737.787215289,5635510.46939679,0.296254626482713,4898.1180745183
525237.787215289,5635510.46939679,0.304419097658285,4901.40738286466
525737.787215289,5635510.46939679,0.31776192456307,4906.68311064141
526237.787215289,5635510.46939679,0.321126284897789,4907.99522547319
526737.787215289,5635510.46939679,0.338350856475049,4914.60952842918
527237.787215289,5635510.46939679,0.3472976648897,4917.98279388103
527737.787215289,5635510.46939679,0.373928044073677,4927.80978667515
528237.787215289,5635510.46939679,0.238626523415799,4873.21438940009
528737.787215289,5635510.46939679,0.238626523415799,4873.21438940009
529237.787215289,5635510.46939679,0.238626523415799,4873.21438940009
529737.787215289,5635510.46939679,0.238626523415799,4873.21438940009
530237.787215289,5635510.46939679,0.238626523415799,4873.21438940009
530737.787215289,5635510.46939679,0.238626523415799,4873.21438940009
531237.787215289,5635510.46939679,0.238626523415799,4873.21438940009
485237.787215289,5636010.46939679,0.207304637508709,4857.99649243197
485737.787215289,5636010.46939679,0.185516862312438,4846.41418676895
486237.787215289,5636010.46939679,0.238626523415799,4873.21438940009
486737.787215289,5636010.46939679,0.160672201504363,4831.88086186033
487237.787215289,5636010.46939679,0.160672201504363,4831.88086186033
487737.787215289,5636010.46939679,0.160672201504363,4831.88086186033
488237.787215289,5636010.46939679,0.160672201504363,4831.88086186033
488737.787215289,5636010.46939679,0.160672201504363,4831.88086186033
489237.787215289,5636010.46939679,0.166847714411858,4835.64739757805
489737.787215289,5636010.46939679,0.181381757378009,4844.10319509228
490237.787215289,5636010.46939679,0.193509897065808,4850.77405701299
490737.787215289,5636010.46939679,0.238626523415799,4873.21438940009
491237.787215289,5636010.46939679,0.198647935479175,4853.50671687375
491737.787215289,5636010.46939679,0.196097121158405,4852.15664402634
492237.787215289,5636010.46939679,0.188221055557947,4847.9046198625
492737.787215289,5636010.46939679,0.186874084549585,4847.16424744025
493237.787215289,5636010.46939679,0.185516862312438,4846.41418676895
493737.787215289,5636010.46939679,0.182770897027725,4844.88393917518
494237.787215289,5636010.46939679,0.184149193605806,4845.65417241519
494737.787215289,5636010.46939679,0.197377006695931,4852.83564843817
495237.787215289,5636010.46939679,0.203644682630134,4856.11513631612
495737.787215289,5636010.46939679,0.209704763928781,4859.21734855604
496237.787215289,5636010.46939679,0.210893193277889,4859.81817154313
496737.787215289,5636010.46939679,0.217868047649339,4863.29691568695
497237.787215289,5636010.46939679,0.226779717943195,4867.63026447861
497737.787215289,5636010.46939679,0.236325175789713,4872.14445140177
498237.787215289,5636010.46939679,0.23735662748729,4872.62484602728
498737.787215289,5636010.46939679,0.23735662748729,4872.62484602728
499237.787215289,5636010.46939679,0.233196605687656,4870.67869500842
499737.787215289,5636010.46939679,0.226779717943195,4867.63026447861
500237.787215289,5636010.46939679,0.225688643276516,4867.10610854305
500737.787215289,5636010.46939679,0.220136069363564,4864.41124020741
501237.787215289,5636010.46939679,0.210893193277889,4859.81817154313
501737.787215289,5636010.46939679,0.204872797011721,4856.74912806425
502237.787215289,5636010.46939679,0.201163405294982,4854.82573582224
502737.787215289,5636010.46939679,0.193509897065808,4850.77405701299
503237.787215289,5636010.46939679,0.238626523415799,4873.21438940009
503737.787215289,5636010.46939679,0.207304637508709,4857.99649243197
504237.787215289,5636010.46939679,0.224591184783008,4866.57712867393
504737.787215289,5636010.46939679,0.242431736072177,4874.96859233584
505237.787215289,5636010.46939679,0.267729407311648,4886.20223585991
505737.787215289,5636010.46939679,0.298515468260401,4899.03383945655
506237.787215289,5636010.46939679,0.326391007888132,4910.03476858847
506737.787215289,5636010.46939679,0.451372294618646,4955.15347813421
507237.787215289,5636010.46939679,0.451372294618646,4955.15347813421
507737.787215289,5636010.46939679,0.238626523415799,4873.21438940009
508237.787215289,5636010.46939679,0.238626523415799,4873.21438940009
508737.787215289,5636010.46939679,0.238626523415799,4873.21438940009
509237.787215289,5636010.46939679,0.238626523415799,4873.21438940009
509737.787215289,5636010.46939679,0.691009398954774,5041.50701230252
510237.787215289,5636010.46939679,0.652829092130741,5026.43056861229
510737.787215289,5636010.46939679,0.652829092130741,5026.43056861229
511237.787215289,5636010.46939679,0.451372294618646,4955.15347813421
511737.787215289,5636010.46939679,0.550270482538241,4989.24900495449
512237.787215289,5636010.46939679,0.651561325036103,5025.94523058163
512737.787215289,5636010.46939679,0.420466988125086,4944.40120949147
513237.787215289,5636010.46939679,0.407761495542199,4939.92941764103
513737.787215289,5636010.46939679,0.394127354252463,4935.08662584198
514237.787215289,5636010.46939679,0.376448352926845,4928.7252265317
514737.787215289,5636010.46939679,0.361886162754937,4923.40278515559
515237.787215289,5636010.46939679,0.360258253701775,4922.80257591553
515737.787215289,5636010.46939679,0.350190260319063,4919.06508682073
516237.787215289,5636010.46939679,0.343173920410927,4916.43293422535
516737.787215289,5636010.46939679,0.33340468882583,4912.72704916905
517237.787215289,5636010.46939679,0.321126284897789,4907.99522547319
517737.787215289,5636010.46939679,0.321126284897789,4907.99522547319
518237.787215289,5636010.46939679,0.319787530326961,4907.4739409873
518737.787215289,5636010.46939679,0.312951901558429,4904.79481382904
519237.787215289,5636010.46939679,0.293967187528718,4897.18758382535
519737.787215289,5636010.46939679,0.282108233105312,4892.2966099126
520237.787215289,5636010.46939679,0.282108233105312,4892.2966099126
520737.787215289,5636010.46939679,0.277154275782714,4890.21825460221
521237.787215289,5636010.46939679,0.279647082079205,4891.26677786463
521737.787215289,5636010.46939679,0.288522923156963,4894.95647449891
522237.787215289,5636010.46939679,0.293967187528718,4897.18758382535
522737.787215289,5636010.46939679,0.293967187528718,4897.18758382535
523237.787215289,5636010.46939679,0.293967187528718,4897.18758382535
523737.787215289,5636010.46939679,0.304419097658285,4901.40738286466
524237.787215289,5636010.46939679,0.308732282660222,4903.12585526009
524737.787215289,5636010.46939679,0.310148985920393,4903.68752101852
525237.787215289,5636010.46939679,0.31776192456307,4906.68311064141
525737.787215289,5636010.46939679,0.330248040936831,4911.51874429858
526237.787215289,5636010.46939679,0.334029907063722,4912.96572398322
526737.787215289,5636010.46939679,0.354729985391346,4920.75589246754
527237.787215289,5636010.46939679,0.378440927891259,4929.44738008275
527737.787215289,5636010.46939679,0.238626523415799,4873.21438940009
528237.787215289,5636010.46939679,0.238626523415799,4873.21438940009
528737.787215289,5636010.46939679,0.238626523415799,4873.21438940009
529237.787215289,5636010.46939679,0.238626523415799,4873.21438940009
529737.787215289,5636010.46939679,0.238626523415799,4873.21438940009
530237.787215289,5636010.46939679,0.238626523415799,4873.21438940009
530737.787215289,5636010.46939679,0.554665919873215,4990.78169618149
531237.787215289,5636010.46939679,0.551749375349432,4989.76432544064
484737.787215289,5636510.46939679,0.189557984174279,4848.6355696933
485237.787215289,5636510.46939679,0.181381757378009,4844.10319509228
485737.787215289,5636510.46939679,0.165324723549297,4834.72877437842
486237.787215289,5636510.46939679,0.154261740620563,4827.84833209261
486737.787215289,5636510.46939679,0.144153779694943,4821.20899799479
487237.787215289,5636510.46939679,0.138852417274884,4817.57489037694
487737.787215289,5636510.46939679,0.140639207026501,4818.81219358092
488237.787215289,5636510.46939679,0.160672201504363,4831.88086186033
488737.787215289,5636510.46939679,0.172808042556193,4839.18103967451
489237.787215289,5636510.46939679,0.238626523415799,4873.21438940009
489737.787215289,5636510.46939679,0.204872797011721,4856.74912806425
490237.787215289,5636510.46939679,0.238626523415799,4873.21438940009
490737.787215289,5636510.46939679,0.228943032111607,4868.66445090253
491237.787215289,5636510.46939679,0.230015409639212,4869.17464113205
491737.787215289,5636510.46939679,0.22786447283093,4868.14967627558
492237.787215289,5636510.46939679,0.216723625500808,4862.73155906954
492737.787215289,5636510.46939679,0.210893193277889,4859.81817154313
493237.787215289,5636510.46939679,0.207304637508709,4857.99649243197
493737.787215289,5636510.46939679,0.202408260311013,4855.47405872145
494237.787215289,5636510.46939679,0.189557984174279,4848.6355696933
494737.787215289,5636510.46939679,0.184149193605806,4845.65417241519
495237.787215289,5636510.46939679,0.177147408828393,4841.69500911152
495737.787215289,5636510.46939679,0.181381757378009,4844.10319509228
496237.787215289,5636510.46939679,0.182770897027725,4844.88393917518
496737.787215289,5636510.46939679,0.190884943178944,4849.35728175737
497237.787215289,5636510.46939679,0.198647935479175,4853.50671687375
497737.787215289,5636510.46939679,0.204872797011721,4856.74912806425
498237.787215289,5636510.46939679,0.206092735540719,4857.37619354013
498737.787215289,5636510.46939679,0.206092735540719,4857.37619354013
499237.787215289,5636510.46939679,0.238626523415799,4873.21438940009
499737.787215289,5636510.46939679,0.238626523415799,4873.21438940009
500237.787215289,5636510.46939679,0.196097121158405,4852.15664402634
500737.787215289,5636510.46939679,0.192202215583475,4850.07004913044
501237.787215289,5636510.46939679,0.182770897027725,4844.88393917518
501737.787215289,5636510.46939679,0.238626523415799,4873.21438940009
502237.787215289,5636510.46939679,0.174266562379123,4840.03136932925
502737.787215289,5636510.46939679,0.181381757378009,4844.10319509228
503237.787215289,5636510.46939679,0.238626523415799,4873.21438940009
503737.787215289,5636510.46939679,0.206092735540719,4857.37619354013
504237.787215289,5636510.46939679,0.219005516329522,4863.85678293542
504737.787215289,5636510.46939679,0.230015409639212,4869.17464113205
505237.787215289,5636510.46939679,0.259661135771656,4882.69519248808
505737.787215289,5636510.46939679,0.292427151622938,4896.55884346456
506237.787215289,5636510.46939679,0.321126284897789,4907.99522547319
506737.787215289,5636510.46939679,0.326391007888132,4910.03476858847
507237.787215289,5636510.46939679,0.451372294618646,4955.15347813421
507737.787215289,5636510.46939679,0.451372294618646,4955.15347813421
508237.787215289,5636510.46939679,0.508727675449941,4974.8870736248
508737.787215289,5636510.46939679,0.238626523415799,4873.21438940009
509237.787215289,5636510.46939679,0.238626523415799,4873.21438940009
509737.787215289,5636510.46939679,0.238626523415799,4873.21438940009
510237.787215289,5636510.46939679,0.238626523415799,4873.21438940009
510737.787215289,5636510.46939679,0.238626523415799,4873.21438940009
511237.787215289,5636510.46939679,0.508005886240932,4974.63884983595
511737.787215289,5636510.46939679,0.508005886240932,4974.63884983595
512237.787215289,5636510.46939679,0.508005886240932,4974.63884983595
512737.787215289,5636510.46939679,0.715250745034724,5051.63708812818
513237.787215289,5636510.46939679,0.562414513160203,4993.49221224888
513737.787215289,5636510.46939679,0.437479645074428,4950.33845505249
514237.787215289,5636510.46939679,0.430862984477867,4948.0353568597
514737.787215289,5636510.46939679,0.403904354679204,4938.56435725295
515237.787215289,5636510.46939679,0.421257505403585,4944.67828263161
515737.787215289,5636510.46939679,0.396394441829711,4935.89539877913
516237.787215289,5636510.46939679,0.382364559686541,4930.86538481461
516737.787215289,5636510.46939679,0.374434796517472,4927.99403613221
517237.787215289,5636510.46939679,0.361345057155846,4923.20340213774
517737.787215289,5636510.46939679,0.361345057155846,4923.20340213774
518237.787215289,5636510.46939679,0.360258253701775,4922.80257591553
518737.787215289,5636510.46939679,0.350190260319063,4919.06508682073
519237.787215289,5636510.46939679,0.323117263962999,4908.76846355788
519737.787215289,5636510.46939679,0.321126284897789,4907.99522547319
520237.787215289,5636510.46939679,0.321126284897789,4907.99522547319
520737.787215289,5636510.46939679,0.313646347937727,4905.06835578924
521237.787215289,5636510.46939679,0.305144654900416,4901.69736696841
521737.787215289,5636510.46939679,0.313646347937727,4905.06835578924
522237.787215289,5636510.46939679,0.319787530326961,4907.4739409873
522737.787215289,5636510.46939679,0.321126284897789,4907.99522547319
523237.787215289,5636510.46939679,0.321126284897789,4907.99522547319
523737.787215289,5636510.46939679,0.330248040936831,4911.51874429858
524237.787215289,5636510.46939679,0.343768435510283,4916.65688770604
524737.787215289,5636510.46939679,0.346713929005444,4917.7639034964
525237.787215289,5636510.46939679,0.343173920410927,4916.43293422535
525737.787215289,5636510.46939679,0.356960348337413,4921.583210574
526237.787215289,5636510.46939679,0.379429459908456,4929.80513201741
526737.787215289,5636510.46939679,0.238626523415799,4873.21438940009
527237.787215289,5636510.46939679,0.238626523415799,4873.21438940009
527737.787215289,5636510.46939679,0.238626523415799,4873.21438940009
528237.787215289,5636510.46939679,0.238626523415799,4873.21438940009
528737.787215289,5636510.46939679,0.238626523415799,4873.21438940009
529237.787215289,5636510.46939679,0.238626523415799,4873.21438940009
529737.787215289,5636510.46939679,0.238626523415799,4873.21438940009
530237.787215289,5636510.46939679,0.67099602115155,5033.4868119077
530737.787215289,5636510.46939679,0.414427643753914,4942.28012281507
531237.787215289,5636510.46939679,0.40519892948103,4939.0229309925
531737.787215289,5636510.46939679,0.401288008785898,4937.63625133115
484737.787215289,5637010.46939679,0.181381757378009,4844.10319509228
485237.787215289,5637010.46939679,0.174266562379123,4840.03136932925
485737.787215289,5637010.46939679,0.157497684905857,4829.90018002585
486237.787215289,5637010.46939679,0.149285929551669,4824.6252153441
486737.787215289,5637010.46939679,0.138852417274884,4817.57489037694
487237.787215289,5637010.46939679,0.131494734505549,4812.33786511467
487737.787215289,5637010.46939679,0.144153779694943,4821.20899799479
488237.787215289,5637010.46939679,0.238626523415799,4873.21438940009
488737.787215289,5637010.46939679,0.178570213027688,4842.50903484954
489237.787215289,5637010.46939679,0.192202215583475,4850.07004913044
489737.787215289,5637010.46939679,0.213247394857205,4861.00129953139
490237.787215289,5637010.46939679,0.230015409639212,4869.17464113205
490737.787215289,5637010.46939679,0.24041790202788,4874.04249932736
491237.787215289,5637010.46939679,0.24041790202788,4874.04249932736
491737.787215289,5637010.46939679,0.238382569487151,4873.10129703684
492237.787215289,5637010.46939679,0.22786447283093,4868.14967627558
492737.787215289,5637010.46939679,0.221259859267649,4864.96042115906
493237.787215289,5637010.46939679,0.216723625500808,4862.73155906954
493737.787215289,5637010.46939679,0.210893193277889,4859.81817154313
494237.787215289,5637010.46939679,0.198647935479175,4853.50671687375
494737.787215289,5637010.46939679,0.193509897065808,4850.77405701299
495237.787215289,5637010.46939679,0.185516862312438,4846.41418676895
495737.787215289,5637010.46939679,0.175712918185514,4840.86922644503
496237.787215289,5637010.46939679,0.174266562379123,4840.03136932925
496737.787215289,5637010.46939679,0.182770897027725,4844.88393917518
497237.787215289,5637010.46939679,0.189557984174279,4848.6355696933
497737.787215289,5637010.46939679,0.196097121158405,4852.15664402634
498237.787215289,5637010.46939679,0.196097121158405,4852.15664402634
498737.787215289,5637010.46939679,0.196097121158405,4852.15664402634
499237.787215289,5637010.46939679,0.193509897065808,4850.77405701299
499737.787215289,5637010.46939679,0.189557984174279,4848.6355696933
500237.787215289,5637010.46939679,0.185516862312438,4846.41418676895
500737.787215289,5637010.46939679,0.182770897027725,4844.88393917518
501237.787215289,5637010.46939679,0.174266562379123,4840.03136932925
501737.787215289,5637010.46939679,0.238626523415799,4873.21438940009
502237.787215289,5637010.46939679,0.172808042556193,4839.18103967451
502737.787215289,5637010.46939679,0.189557984174279,4848.6355696933
503237.787215289,5637010.46939679,0.238626523415799,4873.21438940009
503737.787215289,5637010.46939679,0.213247394857205,4861.00129953139
504237.787215289,5637010.46939679,0.22786447283093,4868.14967627558
504737.787215289,5637010.46939679,0.24041790202788,4874.04249932736
505237.787215289,5637010.46939679,0.262388207808778,4883.88802577367
505737.787215289,5637010.46939679,0.298515468260401,4899.03383945655
506237.787215289,5637010.46939679,0.326391007888132,4910.03476858847
506737.787215289,5637010.46939679,0.451372294618646,4955.15347813421
507237.787215289,5637010.46939679,0.451372294618646,4955.15347813421
507737.787215289,5637010.46939679,0.451372294618646,4955.15347813421
508237.787215289,5637010.46939679,0.451372294618646,4955.15347813421
508737.787215289,5637010.46939679,0.508005886240932,4974.63884983595
509237.787215289,5637010.46939679,0.238626523415799,4873.21438940009
509737.787215289,5637010.46939679,0.238626523415799,4873.21438940009
510237.787215289,5637010.46939679,0.238626523415799,4873.21438940009
510737.787215289,5637010.46939679,0.238626523415799,4873.21438940009
511237.787215289,5637010.46939679,0.570606725362777,4996.37115978897
511737.787215289,5637010.46939679,0.508005886240932,4974.63884983595
512237.787215289,5637010.46939679,0.508487432173922,4974.80445108901
512737.787215289,5637010.46939679,0.550270482538241,4989.24900495449
513237.787215289,5637010.46939679,0.671617110829791,5033.73160598847
513737.787215289,5637010.46939679,0.570443882596558,4996.31378948982
514237.787215289,5637010.46939679,0.563270850399776,4993.79248542284
514737.787215289,5637010.46939679,0.445598082150332,4953.15526861298
515237.787215289,5637010.46939679,0.238626523415799,4873.21438940009
515737.787215289,5637010.46939679,0.428981713281628,4947.37919518325
516237.787215289,5637010.46939679,0.400407689136086,4937.32356555602
516737.787215289,5637010.46939679,0.389041580616491,4933.26680092484
517237.787215289,5637010.46939679,0.376448352926845,4928.7252265317
517737.787215289,5637010.46939679,0.375946943542122,4928.54328370156
518237.787215289,5637010.46939679,0.374434796517472,4927.99403613221
518737.787215289,5637010.46939679,0.361345057155846,4923.20340213774
519237.787215289,5637010.46939679,0.334029907063722,4912.96572398322
519737.787215289,5637010.46939679,0.334029907063722,4912.96572398322
520237.787215289,5637010.46939679,0.334029907063722,4912.96572398322
520737.787215289,5637010.46939679,0.325740655552668,4909.78370805886
521237.787215289,5637010.46939679,0.330248040936831,4911.51874429858
521737.787215289,5637010.46939679,0.338350856475049,4914.60952842918
522237.787215289,5637010.46939679,0.346713929005444,4917.7639034964
522737.787215289,5637010.46939679,0.347879665611964,4918.20087198456
523237.787215289,5637010.46939679,0.347879665611964,4918.20087198456
523737.787215289,5637010.46939679,0.356405185758625,4921.3774853116
524237.787215289,5637010.46939679,0.367215067605781,4925.35998699786
524737.787215289,5637010.46939679,0.381878515896149,4930.69001080778
525237.787215289,5637010.46939679,0.389041580616491,4933.26680092484
525737.787215289,5637010.46939679,0.380902651668634,4930.33766086957
526237.787215289,5637010.46939679,0.238626523415799,4873.21438940009
526737.787215289,5637010.46939679,0.238626523415799,4873.21438940009
527237.787215289,5637010.46939679,0.238626523415799,4873.21438940009
527737.787215289,5637010.46939679,0.238626523415799,4873.21438940009
528237.787215289,5637010.46939679,0.238626523415799,4873.21438940009
528737.787215289,5637010.46939679,0.65690750064075,5027.99790428688
529237.787215289,5637010.46939679,0.420466988125086,4944.40120949147
529737.787215289,5637010.46939679,0.42007038959131,4944.26215536971
530237.787215289,5637010.46939679,0.42007038959131,4944.26215536971
530737.787215289,5637010.46939679,0.392753882516634,4934.5959217624
531237.787215289,5637010.46939679,0.375444212021877,4928.36077098235
531737.787215289,5637010.46939679,0.373419908189545,4927.62494013421
484237.787215289,5637510.46939679,0.238626523415799,4873.21438940009
484737.787215289,5637510.46939679,0.165324723549297,4834.72877437842
485237.787215289,5637510.46939679,0.159092456194012,4830.89911277944
485737.787215289,5637510.46939679,0.144153779694943,4821.20899799479
486237.787215289,5637510.46939679,0.137045193870479,4816.31010566449
486737.787215289,5637510.46939679,0.129599424905885,4810.94968448017
487237.787215289,5637510.46939679,0.131494734505549,4812.33786511467
487737.787215289,5637510.46939679,0.150961309673497,4825.71993824739
488237.787215289,5637510.46939679,0.174266562379123,4840.03136932925
488737.787215289,5637510.46939679,0.189557984174279,4848.6355696933
489237.787215289,5637510.46939679,0.204872797011721,4856.74912806425
489737.787215289,5637510.46939679,0.22786447283093,4868.14967627558
490237.787215289,5637510.46939679,0.249317324331622,4878.09752440911
490737.787215289,5637510.46939679,0.262388207808778,4883.88802577367
491237.787215289,5637510.46939679,0.263288770177419,4884.28024111535
491737.787215289,5637510.46939679,0.259661135771656,4882.69519248808
492237.787215289,5637510.46939679,0.248348738851505,4877.66080364877
492737.787215289,5637510.46939679,0.24041790202788,4874.04249932736
493237.787215289,5637510.46939679,0.238382569487151,4873.10129703684
493737.787215289,5637510.46939679,0.230015409639212,4869.17464113205
494237.787215289,5637510.46939679,0.219005516329522,4863.85678293542
494737.787215289,5637510.46939679,0.210893193277889,4859.81817154313
495237.787215289,5637510.46939679,0.202408260311013,4855.47405872145
495737.787215289,5637510.46939679,0.193509897065808,4850.77405701299
496237.787215289,5637510.46939679,0.185516862312438,4846.41418676895
496737.787215289,5637510.46939679,0.169853654171881,4837.44150704737
497237.787215289,5637510.46939679,0.172808042556193,4839.18103967451
497737.787215289,5637510.46939679,0.238626523415799,4873.21438940009
498237.787215289,5637510.46939679,0.178570213027688,4842.50903484954
498737.787215289,5637510.46939679,0.178570213027688,4842.50903484954
499237.787215289,5637510.46939679,0.175712918185514,4840.86922644503
499737.787215289,5637510.46939679,0.172808042556193,4839.18103967451
500237.787215289,5637510.46939679,0.168357252224023,4836.5514828355
500737.787215289,5637510.46939679,0.165324723549297,4834.72877437842
501237.787215289,5637510.46939679,0.160672201504363,4831.88086186033
501737.787215289,5637510.46939679,0.172808042556193,4839.18103967451
502237.787215289,5637510.46939679,0.185516862312438,4846.41418676895
502737.787215289,5637510.46939679,0.204872797011721,4856.74912806425
503237.787215289,5637510.46939679,0.215572106622318,4862.16057956976
503737.787215289,5637510.46939679,0.230015409639212,4869.17464113205
504237.787215289,5637510.46939679,0.242431736072177,4874.96859233584
504737.787215289,5637510.46939679,0.258743450804885,4882.29203371565
505237.787215289,5637510.46939679,0.273779863967455,4888.7899588011
505737.787215289,5637510.46939679,0.298515468260401,4899.03383945655
506237.787215289,5637510.46939679,0.326391007888132,4910.03476858847
506737.787215289,5637510.46939679,0.451372294618646,4955.15347813421
507237.787215289,5637510.46939679,0.451372294618646,4955.15347813421
507737.787215289,5637510.46939679,0.451372294618646,4955.15347813421
508237.787215289,5637510.46939679,0.451372294618646,4955.15347813421
508737.787215289,5637510.46939679,0.451372294618646,4955.15347813421
509237.787215289,5637510.46939679,0.451372294618646,4955.15347813421
509737.787215289,5637510.46939679,0.451372294618646,4955.15347813421
510237.787215289,5637510.46939679,0.508246862603905,4974.72171906263
510737.787215289,5637510.46939679,0.652829092130741,5026.43056861229
511237.787215289,5637510.46939679,0.530513667920908,4982.39578777595
511737.787215289,5637510.46939679,0.508005886240932,4974.63884983595
512237.787215289,5637510.46939679,0.390442265401001,4933.76878014627
512737.787215289,5637510.46939679,0.511111255264424,4975.70697086139
513237.787215289,5637510.46939679,0.508727675449941,4974.8870736248
513737.787215289,5637510.46939679,0.550826708720957,4989.44277900561
514237.787215289,5637510.46939679,0.716248669151948,5052.06520785043
514737.787215289,5637510.46939679,0.69399203036219,5042.7272085149
515237.787215289,5637510.46939679,0.238626523415799,4873.21438940009
515737.787215289,5637510.46939679,0.562928931710664,4993.67257429972
516237.787215289,5637510.46939679,0.543243360136919,4986.80519605681
516737.787215289,5637510.46939679,0.238626523415799,4873.21438940009
517237.787215289,5637510.46939679,0.422044651078233,4944.95404890551
517737.787215289,5637510.46939679,0.425160117229714,4946.04431650568
518237.787215289,5637510.46939679,0.414427643753914,4942.28012281507
518737.787215289,5637510.46939679,0.382849391330026,4931.04024308483
519237.787215289,5637510.46939679,0.361886162754937,4923.40278515559
519737.787215289,5637510.46939679,0.361886162754937,4923.40278515559
520237.787215289,5637510.46939679,0.367739883237324,4925.55213040109
520737.787215289,5637510.46939679,0.350763561661817,4919.27912930092
521237.787215289,5637510.46939679,0.356960348337413,4921.583210574
521737.787215289,5637510.46939679,0.350190260319063,4919.06508682073
522237.787215289,5637510.46939679,0.360258253701775,4922.80257591553
522737.787215289,5637510.46939679,0.361345057155846,4923.20340213774
523237.787215289,5637510.46939679,0.361886162754937,4923.40278515559
523737.787215289,5637510.46939679,0.369305767149562,4926.12479073767
524237.787215289,5637510.46939679,0.392753882516634,4934.5959217624
524737.787215289,5637510.46939679,0.37494016184586,4928.1776884379
525237.787215289,5637510.46939679,0.380902651668634,4930.33766086957
525737.787215289,5637510.46939679,0.238626523415799,4873.21438940009
526237.787215289,5637510.46939679,0.238626523415799,4873.21438940009
526737.787215289,5637510.46939679,0.238626523415799,4873.21438940009
527237.787215289,5637510.46939679,0.238626523415799,4873.21438940009
527737.787215289,5637510.46939679,0.238626523415799,4873.21438940009
528237.787215289,5637510.46939679,0.558940498828033,4992.27555763464
528737.787215289,5637510.46939679,0.552116923272122,4989.89245497299
529237.787215289,5637510.46939679,0.40519892948103,4939.0229309925
529737.787215289,5637510.46939679,0.40519892948103,4939.0229309925
530237.787215289,5637510.46939679,0.40519892948103,4939.0229309925
530737.787215289,5637510.46939679,0.451706261244193,4955.26893057577
531237.787215289,5637510.46939679,0.361345057155846,4923.20340213774
531737.787215289,5637510.46939679,0.359712491307969,4922.60110545492
484237.787215289,5638010.46939679,0.162237299771293,4832.84603598985
484737.787215289,5638010.46939679,0.157497684905857,4829.90018002585
485237.787215289,5638010.46939679,0.150961309673497,4825.71993824739
485737.787215289,5638010.46939679,0.138852417274884,4817.57489037694
486237.787215289,5638010.46939679,0.131494734505549,4812.33786511467
486737.787215289,5638010.46939679,0.123767479052169,4806.5694125636
487237.787215289,5638010.46939679,0.133367011864724,4813.69299004443
487737.787215289,5638010.46939679,0.154261740620563,4827.84833209261
488237.787215289,5638010.46939679,0.177147408828393,4841.69500911152
488737.787215289,5638010.46939679,0.193509897065808,4850.77405701299
489237.787215289,5638010.46939679,0.210893193277889,4859.81817154313
489737.787215289,5638010.46939679,0.235288062351894,4871.66000576993
490237.787215289,5638010.46939679,0.258743450804885,4882.29203371565
490737.787215289,5638010.46939679,0.273779863967455,4888.7899588011
491237.787215289,5638010.46939679,0.275474422164073,4889.50852206093
491737.787215289,5638010.46939679,0.270345667691848,4887.3254845476
492237.787215289,5638010.46939679,0.259661135771656,4882.69519248808
492737.787215289,5638010.46939679,0.252194093416622,4879.38821246933
493237.787215289,5638010.46939679,0.248348738851505,4877.66080364877
493737.787215289,5638010.46939679,0.24041790202788,4874.04249932736
494237.787215289,5638010.46939679,0.228943032111607,4868.66445090253
494737.787215289,5638010.46939679,0.221259859267649,4864.96042115906
495237.787215289,5638010.46939679,0.210893193277889,4859.81817154313
495737.787215289,5638010.46939679,0.202408260311013,4855.47405872145
496237.787215289,5638010.46939679,0.193509897065808,4850.77405701299
496737.787215289,5638010.46939679,0.177147408828393,4841.69500911152
497237.787215289,5638010.46939679,0.17133717362154,4838.31789368126
497737.787215289,5638010.46939679,0.238626523415799,4873.21438940009
498237.787215289,5638010.46939679,0.169853654171881,4837.44150704737
498737.787215289,5638010.46939679,0.169853654171881,4837.44150704737
499237.787215289,5638010.46939679,0.166847714411858,4835.64739757805
499737.787215289,5638010.46939679,0.166847714411858,4835.64739757805
500237.787215289,5638010.46939679,0.17133717362154,4838.31789368126
500737.787215289,5638010.46939679,0.17133717362154,4838.31789368126
501237.787215289,5638010.46939679,0.166847714411858,4835.64739757805
501737.787215289,5638010.46939679,0.179981622525565,4843.31167545197
502237.787215289,5638010.46939679,0.192202215583475,4850.07004913044
502737.787215289,5638010.46939679,0.213247394857205,4861.00129953139
503237.787215289,5638010.46939679,0.224591184783008,4866.57712867393
503737.787215289,5638010.46939679,0.24041790202788,4874.04249932736
504237.787215289,5638010.46939679,0.25123990926248,4878.96116173272
504737.787215289,5638010.46939679,0.267729407311648,4886.20223585991
505237.787215289,5638010.46939679,0.286142175559228,4893.97330671512
505737.787215289,5638010.46939679,0.292427151622938,4896.55884346456
506237.787215289,5638010.46939679,0.321126284897789,4907.99522547319
506737.787215289,5638010.46939679,0.451372294618646,4955.15347813421
507237.787215289,5638010.46939679,0.451372294618646,4955.15347813421
507737.787215289,5638010.46939679,0.326391007888132,4910.03476858847
508237.787215289,5638010.46939679,0.451372294618646,4955.15347813421
508737.787215289,5638010.46939679,0.451372294618646,4955.15347813421
509237.787215289,5638010.46939679,0.451372294618646,4955.15347813421
509737.787215289,5638010.46939679,0.451372294618646,4955.15347813421
510237.787215289,5638010.46939679,0.451372294618646,4955.15347813421
510737.787215289,5638010.46939679,0.508005886240932,4974.63884983595
511237.787215289,5638010.46939679,0.652829092130741,5026.43056861229
511737.787215289,5638010.46939679,0.381878515896149,4930.69001080778
512237.787215289,5638010.46939679,0.375946943542122,4928.54328370156
512737.787215289,5638010.46939679,0.238626523415799,4873.21438940009
513237.787215289,5638010.46939679,0.452372247724623,4955.49912570537
513737.787215289,5638010.46939679,0.508487432173922,4974.80445108901
514237.787215289,5638010.46939679,0.553941849487048,4990.52898142347
514737.787215289,5638010.46939679,0.566816214674203,4995.03728286416
515237.787215289,5638010.46939679,0.665990913757671,5031.52302905301
515737.787215289,5638010.46939679,0.669901383023211,5033.0559763198
516237.787215289,5638010.46939679,0.558764727624513,4992.21406238909
516737.787215289,5638010.46939679,0.418875642027849,4943.84306086815
517237.787215289,5638010.46939679,0.43963283576595,4951.08644936537
517737.787215289,5638010.46939679,0.418875642027849,4943.84306086815
518237.787215289,5638010.46939679,0.431236965038566,4948.16572298349
518737.787215289,5638010.46939679,0.397741716438754,4936.37534125621
519237.787215289,5638010.46939679,0.378440927891259,4929.44738008275
519737.787215289,5638010.46939679,0.382849391330026,4931.04024308483
520237.787215289,5638010.46939679,0.397293712749538,4936.21580443113
520737.787215289,5638010.46939679,0.362425756008244,4923.60149047601
521237.787215289,5638010.46939679,0.369824910505045,4926.31443894408
521737.787215289,5638010.46939679,0.39367060044907,4934.92350146192
522237.787215289,5638010.46939679,0.408607924443517,4940.22847914523
522737.787215289,5638010.46939679,0.406484632816531,4939.47794227871
523237.787215289,5638010.46939679,0.410289374931475,4940.82205948788
523737.787215289,5638010.46939679,0.238626523415799,4873.21438940009
524237.787215289,5638010.46939679,0.238626523415799,4873.21438940009
524737.787215289,5638010.46939679,0.238626523415799,4873.21438940009
525237.787215289,5638010.46939679,0.238626523415799,4873.21438940009
525737.787215289,5638010.46939679,0.238626523415799,4873.21438940009
526237.787215289,5638010.46939679,0.238626523415799,4873.21438940009
526737.787215289,5638010.46939679,0.566147216177127,4994.8021900567
527237.787215289,5638010.46939679,0.661448085800059,5029.75395090383
527737.787215289,5638010.46939679,0.569954235458225,4996.14132068944
528237.787215289,5638010.46939679,0.414017964410806,4942.13595192364
528737.787215289,5638010.46939679,0.404768370651752,4938.87046274359
529237.787215289,5638010.46939679,0.381391262923176,4930.51412111983
529737.787215289,5638010.46939679,0.375444212021877,4928.36077098235
530237.787215289,5638010.46939679,0.451706261244193,4955.26893057577
530737.787215289,5638010.46939679,0.451706261244193,4955.26893057577
531237.787215289,5638010.46939679,0.451372294618646,4955.15347813421
531737.787215289,5638010.46939679,0.451372294618646,4955.15347813421
532237.787215289,5638010.46939679,0.451372294618646,4955.15347813421
483737.787215289,5638510.46939679,0.150961309673497,4825.71993824739
484237.787215289,5638510.46939679,0.145882615295986,4822.37062298577
484737.787215289,5638510.46939679,0.142406135464596,4820.0231889282
485237.787215289,5638510.46939679,0.137045193870479,4816.31010566449
485737.787215289,5638510.46939679,0.125736608457139,4808.06732080645
486237.787215289,5638510.46939679,0.119749350536903,4803.44967025295
486737.787215289,5638510.46939679,0.117698370979219,4801.82307506073
487237.787215289,5638510.46939679,0.137045193870479,4816.31010566449
487737.787215289,5638510.46939679,0.159092456194012,4830.89911277944
488237.787215289,5638510.46939679,0.184149193605806,4845.65417241519
488737.787215289,5638510.46939679,0.202408260311013,4855.47405872145
489237.787215289,5638510.46939679,0.221259859267649,4864.96042115906
489737.787215289,5638510.46939679,0.249317324331622,4878.09752440911
490237.787215289,5638510.46939679,0.275474422164073,4889.50852206093
490737.787215289,5638510.46939679,0.298515468260401,4899.03383945655
491237.787215289,5638510.46939679,0.30000827928995,4899.63641909937
491737.787215289,5638510.46939679,0.292427151622938,4896.55884346456
492237.787215289,5638510.46939679,0.282108233105312,4892.2966099126
492737.787215289,5638510.46939679,0.275474422164073,4889.50852206093
493237.787215289,5638510.46939679,0.270345667691848,4887.3254845476
493737.787215289,5638510.46939679,0.259661135771656,4882.69519248808
494237.787215289,5638510.46939679,0.25123990926248,4878.96116173272
494737.787215289,5638510.46939679,0.24041790202788,4874.04249932736
495237.787215289,5638510.46939679,0.230015409639212,4869.17464113205
495737.787215289,5638510.46939679,0.221259859267649,4864.96042115906
496237.787215289,5638510.46939679,0.210893193277889,4859.81817154313
496737.787215289,5638510.46939679,0.193509897065808,4850.77405701299
497237.787215289,5638510.46939679,0.189557984174279,4848.6355696933
497737.787215289,5638510.46939679,0.189557984174279,4848.6355696933
498237.787215289,5638510.46939679,0.186874084549585,4847.16424744025
498737.787215289,5638510.46939679,0.181381757378009,4844.10319509228
499237.787215289,5638510.46939679,0.179981622525565,4843.31167545197
499737.787215289,5638510.46939679,0.184149193605806,4845.65417241519
500237.787215289,5638510.46939679,0.189557984174279,4848.6355696933
500737.787215289,5638510.46939679,0.238626523415799,4873.21438940009
501237.787215289,5638510.46939679,0.181381757378009,4844.10319509228
501737.787215289,5638510.46939679,0.192202215583475,4850.07004913044
502237.787215289,5638510.46939679,0.206092735540719,4857.37619354013
502737.787215289,5638510.46939679,0.22786447283093,4868.14967627558
503237.787215289,5638510.46939679,0.242431736072177,4874.96859233584
503737.787215289,5638510.46939679,0.262388207808778,4883.88802577367
504237.787215289,5638510.46939679,0.270345667691848,4887.3254845476
504737.787215289,5638510.46939679,0.284538634095151,4893.30844766116
505237.787215289,5638510.46939679,0.310148985920393,4903.68752101852
505737.787215289,5638510.46939679,0.312951901558429,4904.79481382904
506237.787215289,5638510.46939679,0.326391007888132,4910.03476858847
506737.787215289,5638510.46939679,0.451372294618646,4955.15347813421
507237.787215289,5638510.46939679,0.451372294618646,4955.15347813421
507737.787215289,5638510.46939679,0.451372294618646,4955.15347813421
508237.787215289,5638510.46939679,0.451372294618646,4955.15347813421
508737.787215289,5638510.46939679,0.330248040936831,4911.51874429858
509237.787215289,5638510.46939679,0.451372294618646,4955.15347813421
509737.787215289,5638510.46939679,0.451372294618646,4955.15347813421
510237.787215289,5638510.46939679,0.451372294618646,4955.15347813421
510737.787215289,5638510.46939679,0.451372294618646,4955.15347813421
511237.787215289,5638510.46939679,0.451372294618646,4955.15347813421
511737.787215289,5638510.46939679,0.451372294618646,4955.15347813421
512237.787215289,5638510.46939679,0.451372294618646,4955.15347813421
512737.787215289,5638510.46939679,0.451372294618646,4955.15347813421
513237.787215289,5638510.46939679,0.453035847859383,4955.72844801254
513737.787215289,5638510.46939679,0.454026604493952,4956.07073944061
514237.787215289,5638510.46939679,0.452039552509102,4955.38413723572
514737.787215289,5638510.46939679,0.404768370651752,4938.87046274359
515237.787215289,5638510.46939679,0.419673030363237,4944.12280216127
515737.787215289,5638510.46939679,0.452372247724623,4955.49912570537
516237.787215289,5638510.46939679,0.555206690418286,4990.97049683174
516737.787215289,5638510.46939679,0.661026683161018,5029.59047150553
517237.787215289,5638510.46939679,0.672926478471181,5034.2484917998
517737.787215289,5638510.46939679,0.62862566209106,5017.30526208334
518237.787215289,5638510.46939679,0.238626523415799,4873.21438940009
518737.787215289,5638510.46939679,0.403904354679204,4938.56435725295
519237.787215289,5638510.46939679,0.403904354679204,4938.56435725295
519737.787215289,5638510.46939679,0.238626523415799,4873.21438940009
520237.787215289,5638510.46939679,0.238626523415799,4873.21438940009
520737.787215289,5638510.46939679,0.238626523415799,4873.21438940009
521237.787215289,5638510.46939679,0.238626523415799,4873.21438940009
521737.787215289,5638510.46939679,0.238626523415799,4873.21438940009
522237.787215289,5638510.46939679,0.238626523415799,4873.21438940009
522737.787215289,5638510.46939679,0.238626523415799,4873.21438940009
523237.787215289,5638510.46939679,0.238626523415799,4873.21438940009
523737.787215289,5638510.46939679,0.238626523415799,4873.21438940009
524237.787215289,5638510.46939679,0.238626523415799,4873.21438940009
524737.787215289,5638510.46939679,0.238626523415799,4873.21438940009
525237.787215289,5638510.46939679,0.238626523415799,4873.21438940009
525737.787215289,5638510.46939679,0.238626523415799,4873.21438940009
526237.787215289,5638510.46939679,0.553941849487048,4990.52898142347
526737.787215289,5638510.46939679,0.552483616989008,4990.02030978625
527237.787215289,5638510.46939679,0.420862667614402,4944.539909406
527737.787215289,5638510.46939679,0.414017964410806,4942.13595192364
528237.787215289,5638510.46939679,0.392293769191983,4934.43141154956
528737.787215289,5638510.46939679,0.375444212021877,4928.36077098235
529237.787215289,5638510.46939679,0.360802369610381,4923.00331407789
529737.787215289,5638510.46939679,0.3472976648897,4917.98279388103
530237.787215289,5638510.46939679,0.3472976648897,4917.98279388103
530737.787215289,5638510.46939679,0.451372294618646,4955.15347813421
531237.787215289,5638510.46939679,0.451372294618646,4955.15347813421
531737.787215289,5638510.46939679,0.451372294618646,4955.15347813421
532237.787215289,5638510.46939679,0.508005886240932,4974.63884983595
483737.787215289,5639010.46939679,0.137045193870479,4816.31010566449
484237.787215289,5639010.46939679,0.131494734505549,4812.33786511467
484737.787215289,5639010.46939679,0.129599424905885,4810.94968448017
485237.787215289,5639010.46939679,0.125736608457139,4808.06732080645
485737.787215289,5639010.46939679,0.115618061899259,4800.14850510016
486237.787215289,5639010.46939679,0.109189145731808,4794.80607133446
486737.787215289,5639010.46939679,0.119749350536903,4803.44967025295
487237.787215289,5639010.46939679,0.138852417274884,4817.57489037694
487737.787215289,5639010.46939679,0.162237299771293,4832.84603598985
488237.787215289,5639010.46939679,0.188221055557947,4847.9046198625
488737.787215289,5639010.46939679,0.207304637508709,4857.99649243197
489237.787215289,5639010.46939679,0.22786447283093,4868.14967627558
489737.787215289,5639010.46939679,0.259661135771656,4882.69519248808
490237.787215289,5639010.46939679,0.292427151622938,4896.55884346456
490737.787215289,5639010.46939679,0.321126284897789,4907.99522547319
491237.787215289,5639010.46939679,0.326391007888132,4910.03476858847
491737.787215289,5639010.46939679,0.312951901558429,4904.79481382904
492237.787215289,5639010.46939679,0.302226160878992,4900.52866021373
492737.787215289,5639010.46939679,0.30000827928995,4899.63641909937
493237.787215289,5639010.46939679,0.292427151622938,4896.55884346456
493737.787215289,5639010.46939679,0.282108233105312,4892.2966099126
494237.787215289,5639010.46939679,0.273779863967455,4888.7899588011
494737.787215289,5639010.46939679,0.259661135771656,4882.69519248808
495237.787215289,5639010.46939679,0.25123990926248,4878.96116173272
495737.787215289,5639010.46939679,0.24041790202788,4874.04249932736
496237.787215289,5639010.46939679,0.230015409639212,4869.17464113205
496737.787215289,5639010.46939679,0.210893193277889,4859.81817154313
497237.787215289,5639010.46939679,0.208508596078889,4858.61015747088
497737.787215289,5639010.46939679,0.208508596078889,4858.61015747088
498237.787215289,5639010.46939679,0.204872797011721,4856.74912806425
498737.787215289,5639010.46939679,0.198647935479175,4853.50671687375
499237.787215289,5639010.46939679,0.198647935479175,4853.50671687375
499737.787215289,5639010.46939679,0.202408260311013,4855.47405872145
500237.787215289,5639010.46939679,0.208508596078889,4858.61015747088
500737.787215289,5639010.46939679,0.208508596078889,4858.61015747088
501237.787215289,5639010.46939679,0.198647935479175,4853.50671687375
501737.787215289,5639010.46939679,0.206092735540719,4857.37619354013
502237.787215289,5639010.46939679,0.220136069363564,4864.41124020741
502737.787215289,5639010.46939679,0.242431736072177,4874.96859233584
503237.787215289,5639010.46939679,0.258743450804885,4882.29203371565
503737.787215289,5639010.46939679,0.286142175559228,4893.97330671512
504237.787215289,5639010.46939679,0.292427151622938,4896.55884346456
504737.787215289,5639010.46939679,0.30000827928995,4899.63641909937
505237.787215289,5639010.46939679,0.326391007888132,4910.03476858847
505737.787215289,5639010.46939679,0.451372294618646,4955.15347813421
506237.787215289,5639010.46939679,0.451372294618646,4955.15347813421
506737.787215289,5639010.46939679,0.451372294618646,4955.15347813421
507237.787215289,5639010.46939679,0.451372294618646,4955.15347813421
507737.787215289,5639010.46939679,0.451372294618646,4955.15347813421
508237.787215289,5639010.46939679,0.451372294618646,4955.15347813421
508737.787215289,5639010.46939679,0.451372294618646,4955.15347813421
509237.787215289,5639010.46939679,0.451372294618646,4955.15347813421
509737.787215289,5639010.46939679,0.451372294618646,4955.15347813421
510237.787215289,5639010.46939679,0.330248040936831,4911.51874429858
510737.787215289,5639010.46939679,0.341979399799068,4915.98242857609
511237.787215289,5639010.46939679,0.350190260319063,4919.06508682073
511737.787215289,5639010.46939679,0.451372294618646,4955.15347813421
512237.787215289,5639010.46939679,0.330883485409344,4911.76242291838
512737.787215289,5639010.46939679,0.346128391555194,4917.54417354282
513237.787215289,5639010.46939679,0.452039552509102,4955.38413723572
513737.787215289,5639010.46939679,0.368785199608166,4925.93451862279
514237.787215289,5639010.46939679,0.451372294618646,4955.15347813421
514737.787215289,5639010.46939679,0.381391262923176,4930.51412111983
515237.787215289,5639010.46939679,0.389976523733905,4933.6019336606
515737.787215289,5639010.46939679,0.452039552509102,4955.38413723572
516237.787215289,5639010.46939679,0.452039552509102,4955.38413723572
516737.787215289,5639010.46939679,0.452372247724623,4955.49912570537
517237.787215289,5639010.46939679,0.452372247724623,4955.49912570537
517737.787215289,5639010.46939679,0.42007038959131,4944.26215536971
518237.787215289,5639010.46939679,0.238626523415799,4873.21438940009
518737.787215289,5639010.46939679,0.238626523415799,4873.21438940009
519237.787215289,5639010.46939679,0.550270482538241,4989.24900495449
519737.787215289,5639010.46939679,0.550270482538241,4989.24900495449
520237.787215289,5639010.46939679,0.238626523415799,4873.21438940009
520737.787215289,5639010.46939679,0.238626523415799,4873.21438940009
521237.787215289,5639010.46939679,0.238626523415799,4873.21438940009
521737.787215289,5639010.46939679,0.238626523415799,4873.21438940009
522237.787215289,5639010.46939679,0.238626523415799,4873.21438940009
522737.787215289,5639010.46939679,0.238626523415799,4873.21438940009
523237.787215289,5639010.46939679,0.238626523415799,4873.21438940009
523737.787215289,5639010.46939679,0.238626523415799,4873.21438940009
524237.787215289,5639010.46939679,0.656119838935278,5027.69448194347
524737.787215289,5639010.46939679,0.554123187433322,4990.59226317869
525237.787215289,5639010.46939679,0.551196392054496,4989.5715952417
525737.787215289,5639010.46939679,0.420466988125086,4944.40120949147
526237.787215289,5639010.46939679,0.405628468042965,4939.17499118352
526737.787215289,5639010.46939679,0.40519892948103,4939.0229309925
527237.787215289,5639010.46939679,0.393212801426741,4934.75994258492
527737.787215289,5639010.46939679,0.387630478114182,4932.76047566861
528237.787215289,5639010.46939679,0.368263286966847,4925.74365011514
528737.787215289,5639010.46939679,0.351905205124867,4919.70491242199
529237.787215289,5639010.46939679,0.337739466667442,4914.37753648874
529737.787215289,5639010.46939679,0.334653124349829,4913.20342496646
530237.787215289,5639010.46939679,0.341979399799068,4915.98242857609
530737.787215289,5639010.46939679,0.372399651658358,4927.25351097423
531237.787215289,5639010.46939679,0.451372294618646,4955.15347813421
531737.787215289,5639010.46939679,0.508005886240932,4974.63884983595
532237.787215289,5639010.46939679,0.508005886240932,4974.63884983595
483737.787215289,5639510.46939679,0.131494734505549,4812.33786511467
484237.787215289,5639510.46939679,0.125736608457139,4808.06732080645
484737.787215289,5639510.46939679,0.121772049325338,4805.03095871716
485237.787215289,5639510.46939679,0.119749350536903,4803.44967025295
485737.787215289,5639510.46939679,0.109189145731808,4794.80607133446
486237.787215289,5639510.46939679,0.10697909857011,4792.90721006812
486737.787215289,5639510.46939679,0.119749350536903,4803.44967025295
487237.787215289,5639510.46939679,0.140639207026501,4818.81219358092
487737.787215289,5639510.46939679,0.163788034908898,4833.79516376729
488237.787215289,5639510.46939679,0.189557984174279,4848.6355696933
488737.787215289,5639510.46939679,0.208508596078889,4858.61015747088
489237.787215289,5639510.46939679,0.228943032111607,4868.66445090253
489737.787215289,5639510.46939679,0.262388207808778,4883.88802577367
490237.787215289,5639510.46939679,0.298515468260401,4899.03383945655
490737.787215289,5639510.46939679,0.326391007888132,4910.03476858847
491237.787215289,5639510.46939679,0.451372294618646,4955.15347813421
491737.787215289,5639510.46939679,0.326391007888132,4910.03476858847
492237.787215289,5639510.46939679,0.312951901558429,4904.79481382904
492737.787215289,5639510.46939679,0.312951901558429,4904.79481382904
493237.787215289,5639510.46939679,0.302226160878992,4900.52866021373
493737.787215289,5639510.46939679,0.292427151622938,4896.55884346456
494237.787215289,5639510.46939679,0.286142175559228,4893.97330671512
494737.787215289,5639510.46939679,0.270345667691848,4887.3254845476
495237.787215289,5639510.46939679,0.262388207808778,4883.88802577367
495737.787215289,5639510.46939679,0.249317324331622,4878.09752440911
496237.787215289,5639510.46939679,0.24041790202788,4874.04249932736
496737.787215289,5639510.46939679,0.238626523415799,4873.21438940009
497237.787215289,5639510.46939679,0.238626523415799,4873.21438940009
497737.787215289,5639510.46939679,0.219005516329522,4863.85678293542
498237.787215289,5639510.46939679,0.214413407435253,4861.58387084235
498737.787215289,5639510.46939679,0.208508596078889,4858.61015747088
499237.787215289,5639510.46939679,0.208508596078889,4858.61015747088
499737.787215289,5639510.46939679,0.210893193277889,4859.81817154313
500237.787215289,5639510.46939679,0.219005516329522,4863.85678293542
500737.787215289,5639510.46939679,0.219005516329522,4863.85678293542
501237.787215289,5639510.46939679,0.208508596078889,4858.61015747088
501737.787215289,5639510.46939679,0.213247394857205,4861.00129953139
502237.787215289,5639510.46939679,0.22786447283093,4868.14967627558
502737.787215289,5639510.46939679,0.25123990926248,4878.96116173272
503237.787215289,5639510.46939679,0.267729407311648,4886.20223585991
503737.787215289,5639510.46939679,0.298515468260401,4899.03383945655
504237.787215289,5639510.46939679,0.302226160878992,4900.52866021373
504737.787215289,5639510.46939679,0.312951901558429,4904.79481382904
505237.787215289,5639510.46939679,0.451372294618646,4955.15347813421
505737.787215289,5639510.46939679,0.451372294618646,4955.15347813421
506237.787215289,5639510.46939679,0.451372294618646,4955.15347813421
506737.787215289,5639510.46939679,0.451372294618646,4955.15347813421
507237.787215289,5639510.46939679,0.451372294618646,4955.15347813421
507737.787215289,5639510.46939679,0.451372294618646,4955.15347813421
508237.787215289,5639510.46939679,0.451372294618646,4955.15347813421
508737.787215289,5639510.46939679,0.326391007888132,4910.03476858847
509237.787215289,5639510.46939679,0.451372294618646,4955.15347813421
509737.787215289,5639510.46939679,0.326391007888132,4910.03476858847
510237.787215289,5639510.46939679,0.31776192456307,4906.68311064141
510737.787215289,5639510.46939679,0.330248040936831,4911.51874429858
511237.787215289,5639510.46939679,0.336510826507556,4913.91073826268
511737.787215289,5639510.46939679,0.451372294618646,4955.15347813421
512237.787215289,5639510.46939679,0.326391007888132,4910.03476858847
512737.787215289,5639510.46939679,0.332777406930651,4912.48737329806
513237.787215289,5639510.46939679,0.342577572750104,4916.20811447544
513737.787215289,5639510.46939679,0.355848413091348,4921.17102838031
514237.787215289,5639510.46939679,0.360802369610381,4923.00331407789
514737.787215289,5639510.46939679,0.368263286966847,4925.74365011514
515237.787215289,5639510.46939679,0.451706261244193,4955.26893057577
515737.787215289,5639510.46939679,0.452039552509102,4955.38413723572
516237.787215289,5639510.46939679,0.452039552509102,4955.38413723572
516737.787215289,5639510.46939679,0.452372247724623,4955.49912570537
517237.787215289,5639510.46939679,0.454355632281495,4956.1843908342
517737.787215289,5639510.46939679,0.508967592337069,4974.96958666453
518237.787215289,5639510.46939679,0.238626523415799,4873.21438940009
518737.787215289,5639510.46939679,0.238626523415799,4873.21438940009
519237.787215289,5639510.46939679,0.238626523415799,4873.21438940009
519737.787215289,5639510.46939679,0.238626523415799,4873.21438940009
520237.787215289,5639510.46939679,0.238626523415799,4873.21438940009
520737.787215289,5639510.46939679,0.238626523415799,4873.21438940009
521237.787215289,5639510.46939679,0.238626523415799,4873.21438940009
521737.787215289,5639510.46939679,0.238626523415799,4873.21438940009
522237.787215289,5639510.46939679,0.238626523415799,4873.21438940009
522737.787215289,5639510.46939679,0.699670995679778,5045.06988448085
523237.787215289,5639510.46939679,0.559991000508204,4992.64320987009
523737.787215289,5639510.46939679,0.554123187433322,4990.59226317869
524237.787215289,5639510.46939679,0.420862667614402,4944.539909406
524737.787215289,5639510.46939679,0.420466988125086,4944.40120949147
525237.787215289,5639510.46939679,0.420466988125086,4944.40120949147
525737.787215289,5639510.46939679,0.414427643753914,4942.28012281507
526237.787215289,5639510.46939679,0.393212801426741,4934.75994258492
526737.787215289,5639510.46939679,0.390442265401001,4933.76878014627
527237.787215289,5639510.46939679,0.381878515896149,4930.69001080778
527737.787215289,5639510.46939679,0.373928044073677,4927.80978667515
528237.787215289,5639510.46939679,0.355848413091348,4921.17102838031
528737.787215289,5639510.46939679,0.341379336378102,4915.75584926034
529237.787215289,5639510.46939679,0.332777406930651,4912.48737329806
529737.787215289,5639510.46939679,0.347879665611964,4918.20087198456
530237.787215289,5639510.46939679,0.352473461712511,4919.91662545167
530737.787215289,5639510.46939679,0.451372294618646,4955.15347813421
531237.787215289,5639510.46939679,0.508005886240932,4974.63884983595
531737.787215289,5639510.46939679,0.508005886240932,4974.63884983595
532237.787215289,5639510.46939679,0.451372294618646,4955.15347813421
483737.787215289,5640010.46939679,0.119749350536903,4803.44967025295
484237.787215289,5640010.46939679,0.113507248464434,4798.42300343546
484737.787215289,5640010.46939679,0.111364712407748,4796.64336514201
485237.787215289,5640010.46939679,0.10697909857011,4792.90721006812
485737.787215289,5640010.46939679,0.100126245656772,4786.79598008351
486237.787215289,5640010.46939679,0.10697909857011,4792.90721006812
486737.787215289,5640010.46939679,0.119749350536903,4803.44967025295
487237.787215289,5640010.46939679,0.140639207026501,4818.81219358092
487737.787215289,5640010.46939679,0.163788034908898,4833.79516376729
488237.787215289,5640010.46939679,0.189557984174279,4848.6355696933
488737.787215289,5640010.46939679,0.208508596078889,4858.61015747088
489237.787215289,5640010.46939679,0.228943032111607,4868.66445090253
489737.787215289,5640010.46939679,0.262388207808778,4883.88802577367
490237.787215289,5640010.46939679,0.298515468260401,4899.03383945655
490737.787215289,5640010.46939679,0.326391007888132,4910.03476858847
491237.787215289,5640010.46939679,0.451372294618646,4955.15347813421
491737.787215289,5640010.46939679,0.451372294618646,4955.15347813421
492237.787215289,5640010.46939679,0.451372294618646,4955.15347813421
492737.787215289,5640010.46939679,0.451372294618646,4955.15347813421
493237.787215289,5640010.46939679,0.326391007888132,4910.03476858847
493737.787215289,5640010.46939679,0.312951901558429,4904.79481382904
494237.787215289,5640010.46939679,0.310148985920393,4903.68752101852
494737.787215289,5640010.46939679,0.292427151622938,4896.55884346456
495237.787215289,5640010.46939679,0.286142175559228,4893.97330671512
495737.787215289,5640010.46939679,0.270345667691848,4887.3254845476
496237.787215289,5640010.46939679,0.258743450804885,4882.29203371565
496737.787215289,5640010.46939679,0.24041790202788,4874.04249932736
497237.787215289,5640010.46939679,0.24041790202788,4874.04249932736
497737.787215289,5640010.46939679,0.24041790202788,4874.04249932736
498237.787215289,5640010.46939679,0.234245196487586,4871.17142893327
498737.787215289,5640010.46939679,0.230015409639212,4869.17464113205
499237.787215289,5640010.46939679,0.230015409639212,4869.17464113205
499737.787215289,5640010.46939679,0.230015409639212,4869.17464113205
500237.787215289,5640010.46939679,0.24041790202788,4874.04249932736
500737.787215289,5640010.46939679,0.24041790202788,4874.04249932736
501237.787215289,5640010.46939679,0.230015409639212,4869.17464113205
501737.787215289,5640010.46939679,0.230015409639212,4869.17464113205
502237.787215289,5640010.46939679,0.242431736072177,4874.96859233584
502737.787215289,5640010.46939679,0.267729407311648,4886.20223585991
503237.787215289,5640010.46939679,0.284538634095151,4893.30844766116
503737.787215289,5640010.46939679,0.321126284897789,4907.99522547319
504237.787215289,5640010.46939679,0.326391007888132,4910.03476858847
504737.787215289,5640010.46939679,0.451372294618646,4955.15347813421
505237.787215289,5640010.46939679,0.451372294618646,4955.15347813421
505737.787215289,5640010.46939679,0.451372294618646,4955.15347813421
506237.787215289,5640010.46939679,0.451372294618646,4955.15347813421
506737.787215289,5640010.46939679,0.451372294618646,4955.15347813421
507237.787215289,5640010.46939679,0.326391007888132,4910.03476858847
507737.787215289,5640010.46939679,0.326391007888132,4910.03476858847
508237.787215289,5640010.46939679,0.312951901558429,4904.79481382904
508737.787215289,5640010.46939679,0.310148985920393,4903.68752101852
509237.787215289,5640010.46939679,0.312951901558429,4904.79481382904
509737.787215289,5640010.46939679,0.307305096007326,4902.55865453335
510237.787215289,5640010.46939679,0.307305096007326,4902.55865453335
510737.787215289,5640010.46939679,0.307305096007326,4902.55865453335
511237.787215289,5640010.46939679,0.321126284897789,4907.99522547319
511737.787215289,5640010.46939679,0.451372294618646,4955.15347813421
512237.787215289,5640010.46939679,0.451372294618646,4955.15347813421
512737.787215289,5640010.46939679,0.451372294618646,4955.15347813421
513237.787215289,5640010.46939679,0.451372294618646,4955.15347813421
513737.787215289,5640010.46939679,0.451372294618646,4955.15347813421
514237.787215289,5640010.46939679,0.451372294618646,4955.15347813421
514737.787215289,5640010.46939679,0.451706261244193,4955.26893057577
515237.787215289,5640010.46939679,0.238626523415799,4873.21438940009
515737.787215289,5640010.46939679,0.452372247724623,4955.49912570537
516237.787215289,5640010.46939679,0.451706261244193,4955.26893057577
516737.787215289,5640010.46939679,0.378440927891259,4929.44738008275
517237.787215289,5640010.46939679,0.238626523415799,4873.21438940009
517737.787215289,5640010.46939679,0.511583982152088,4975.86961368499
518237.787215289,5640010.46939679,0.453035847859383,4955.72844801254
518737.787215289,5640010.46939679,0.453366671799595,4955.84275420901
519237.787215289,5640010.46939679,0.453035847859383,4955.72844801254
519737.787215289,5640010.46939679,0.420862667614402,4944.539909406
520237.787215289,5640010.46939679,0.551380973244427,4989.63592121055
520737.787215289,5640010.46939679,0.553760337815329,4990.46564486387
521237.787215289,5640010.46939679,0.551380973244427,4989.63592121055
521737.787215289,5640010.46939679,0.420862667614402,4944.539909406
522237.787215289,5640010.46939679,0.420466988125086,4944.40120949147
522737.787215289,5640010.46939679,0.414427643753914,4942.28012281507
523237.787215289,5640010.46939679,0.40519892948103,4939.0229309925
523737.787215289,5640010.46939679,0.40519892948103,4939.0229309925
524237.787215289,5640010.46939679,0.393212801426741,4934.75994258492
524737.787215289,5640010.46939679,0.390442265401001,4933.76878014627
525237.787215289,5640010.46939679,0.390442265401001,4933.76878014627
525737.787215289,5640010.46939679,0.387630478114182,4932.76047566861
526237.787215289,5640010.46939679,0.451706261244193,4955.26893057577
526737.787215289,5640010.46939679,0.451372294618646,4955.15347813421
527237.787215289,5640010.46939679,0.355848413091348,4921.17102838031
527737.787215289,5640010.46939679,0.346128391555194,4917.54417354282
528237.787215289,5640010.46939679,0.336510826507556,4913.91073826268
528737.787215289,5640010.46939679,0.334653124349829,4913.20342496646
529237.787215289,5640010.46939679,0.352473461712511,4919.91662545167
529737.787215289,5640010.46939679,0.451706261244193,4955.26893057577
530237.787215289,5640010.46939679,0.451706261244193,4955.26893057577
530737.787215289,5640010.46939679,0.508005886240932,4974.63884983595
531237.787215289,5640010.46939679,0.508005886240932,4974.63884983595
531737.787215289,5640010.46939679,0.372399651658358,4927.25351097423
532237.787215289,5640010.46939679,0.352473461712511,4919.91662545167
483237.787215289,5640510.46939679,0.115618061899259,4800.14850510016
483737.787215289,5640510.46939679,0.113507248464434,4798.42300343546
484237.787215289,5640510.46939679,0.109189145731808,4794.80607133446
484737.787215289,5640510.46939679,0.104733074980408,4790.94251763655
485237.787215289,5640510.46939679,0.102449388411146,4788.90720643577
485737.787215289,5640510.46939679,0.0953536467265761,4782.32142479561
486237.787215289,5640510.46939679,0.10697909857011,4792.90721006812
486737.787215289,5640510.46939679,0.119749350536903,4803.44967025295
487237.787215289,5640510.46939679,0.138852417274884,4817.57489037694
487737.787215289,5640510.46939679,0.162237299771293,4832.84603598985
488237.787215289,5640510.46939679,0.188221055557947,4847.9046198625
488737.787215289,5640510.46939679,0.207304637508709,4857.99649243197
489237.787215289,5640510.46939679,0.22786447283093,4868.14967627558
489737.787215289,5640510.46939679,0.259661135771656,4882.69519248808
490237.787215289,5640510.46939679,0.292427151622938,4896.55884346456
490737.787215289,5640510.46939679,0.321126284897789,4907.99522547319
491237.787215289,5640510.46939679,0.326391007888132,4910.03476858847
491737.787215289,5640510.46939679,0.451372294618646,4955.15347813421
492237.787215289,5640510.46939679,0.451372294618646,4955.15347813421
492737.787215289,5640510.46939679,0.451372294618646,4955.15347813421
493237.787215289,5640510.46939679,0.451372294618646,4955.15347813421
493737.787215289,5640510.46939679,0.326391007888132,4910.03476858847
494237.787215289,5640510.46939679,0.321126284897789,4907.99522547319
494737.787215289,5640510.46939679,0.302226160878992,4900.52866021373
495237.787215289,5640510.46939679,0.298515468260401,4899.03383945655
495737.787215289,5640510.46939679,0.282108233105312,4892.2966099126
496237.787215289,5640510.46939679,0.267729407311648,4886.20223585991
496737.787215289,5640510.46939679,0.249317324331622,4878.09752440911
497237.787215289,5640510.46939679,0.25123990926248,4878.96116173272
497737.787215289,5640510.46939679,0.25123990926248,4878.96116173272
498237.787215289,5640510.46939679,0.244424492747072,4875.88002918648
498737.787215289,5640510.46939679,0.24041790202788,4874.04249932736
499237.787215289,5640510.46939679,0.24041790202788,4874.04249932736
499737.787215289,5640510.46939679,0.24041790202788,4874.04249932736
500237.787215289,5640510.46939679,0.25123990926248,4878.96116173272
500737.787215289,5640510.46939679,0.25123990926248,4878.96116173272
501237.787215289,5640510.46939679,0.24041790202788,4874.04249932736
501737.787215289,5640510.46939679,0.24041790202788,4874.04249932736
502237.787215289,5640510.46939679,0.25123990926248,4878.96116173272
502737.787215289,5640510.46939679,0.275474422164073,4889.50852206093
503237.787215289,5640510.46939679,0.292427151622938,4896.55884346456
503737.787215289,5640510.46939679,0.326391007888132,4910.03476858847
504237.787215289,5640510.46939679,0.451372294618646,4955.15347813421
504737.787215289,5640510.46939679,0.451372294618646,4955.15347813421
505237.787215289,5640510.46939679,0.451372294618646,4955.15347813421
505737.787215289,5640510.46939679,0.326391007888132,4910.03476858847
506237.787215289,5640510.46939679,0.326391007888132,4910.03476858847
506737.787215289,5640510.46939679,0.326391007888132,4910.03476858847
507237.787215289,5640510.46939679,0.312951901558429,4904.79481382904
507737.787215289,5640510.46939679,0.312951901558429,4904.79481382904
508237.787215289,5640510.46939679,0.302226160878992,4900.52866021373
508737.787215289,5640510.46939679,0.298515468260401,4899.03383945655
509237.787215289,5640510.46939679,0.307305096007326,4902.55865453335
509737.787215289,5640510.46939679,0.307305096007326,4902.55865453335
510237.787215289,5640510.46939679,0.307305096007326,4902.55865453335
510737.787215289,5640510.46939679,0.307305096007326,4902.55865453335
511237.787215289,5640510.46939679,0.310148985920393,4903.68752101852
511737.787215289,5640510.46939679,0.326391007888132,4910.03476858847
512237.787215289,5640510.46939679,0.451372294618646,4955.15347813421
512737.787215289,5640510.46939679,0.451372294618646,4955.15347813421
513237.787215289,5640510.46939679,0.451372294618646,4955.15347813421
513737.787215289,5640510.46939679,0.633418253682693,5019.08992720397
514237.787215289,5640510.46939679,0.451372294618646,4955.15347813421
514737.787215289,5640510.46939679,0.451706261244193,4955.26893057577
515237.787215289,5640510.46939679,0.238626523415799,4873.21438940009
515737.787215289,5640510.46939679,0.508727675449941,4974.8870736248
516237.787215289,5640510.46939679,0.508246862603905,4974.72171906263
516737.787215289,5640510.46939679,0.508246862603905,4974.72171906263
517237.787215289,5640510.46939679,0.509207102153229,4975.05196248514
517737.787215289,5640510.46939679,0.509685222559027,4975.21641331541
518237.787215289,5640510.46939679,0.453035847859383,4955.72844801254
518737.787215289,5640510.46939679,0.453366671799595,4955.84275420901
519237.787215289,5640510.46939679,0.452704346352807,4955.61389596941
519737.787215289,5640510.46939679,0.452704346352807,4955.61389596941
520237.787215289,5640510.46939679,0.420862667614402,4944.539909406
520737.787215289,5640510.46939679,0.420862667614402,4944.539909406
521237.787215289,5640510.46939679,0.420862667614402,4944.539909406
521737.787215289,5640510.46939679,0.405628468042965,4939.17499118352
522237.787215289,5640510.46939679,0.405628468042965,4939.17499118352
522737.787215289,5640510.46939679,0.401726586633335,4937.79195516092
523237.787215289,5640510.46939679,0.390442265401001,4933.76878014627
523737.787215289,5640510.46939679,0.390442265401001,4933.76878014627
524237.787215289,5640510.46939679,0.381878515896149,4930.69001080778
524737.787215289,5640510.46939679,0.375946943542122,4928.54328370156
525237.787215289,5640510.46939679,0.375444212021877,4928.36077098235
525737.787215289,5640510.46939679,0.373928044073677,4927.80978667515
526237.787215289,5640510.46939679,0.451706261244193,4955.26893057577
526737.787215289,5640510.46939679,0.451372294618646,4955.15347813421
527237.787215289,5640510.46939679,0.451372294618646,4955.15347813421
527737.787215289,5640510.46939679,0.332777406930651,4912.48737329806
528237.787215289,5640510.46939679,0.451372294618646,4955.15347813421
528737.787215289,5640510.46939679,0.451372294618646,4955.15347813421
529237.787215289,5640510.46939679,0.451706261244193,4955.26893057577
529737.787215289,5640510.46939679,0.453696977464896,4955.95686976399
530237.787215289,5640510.46939679,0.509207102153229,4975.05196248514
530737.787215289,5640510.46939679,0.508005886240932,4974.63884983595
531237.787215289,5640510.46939679,0.377944765446883,4929.26768997754
531737.787215289,5640510.46939679,0.360802369610381,4923.00331407789
532237.787215289,5640510.46939679,0.341979399799068,4915.98242857609
483237.787215289,5641010.46939679,0.100126245656772,4786.79598008351
483737.787215289,5641010.46939679,0.0977617182894351,4784.60294204716
484237.787215289,5641010.46939679,0.0928997088112431,4779.94395285771
484737.787215289,5641010.46939679,0.0903973402450306,4777.46204662746
485237.787215289,5641010.46939679,0.0878437035976753,4774.86604049991
485737.787215289,5641010.46939679,0.0953536467265761,4782.32142479561
486237.787215289,5641010.46939679,0.104733074980408,4790.94251763655
486737.787215289,5641010.46939679,0.115618061899259,4800.14850510016
487237.787215289,5641010.46939679,0.135216937551355,4815.01658702522
487737.787215289,5641010.46939679,0.157497684905857,4829.90018002585
488237.787215289,5641010.46939679,0.181381757378009,4844.10319509228
488737.787215289,5641010.46939679,0.198647935479175,4853.50671687375
489237.787215289,5641010.46939679,0.215572106622318,4862.16057956976
489737.787215289,5641010.46939679,0.242431736072177,4874.96859233584
490237.787215289,5641010.46939679,0.267729407311648,4886.20223585991
490737.787215289,5641010.46939679,0.286142175559228,4893.97330671512
491237.787215289,5641010.46939679,0.298515468260401,4899.03383945655
491737.787215289,5641010.46939679,0.302226160878992,4900.52866021373
492237.787215289,5641010.46939679,0.312951901558429,4904.79481382904
492737.787215289,5641010.46939679,0.326391007888132,4910.03476858847
493237.787215289,5641010.46939679,0.451372294618646,4955.15347813421
493737.787215289,5641010.46939679,0.451372294618646,4955.15347813421
494237.787215289,5641010.46939679,0.451372294618646,4955.15347813421
494737.787215289,5641010.46939679,0.451372294618646,4955.15347813421
495237.787215289,5641010.46939679,0.326391007888132,4910.03476858847
495737.787215289,5641010.46939679,0.310148985920393,4903.68752101852
496237.787215289,5641010.46939679,0.30000827928995,4899.63641909937
496737.787215289,5641010.46939679,0.282108233105312,4892.2966099126
497237.787215289,5641010.46939679,0.286142175559228,4893.97330671512
497737.787215289,5641010.46939679,0.286142175559228,4893.97330671512
498237.787215289,5641010.46939679,0.275474422164073,4889.50852206093
498737.787215289,5641010.46939679,0.275474422164073,4889.50852206093
499237.787215289,5641010.46939679,0.275474422164073,4889.50852206093
499737.787215289,5641010.46939679,0.275474422164073,4889.50852206093
500237.787215289,5641010.46939679,0.286142175559228,4893.97330671512
500737.787215289,5641010.46939679,0.286142175559228,4893.97330671512
501237.787215289,5641010.46939679,0.275474422164073,4889.50852206093
501737.787215289,5641010.46939679,0.275474422164073,4889.50852206093
502237.787215289,5641010.46939679,0.282108233105312,4892.2966099126
502737.787215289,5641010.46939679,0.302226160878992,4900.52866021373
503237.787215289,5641010.46939679,0.321126284897789,4907.99522547319
503737.787215289,5641010.46939679,0.451372294618646,4955.15347813421
504237.787215289,5641010.46939679,0.326391007888132,4910.03476858847
504737.787215289,5641010.46939679,0.326391007888132,4910.03476858847
505237.787215289,5641010.46939679,0.312951901558429,4904.79481382904
505737.787215289,5641010.46939679,0.298515468260401,4899.03383945655
506237.787215289,5641010.46939679,0.287732548822459,4894.63059337455
506737.787215289,5641010.46939679,0.287732548822459,4894.63059337455
507237.787215289,5641010.46939679,0.282108233105312,4892.2966099126
507737.787215289,5641010.46939679,0.275474422164073,4889.50852206093
508237.787215289,5641010.46939679,0.270345667691848,4887.3254845476
508737.787215289,5641010.46939679,0.307305096007326,4902.55865453335
509237.787215289,5641010.46939679,0.307305096007326,4902.55865453335
509737.787215289,5641010.46939679,0.307305096007326,4902.55865453335
510237.787215289,5641010.46939679,0.307305096007326,4902.55865453335
510737.787215289,5641010.46939679,0.307305096007326,4902.55865453335
511237.787215289,5641010.46939679,0.326391007888132,4910.03476858847
511737.787215289,5641010.46939679,0.451372294618646,4955.15347813421
512237.787215289,5641010.46939679,0.451372294618646,4955.15347813421
512737.787215289,5641010.46939679,0.321126284897789,4907.99522547319
513237.787215289,5641010.46939679,0.326391007888132,4910.03476858847
513737.787215289,5641010.46939679,0.350190260319063,4919.06508682073
514237.787215289,5641010.46939679,0.377944765446883,4929.26768997754
514737.787215289,5641010.46939679,0.508005886240932,4974.63884983595
515237.787215289,5641010.46939679,0.508246862603905,4974.72171906263
515737.787215289,5641010.46939679,0.451706261244193,4955.26893057577
516237.787215289,5641010.46939679,0.451706261244193,4955.26893057577
516737.787215289,5641010.46939679,0.378440927891259,4929.44738008275
517237.787215289,5641010.46939679,0.36456913547077,4924.38961543933
517737.787215289,5641010.46939679,0.452039552509102,4955.38413723572
518237.787215289,5641010.46939679,0.452039552509102,4955.38413723572
518737.787215289,5641010.46939679,0.452039552509102,4955.38413723572
519237.787215289,5641010.46939679,0.451706261244193,4955.26893057577
519737.787215289,5641010.46939679,0.368785199608166,4925.93451862279
520237.787215289,5641010.46939679,0.375444212021877,4928.36077098235
520737.787215289,5641010.46939679,0.375946943542122,4928.54328370156
521237.787215289,5641010.46939679,0.375444212021877,4928.36077098235
521737.787215289,5641010.46939679,0.368785199608166,4925.93451862279
522237.787215289,5641010.46939679,0.375444212021877,4928.36077098235
522737.787215289,5641010.46939679,0.373928044073677,4927.80978667515
523237.787215289,5641010.46939679,0.361345057155846,4923.20340213774
523737.787215289,5641010.46939679,0.361345057155846,4923.20340213774
524237.787215289,5641010.46939679,0.356405185758625,4921.3774853116
524737.787215289,5641010.46939679,0.347879665611964,4918.20087198456
525237.787215289,5641010.46939679,0.347879665611964,4918.20087198456
525737.787215289,5641010.46939679,0.346128391555194,4917.54417354282
526237.787215289,5641010.46939679,0.330883485409344,4911.76242291838
526737.787215289,5641010.46939679,0.326391007888132,4910.03476858847
527237.787215289,5641010.46939679,0.451372294618646,4955.15347813421
527737.787215289,5641010.46939679,0.451372294618646,4955.15347813421
528237.787215289,5641010.46939679,0.453696977464896,4955.95686976399
528737.787215289,5641010.46939679,0.455991764669234,4956.74937302827
529237.787215289,5641010.46939679,0.238626523415799,4873.21438940009
529737.787215289,5641010.46939679,0.510637299818195,4975.54391754989
530237.787215289,5641010.46939679,0.508005886240932,4974.63884983595
530737.787215289,5641010.46939679,0.372399651658358,4927.25351097423
531237.787215289,5641010.46939679,0.352473461712511,4919.91662545167
531737.787215289,5641010.46939679,0.341979399799068,4915.98242857609
532237.787215289,5641010.46939679,0.323117263962999,4908.76846355788
483237.787215289,5641510.46939679,0.0953536467265761,4782.32142479561
483737.787215289,5641510.46939679,0.0928997088112431,4779.94395285771
484237.787215289,5641510.46939679,0.0903973402450306,4777.46204662746
484737.787215289,5641510.46939679,0.0852356557120317,4772.14486226844
485237.787215289,5641510.46939679,0.0825696990156871,4769.28574756161
485737.787215289,5641510.46939679,0.0928997088112431,4779.94395285771
486237.787215289,5641510.46939679,0.102449388411146,4788.90720643577
486737.787215289,5641510.46939679,0.115618061899259,4800.14850510016
487237.787215289,5641510.46939679,0.133367011864724,4813.69299004443
487737.787215289,5641510.46939679,0.154261740620563,4827.84833209261
488237.787215289,5641510.46939679,0.177147408828393,4841.69500911152
488737.787215289,5641510.46939679,0.193509897065808,4850.77405701299
489237.787215289,5641510.46939679,0.210893193277889,4859.81817154313
489737.787215289,5641510.46939679,0.235288062351894,4871.66000576993
490237.787215289,5641510.46939679,0.258743450804885,4882.29203371565
490737.787215289,5641510.46939679,0.275474422164073,4889.50852206093
491237.787215289,5641510.46939679,0.286142175559228,4893.97330671512
491737.787215289,5641510.46939679,0.292427151622938,4896.55884346456
492237.787215289,5641510.46939679,0.302226160878992,4900.52866021373
492737.787215289,5641510.46939679,0.312951901558429,4904.79481382904
493237.787215289,5641510.46939679,0.326391007888132,4910.03476858847
493737.787215289,5641510.46939679,0.326391007888132,4910.03476858847
494237.787215289,5641510.46939679,0.451372294618646,4955.15347813421
494737.787215289,5641510.46939679,0.451372294618646,4955.15347813421
495237.787215289,5641510.46939679,0.451372294618646,4955.15347813421
495737.787215289,5641510.46939679,0.321126284897789,4907.99522547319
496237.787215289,5641510.46939679,0.312951901558429,4904.79481382904
496737.787215289,5641510.46939679,0.292427151622938,4896.55884346456
497237.787215289,5641510.46939679,0.298515468260401,4899.03383945655
497737.787215289,5641510.46939679,0.298515468260401,4899.03383945655
498237.787215289,5641510.46939679,0.287732548822459,4894.63059337455
498737.787215289,5641510.46939679,0.287732548822459,4894.63059337455
499237.787215289,5641510.46939679,0.287732548822459,4894.63059337455
499737.787215289,5641510.46939679,0.287732548822459,4894.63059337455
500237.787215289,5641510.46939679,0.298515468260401,4899.03383945655
500737.787215289,5641510.46939679,0.298515468260401,4899.03383945655
501237.787215289,5641510.46939679,0.287732548822459,4894.63059337455
501737.787215289,5641510.46939679,0.287732548822459,4894.63059337455
502237.787215289,5641510.46939679,0.292427151622938,4896.55884346456
502737.787215289,5641510.46939679,0.310148985920393,4903.68752101852
503237.787215289,5641510.46939679,0.326391007888132,4910.03476858847
503737.787215289,5641510.46939679,0.451372294618646,4955.15347813421
504237.787215289,5641510.46939679,0.321126284897789,4907.99522547319
504737.787215289,5641510.46939679,0.312951901558429,4904.79481382904
505237.787215289,5641510.46939679,0.30000827928995,4899.63641909937
505737.787215289,5641510.46939679,0.286142175559228,4893.97330671512
506237.787215289,5641510.46939679,0.275474422164073,4889.50852206093
506737.787215289,5641510.46939679,0.275474422164073,4889.50852206093
507237.787215289,5641510.46939679,0.270345667691848,4887.3254845476
507737.787215289,5641510.46939679,0.263288770177419,4884.28024111535
508237.787215289,5641510.46939679,0.259661135771656,4882.69519248808
508737.787215289,5641510.46939679,0.307305096007326,4902.55865453335
509237.787215289,5641510.46939679,0.307305096007326,4902.55865453335
509737.787215289,5641510.46939679,0.307305096007326,4902.55865453335
510237.787215289,5641510.46939679,0.307305096007326,4902.55865453335
510737.787215289,5641510.46939679,0.302226160878992,4900.52866021373
511237.787215289,5641510.46939679,0.326391007888132,4910.03476858847
511737.787215289,5641510.46939679,0.451372294618646,4955.15347813421
512237.787215289,5641510.46939679,0.451372294618646,4955.15347813421
512737.787215289,5641510.46939679,0.326391007888132,4910.03476858847
513237.787215289,5641510.46939679,0.451372294618646,4955.15347813421
513737.787215289,5641510.46939679,0.350190260319063,4919.06508682073
514237.787215289,5641510.46939679,0.451372294618646,4955.15347813421
514737.787215289,5641510.46939679,0.508005886240932,4974.63884983595
515237.787215289,5641510.46939679,0.451372294618646,4955.15347813421
515737.787215289,5641510.46939679,0.451372294618646,4955.15347813421
516237.787215289,5641510.46939679,0.451706261244193,4955.26893057577
516737.787215289,5641510.46939679,0.451706261244193,4955.26893057577
517237.787215289,5641510.46939679,0.350763561661817,4919.27912930092
517737.787215289,5641510.46939679,0.451706261244193,4955.26893057577
518237.787215289,5641510.46939679,0.452039552509102,4955.38413723572
518737.787215289,5641510.46939679,0.451706261244193,4955.26893057577
519237.787215289,5641510.46939679,0.347879665611964,4918.20087198456
519737.787215289,5641510.46939679,0.356405185758625,4921.3774853116
520237.787215289,5641510.46939679,0.360802369610381,4923.00331407789
520737.787215289,5641510.46939679,0.361345057155846,4923.20340213774
521237.787215289,5641510.46939679,0.361345057155846,4923.20340213774
521737.787215289,5641510.46939679,0.356405185758625,4921.3774853116
522237.787215289,5641510.46939679,0.3472976648897,4917.98279388103
522737.787215289,5641510.46939679,0.346713929005444,4917.7639034964
523237.787215289,5641510.46939679,0.348459924641145,4918.41813769804
523737.787215289,5641510.46939679,0.334029907063722,4912.96572398322
524237.787215289,5641510.46939679,0.330248040936831,4911.51874429858
524737.787215289,5641510.46939679,0.321126284897789,4907.99522547319
525237.787215289,5641510.46939679,0.320458047932632,4907.73516417256
525737.787215289,5641510.46939679,0.319114673996949,4907.21152876482
526237.787215289,5641510.46939679,0.330248040936831,4911.51874429858
526737.787215289,5641510.46939679,0.347879665611964,4918.20087198456
527237.787215289,5641510.46939679,0.352473461712511,4919.91662545167
527737.787215289,5641510.46939679,0.372399651658358,4927.25351097423
528237.787215289,5641510.46939679,0.238626523415799,4873.21438940009
528737.787215289,5641510.46939679,0.238626523415799,4873.21438940009
529237.787215289,5641510.46939679,0.508005886240932,4974.63884983595
529737.787215289,5641510.46939679,0.508005886240932,4974.63884983595
530237.787215289,5641510.46939679,0.364035489168648,4924.19356686123
530737.787215289,5641510.46939679,0.352473461712511,4919.91662545167
531237.787215289,5641510.46939679,0.330248040936831,4911.51874429858
531737.787215289,5641510.46939679,0.31776192456307,4906.68311064141
532237.787215289,5641510.46939679,0.304419097658285,4901.40738286466
483237.787215289,5642010.46939679,0.0852356557120317,4772.14486226844
483737.787215289,5642010.46939679,0.0825696990156871,4769.28574756161
484237.787215289,5642010.46939679,0.0798419208535041,4766.27387658088
484737.787215289,5642010.46939679,0.0770478836456125,4763.09186751537
485237.787215289,5642010.46939679,0.0741825791714757,4759.71922065725
485737.787215289,5642010.46939679,0.0903973402450306,4777.46204662746
486237.787215289,5642010.46939679,0.100126245656772,4786.79598008351
486737.787215289,5642010.46939679,0.111364712407748,4796.64336514201
487237.787215289,5642010.46939679,0.129599424905885,4810.94968448017
487737.787215289,5642010.46939679,0.147593188332337,4823.50906746423
488237.787215289,5642010.46939679,0.169853654171881,4837.44150704737
488737.787215289,5642010.46939679,0.184149193605806,4845.65417241519
489237.787215289,5642010.46939679,0.198647935479175,4853.50671687375
489737.787215289,5642010.46939679,0.238626523415799,4873.21438940009
490237.787215289,5642010.46939679,0.24041790202788,4874.04249932736
490737.787215289,5642010.46939679,0.255028321394675,4880.65063639141
491237.787215289,5642010.46939679,0.262388207808778,4883.88802577367
491737.787215289,5642010.46939679,0.270345667691848,4887.3254845476
492237.787215289,5642010.46939679,0.282108233105312,4892.2966099126
492737.787215289,5642010.46939679,0.287732548822459,4894.63059337455
493237.787215289,5642010.46939679,0.30000827928995,4899.63641909937
493737.787215289,5642010.46939679,0.302226160878992,4900.52866021373
494237.787215289,5642010.46939679,0.321126284897789,4907.99522547319
494737.787215289,5642010.46939679,0.326391007888132,4910.03476858847
495237.787215289,5642010.46939679,0.451372294618646,4955.15347813421
495737.787215289,5642010.46939679,0.451372294618646,4955.15347813421
496237.787215289,5642010.46939679,0.451372294618646,4955.15347813421
496737.787215289,5642010.46939679,0.312951901558429,4904.79481382904
497237.787215289,5642010.46939679,0.321126284897789,4907.99522547319
497737.787215289,5642010.46939679,0.321126284897789,4907.99522547319
498237.787215289,5642010.46939679,0.312951901558429,4904.79481382904
498737.787215289,5642010.46939679,0.312951901558429,4904.79481382904
499237.787215289,5642010.46939679,0.312951901558429,4904.79481382904
499737.787215289,5642010.46939679,0.312951901558429,4904.79481382904
500237.787215289,5642010.46939679,0.321126284897789,4907.99522547319
500737.787215289,5642010.46939679,0.321126284897789,4907.99522547319
501237.787215289,5642010.46939679,0.312951901558429,4904.79481382904
501737.787215289,5642010.46939679,0.312951901558429,4904.79481382904
502237.787215289,5642010.46939679,0.312951901558429,4904.79481382904
502737.787215289,5642010.46939679,0.326391007888132,4910.03476858847
503237.787215289,5642010.46939679,0.451372294618646,4955.15347813421
503737.787215289,5642010.46939679,0.321126284897789,4907.99522547319
504237.787215289,5642010.46939679,0.302226160878992,4900.52866021373
504737.787215289,5642010.46939679,0.287732548822459,4894.63059337455
505237.787215289,5642010.46939679,0.275474422164073,4889.50852206093
505737.787215289,5642010.46939679,0.265077311088845,4885.05673752734
506237.787215289,5642010.46939679,0.252194093416622,4879.38821246933
506737.787215289,5642010.46939679,0.252194093416622,4879.38821246933
507237.787215289,5642010.46939679,0.248348738851505,4877.66080364877
507737.787215289,5642010.46939679,0.24041790202788,4874.04249932736
508237.787215289,5642010.46939679,0.307305096007326,4902.55865453335
508737.787215289,5642010.46939679,0.228943032111607,4868.66445090253
509237.787215289,5642010.46939679,0.230015409639212,4869.17464113205
509737.787215289,5642010.46939679,0.25123990926248,4878.96116173272
510237.787215289,5642010.46939679,0.298515468260401,4899.03383945655
510737.787215289,5642010.46939679,0.321126284897789,4907.99522547319
511237.787215289,5642010.46939679,0.451372294618646,4955.15347813421
511737.787215289,5642010.46939679,0.451372294618646,4955.15347813421
512237.787215289,5642010.46939679,0.451372294618646,4955.15347813421
512737.787215289,5642010.46939679,0.451372294618646,4955.15347813421
513237.787215289,5642010.46939679,0.451372294618646,4955.15347813421
513737.787215289,5642010.46939679,0.451372294618646,4955.15347813421
514237.787215289,5642010.46939679,0.451372294618646,4955.15347813421
514737.787215289,5642010.46939679,0.653637468234153,5026.74049596735
515237.787215289,5642010.46939679,0.534460290555511,4983.76069092783
515737.787215289,5642010.46939679,0.381878515896149,4930.69001080778
516237.787215289,5642010.46939679,0.354729985391346,4920.75589246754
516737.787215289,5642010.46939679,0.451372294618646,4955.15347813421
517237.787215289,5642010.46939679,0.323776472162723,4909.02395751689
517737.787215289,5642010.46939679,0.318439421260787,4906.94790035927
518237.787215289,5642010.46939679,0.321126284897789,4907.99522547319
518737.787215289,5642010.46939679,0.321126284897789,4907.99522547319
519237.787215289,5642010.46939679,0.320458047932632,4907.73516417256
519737.787215289,5642010.46939679,0.329610508013207,4911.27403800407
520237.787215289,5642010.46939679,0.33340468882583,4912.72704916905
520737.787215289,5642010.46939679,0.33340468882583,4912.72704916905
521237.787215289,5642010.46939679,0.334029907063722,4912.96572398322
521737.787215289,5642010.46939679,0.332777406930651,4912.48737329806
522237.787215289,5642010.46939679,0.353040073823465,4920.12758006923
522737.787215289,5642010.46939679,0.353040073823465,4920.12758006923
523237.787215289,5642010.46939679,0.361345057155846,4923.20340213774
523737.787215289,5642010.46939679,0.335274331854418,4913.44015197631
524237.787215289,5642010.46939679,0.318439421260787,4906.94790035927
524737.787215289,5642010.46939679,0.309441909482252,4903.40736305662
525237.787215289,5642010.46939679,0.309441909482252,4903.40736305662
525737.787215289,5642010.46939679,0.31776192456307,4906.68311064141
526237.787215289,5642010.46939679,0.341979399799068,4915.98242857609
526737.787215289,5642010.46939679,0.360802369610381,4923.00331407789
527237.787215289,5642010.46939679,0.364035489168648,4924.19356686123
527737.787215289,5642010.46939679,0.377944765446883,4929.26768997754
528237.787215289,5642010.46939679,0.238626523415799,4873.21438940009
528737.787215289,5642010.46939679,0.238626523415799,4873.21438940009
529237.787215289,5642010.46939679,0.508005886240932,4974.63884983595
529737.787215289,5642010.46939679,0.377944765446883,4929.26768997754
530237.787215289,5642010.46939679,0.352473461712511,4919.91662545167
530737.787215289,5642010.46939679,0.341979399799068,4915.98242857609
531237.787215289,5642010.46939679,0.31776192456307,4906.68311064141
531737.787215289,5642010.46939679,0.305867484016065,4901.98589346368
532237.787215289,5642010.46939679,0.293967187528718,4897.18758382535
483237.787215289,5642510.46939679,0.0825696990156871,4769.28574756161
483737.787215289,5642510.46939679,0.0798419208535041,4766.27387658088
484237.787215289,5642510.46939679,0.0770478836456125,4763.09186751537
484737.787215289,5642510.46939679,0.0712402640588992,4756.13146250658
485237.787215289,5642510.46939679,0.0712402640588992,4756.13146250658
485737.787215289,5642510.46939679,0.0903973402450306,4777.46204662746
486237.787215289,5642510.46939679,0.0977617182894351,4784.60294204716
486737.787215289,5642510.46939679,0.109189145731808,4794.80607133446
487237.787215289,5642510.46939679,0.125736608457139,4808.06732080645
487737.787215289,5642510.46939679,0.144153779694943,4821.20899799479
488237.787215289,5642510.46939679,0.165324723549297,4834.72877437842
488737.787215289,5642510.46939679,0.178570213027688,4842.50903484954
489237.787215289,5642510.46939679,0.192202215583475,4850.07004913044
489737.787215289,5642510.46939679,0.213247394857205,4861.00129953139
490237.787215289,5642510.46939679,0.238626523415799,4873.21438940009
490737.787215289,5642510.46939679,0.244424492747072,4875.88002918648
491237.787215289,5642510.46939679,0.25123990926248,4878.96116173272
491737.787215289,5642510.46939679,0.259661135771656,4882.69519248808
492237.787215289,5642510.46939679,0.270345667691848,4887.3254845476
492737.787215289,5642510.46939679,0.275474422164073,4889.50852206093
493237.787215289,5642510.46939679,0.287732548822459,4894.63059337455
493737.787215289,5642510.46939679,0.292427151622938,4896.55884346456
494237.787215289,5642510.46939679,0.310148985920393,4903.68752101852
494737.787215289,5642510.46939679,0.321126284897789,4907.99522547319
495237.787215289,5642510.46939679,0.326391007888132,4910.03476858847
495737.787215289,5642510.46939679,0.451372294618646,4955.15347813421
496237.787215289,5642510.46939679,0.451372294618646,4955.15347813421
496737.787215289,5642510.46939679,0.326391007888132,4910.03476858847
497237.787215289,5642510.46939679,0.326391007888132,4910.03476858847
497737.787215289,5642510.46939679,0.326391007888132,4910.03476858847
498237.787215289,5642510.46939679,0.326391007888132,4910.03476858847
498737.787215289,5642510.46939679,0.326391007888132,4910.03476858847
499237.787215289,5642510.46939679,0.326391007888132,4910.03476858847
499737.787215289,5642510.46939679,0.326391007888132,4910.03476858847
500237.787215289,5642510.46939679,0.326391007888132,4910.03476858847
500737.787215289,5642510.46939679,0.326391007888132,4910.03476858847
501237.787215289,5642510.46939679,0.326391007888132,4910.03476858847
501737.787215289,5642510.46939679,0.326391007888132,4910.03476858847
502237.787215289,5642510.46939679,0.326391007888132,4910.03476858847
502737.787215289,5642510.46939679,0.451372294618646,4955.15347813421
503237.787215289,5642510.46939679,0.451372294618646,4955.15347813421
503737.787215289,5642510.46939679,0.312951901558429,4904.79481382904
504237.787215289,5642510.46939679,0.292427151622938,4896.55884346456
504737.787215289,5642510.46939679,0.275474422164073,4889.50852206093
505237.787215289,5642510.46939679,0.265077311088845,4885.05673752734
505737.787215289,5642510.46939679,0.255028321394675,4880.65063639141
506237.787215289,5642510.46939679,0.24041790202788,4874.04249932736
506737.787215289,5642510.46939679,0.24041790202788,4874.04249932736
507237.787215289,5642510.46939679,0.238382569487151,4873.10129703684
507737.787215289,5642510.46939679,0.230015409639212,4869.17464113205
508237.787215289,5642510.46939679,0.307305096007326,4902.55865453335
508737.787215289,5642510.46939679,0.219005516329522,4863.85678293542
509237.787215289,5642510.46939679,0.230015409639212,4869.17464113205
509737.787215289,5642510.46939679,0.252194093416622,4879.38821246933
510237.787215289,5642510.46939679,0.307305096007326,4902.55865453335
510737.787215289,5642510.46939679,0.326391007888132,4910.03476858847
511237.787215289,5642510.46939679,0.451372294618646,4955.15347813421
511737.787215289,5642510.46939679,0.451372294618646,4955.15347813421
512237.787215289,5642510.46939679,0.326391007888132,4910.03476858847
512737.787215289,5642510.46939679,0.451372294618646,4955.15347813421
513237.787215289,5642510.46939679,0.451372294618646,4955.15347813421
513737.787215289,5642510.46939679,0.451372294618646,4955.15347813421
514237.787215289,5642510.46939679,0.451372294618646,4955.15347813421
514737.787215289,5642510.46939679,0.509923752378545,4975.29846059614
515237.787215289,5642510.46939679,0.238626523415799,4873.21438940009
515737.787215289,5642510.46939679,0.454684060311722,4956.29782392966
516237.787215289,5642510.46939679,0.451372294618646,4955.15347813421
516737.787215289,5642510.46939679,0.451706261244193,4955.26893057577
517237.787215289,5642510.46939679,0.327039190116128,4910.28474768814
517737.787215289,5642510.46939679,0.306587636579226,4902.2729894031
518237.787215289,5642510.46939679,0.307305096007326,4902.55865453335
518737.787215289,5642510.46939679,0.307305096007326,4902.55865453335
519237.787215289,5642510.46939679,0.30801998330313,4902.84294323281
519737.787215289,5642510.46939679,0.317081986670473,4906.41707779534
520237.787215289,5642510.46939679,0.320458047932632,4907.73516417256
520737.787215289,5642510.46939679,0.320458047932632,4907.73516417256
521237.787215289,5642510.46939679,0.320458047932632,4907.73516417256
521737.787215289,5642510.46939679,0.342577572750104,4916.20811447544
522237.787215289,5642510.46939679,0.361345057155846,4923.20340213774
522737.787215289,5642510.46939679,0.378440927891259,4929.44738008275
523237.787215289,5642510.46939679,0.378440927891259,4929.44738008275
523737.787215289,5642510.46939679,0.360802369610381,4923.00331407789
524237.787215289,5642510.46939679,0.341979399799068,4915.98242857609
524737.787215289,5642510.46939679,0.336510826507556,4913.91073826268
525237.787215289,5642510.46939679,0.336510826507556,4913.91073826268
525737.787215289,5642510.46939679,0.341979399799068,4915.98242857609
526237.787215289,5642510.46939679,0.360802369610381,4923.00331407789
526737.787215289,5642510.46939679,0.377944765446883,4929.26768997754
527237.787215289,5642510.46939679,0.508005886240932,4974.63884983595
527737.787215289,5642510.46939679,0.508005886240932,4974.63884983595
528237.787215289,5642510.46939679,0.508005886240932,4974.63884983595
528737.787215289,5642510.46939679,0.377944765446883,4929.26768997754
529237.787215289,5642510.46939679,0.364035489168648,4924.19356686123
529737.787215289,5642510.46939679,0.360802369610381,4923.00331407789
530237.787215289,5642510.46939679,0.332777406930651,4912.48737329806
530737.787215289,5642510.46939679,0.31776192456307,4906.68311064141
531237.787215289,5642510.46939679,0.296254626482713,4898.1180745183
531737.787215289,5642510.46939679,0.283731884078207,4892.97313515893
532237.787215289,5642510.46939679,0.272927025731657,4888.4273124062
483237.787215289,5643010.46939679,0.0741825791714757,4759.71922065725
483737.787215289,5643010.46939679,0.0712402640588992,4756.13146250658
484237.787215289,5643010.46939679,0.0682143149189123,4752.29907199353
484737.787215289,5643010.46939679,0.0650970138296592,4748.1859801556
485237.787215289,5643010.46939679,0.0712402640588992,4756.13146250658
485737.787215289,5643010.46939679,0.0852356557120317,4772.14486226844
486237.787215289,5643010.46939679,0.0953536467265761,4782.32142479561
486737.787215289,5643010.46939679,0.104733074980408,4790.94251763655
487237.787215289,5643010.46939679,0.119749350536903,4803.44967025295
487737.787215289,5643010.46939679,0.137045193870479,4816.31010566449
488237.787215289,5643010.46939679,0.154261740620563,4827.84833209261
488737.787215289,5643010.46939679,0.166847714411858,4835.64739757805
489237.787215289,5643010.46939679,0.179981622525565,4843.31167545197
489737.787215289,5643010.46939679,0.197377006695931,4852.83564843817
490237.787215289,5643010.46939679,0.210893193277889,4859.81817154313
490737.787215289,5643010.46939679,0.224591184783008,4866.57712867393
491237.787215289,5643010.46939679,0.230015409639212,4869.17464113205
491737.787215289,5643010.46939679,0.238382569487151,4873.10129703684
492237.787215289,5643010.46939679,0.248348738851505,4877.66080364877
492737.787215289,5643010.46939679,0.255028321394675,4880.65063639141
493237.787215289,5643010.46939679,0.263288770177419,4884.28024111535
493737.787215289,5643010.46939679,0.270345667691848,4887.3254845476
494237.787215289,5643010.46939679,0.286142175559228,4893.97330671512
494737.787215289,5643010.46939679,0.298515468260401,4899.03383945655
495237.787215289,5643010.46939679,0.310148985920393,4903.68752101852
495737.787215289,5643010.46939679,0.326391007888132,4910.03476858847
496237.787215289,5643010.46939679,0.326391007888132,4910.03476858847
496737.787215289,5643010.46939679,0.451372294618646,4955.15347813421
497237.787215289,5643010.46939679,0.451372294618646,4955.15347813421
497737.787215289,5643010.46939679,0.451372294618646,4955.15347813421
498237.787215289,5643010.46939679,0.451372294618646,4955.15347813421
498737.787215289,5643010.46939679,0.451372294618646,4955.15347813421
499237.787215289,5643010.46939679,0.451372294618646,4955.15347813421
499737.787215289,5643010.46939679,0.451372294618646,4955.15347813421
500237.787215289,5643010.46939679,0.451372294618646,4955.15347813421
500737.787215289,5643010.46939679,0.451372294618646,4955.15347813421
501237.787215289,5643010.46939679,0.451372294618646,4955.15347813421
501737.787215289,5643010.46939679,0.451372294618646,4955.15347813421
502237.787215289,5643010.46939679,0.451372294618646,4955.15347813421
502737.787215289,5643010.46939679,0.451372294618646,4955.15347813421
503237.787215289,5643010.46939679,0.326391007888132,4910.03476858847
503737.787215289,5643010.46939679,0.307305096007326,4902.55865453335
504237.787215289,5643010.46939679,0.282108233105312,4892.2966099126
504737.787215289,5643010.46939679,0.259661135771656,4882.69519248808
505237.787215289,5643010.46939679,0.244424492747072,4875.88002918648
505737.787215289,5643010.46939679,0.234245196487586,4871.17142893327
506237.787215289,5643010.46939679,0.221259859267649,4864.96042115906
506737.787215289,5643010.46939679,0.219005516329522,4863.85678293542
507237.787215289,5643010.46939679,0.53030323679259,4982.32306117862
507737.787215289,5643010.46939679,0.307305096007326,4902.55865453335
508237.787215289,5643010.46939679,0.307305096007326,4902.55865453335
508737.787215289,5643010.46939679,0.207304637508709,4857.99649243197
509237.787215289,5643010.46939679,0.307305096007326,4902.55865453335
509737.787215289,5643010.46939679,0.307305096007326,4902.55865453335
510237.787215289,5643010.46939679,0.307305096007326,4902.55865453335
510737.787215289,5643010.46939679,0.310148985920393,4903.68752101852
511237.787215289,5643010.46939679,0.326391007888132,4910.03476858847
511737.787215289,5643010.46939679,0.312951901558429,4904.79481382904
512237.787215289,5643010.46939679,0.307305096007326,4902.55865453335
512737.787215289,5643010.46939679,0.312951901558429,4904.79481382904
513237.787215289,5643010.46939679,0.312951901558429,4904.79481382904
513737.787215289,5643010.46939679,0.328329073467375,4910.78148829194
514237.787215289,5643010.46939679,0.354729985391346,4920.75589246754
514737.787215289,5643010.46939679,0.39952321564129,4937.00919423588
515237.787215289,5643010.46939679,0.238626523415799,4873.21438940009
515737.787215289,5643010.46939679,0.238626523415799,4873.21438940009
516237.787215289,5643010.46939679,0.457289992631245,4957.19748338919
516737.787215289,5643010.46939679,0.451372294618646,4955.15347813421
517237.787215289,5643010.46939679,0.321126284897789,4907.99522547319
517737.787215289,5643010.46939679,0.298515468260401,4899.03383945655
518237.787215289,5643010.46939679,0.282108233105312,4892.2966099126
518737.787215289,5643010.46939679,0.282108233105312,4892.2966099126
519237.787215289,5643010.46939679,0.284538634095151,4893.30844766116
519737.787215289,5643010.46939679,0.291652582616584,4896.24191210181
520237.787215289,5643010.46939679,0.293967187528718,4897.18758382535
520737.787215289,5643010.46939679,0.297011178238159,4898.42494791278
521237.787215289,5643010.46939679,0.312951901558429,4904.79481382904
521737.787215289,5643010.46939679,0.350763561661817,4919.27912930092
522237.787215289,5643010.46939679,0.378440927891259,4929.44738008275
522737.787215289,5643010.46939679,0.508005886240932,4974.63884983595
523237.787215289,5643010.46939679,0.508005886240932,4974.63884983595
523737.787215289,5643010.46939679,0.377944765446883,4929.26768997754
524237.787215289,5643010.46939679,0.364035489168648,4924.19356686123
524737.787215289,5643010.46939679,0.364035489168648,4924.19356686123
525237.787215289,5643010.46939679,0.364035489168648,4924.19356686123
525737.787215289,5643010.46939679,0.364035489168648,4924.19356686123
526237.787215289,5643010.46939679,0.377944765446883,4929.26768997754
526737.787215289,5643010.46939679,0.508005886240932,4974.63884983595
527237.787215289,5643010.46939679,0.508005886240932,4974.63884983595
527737.787215289,5643010.46939679,0.377944765446883,4929.26768997754
528237.787215289,5643010.46939679,0.364035489168648,4924.19356686123
528737.787215289,5643010.46939679,0.352473461712511,4919.91662545167
529237.787215289,5643010.46939679,0.341979399799068,4915.98242857609
529737.787215289,5643010.46939679,0.334653124349829,4913.20342496646
530237.787215289,5643010.46939679,0.314338363753335,4905.34062853485
530737.787215289,5643010.46939679,0.307305096007326,4902.55865453335
531237.787215289,5643010.46939679,0.277154275782714,4890.21825460221
531737.787215289,5643010.46939679,0.307305096007326,4902.55865453335
532237.787215289,5643010.46939679,0.307305096007326,4902.55865453335
483737.787215289,5643510.46939679,0.0650970138296592,4748.1859801556
484237.787215289,5643510.46939679,0.0618792959910038,4743.74751635354
484737.787215289,5643510.46939679,0.0618792959910038,4743.74751635354
485237.787215289,5643510.46939679,0.0682143149189123,4752.29907199353
485737.787215289,5643510.46939679,0.0825696990156871,4769.28574756161
486237.787215289,5643510.46939679,0.0903973402450306,4777.46204662746
486737.787215289,5643510.46939679,0.100126245656772,4786.79598008351
487237.787215289,5643510.46939679,0.113507248464434,4798.42300343546
487737.787215289,5643510.46939679,0.129599424905885,4810.94968448017
488237.787215289,5643510.46939679,0.144153779694943,4821.20899799479
488737.787215289,5643510.46939679,0.155887589377238,4828.88348247244
489237.787215289,5643510.46939679,0.166847714411858,4835.64739757805
489737.787215289,5643510.46939679,0.181381757378009,4844.10319509228
490237.787215289,5643510.46939679,0.193509897065808,4850.77405701299
490737.787215289,5643510.46939679,0.204872797011721,4856.74912806425
491237.787215289,5643510.46939679,0.210893193277889,4859.81817154313
491737.787215289,5643510.46939679,0.216723625500808,4862.73155906954
492237.787215289,5643510.46939679,0.22786447283093,4868.14967627558
492737.787215289,5643510.46939679,0.234245196487586,4871.17142893327
493237.787215289,5643510.46939679,0.24041790202788,4874.04249932736
493737.787215289,5643510.46939679,0.249317324331622,4878.09752440911
494237.787215289,5643510.46939679,0.262388207808778,4883.88802577367
494737.787215289,5643510.46939679,0.275474422164073,4889.50852206093
495237.787215289,5643510.46939679,0.292427151622938,4896.55884346456
495737.787215289,5643510.46939679,0.30000827928995,4899.63641909937
496237.787215289,5643510.46939679,0.310148985920393,4903.68752101852
496737.787215289,5643510.46939679,0.326391007888132,4910.03476858847
497237.787215289,5643510.46939679,0.326391007888132,4910.03476858847
497737.787215289,5643510.46939679,0.326391007888132,4910.03476858847
498237.787215289,5643510.46939679,0.326391007888132,4910.03476858847
498737.787215289,5643510.46939679,0.326391007888132,4910.03476858847
499237.787215289,5643510.46939679,0.326391007888132,4910.03476858847
499737.787215289,5643510.46939679,0.326391007888132,4910.03476858847
500237.787215289,5643510.46939679,0.451372294618646,4955.15347813421
500737.787215289,5643510.46939679,0.451372294618646,4955.15347813421
501237.787215289,5643510.46939679,0.451372294618646,4955.15347813421
501737.787215289,5643510.46939679,0.451372294618646,4955.15347813421
502237.787215289,5643510.46939679,0.326391007888132,4910.03476858847
502737.787215289,5643510.46939679,0.312951901558429,4904.79481382904
503237.787215289,5643510.46939679,0.307305096007326,4902.55865453335
503737.787215289,5643510.46939679,0.284538634095151,4893.30844766116
504237.787215289,5643510.46939679,0.267729407311648,4886.20223585991
504737.787215289,5643510.46939679,0.249317324331622,4878.09752440911
505237.787215289,5643510.46939679,0.224591184783008,4866.57712867393
505737.787215289,5643510.46939679,0.214413407435253,4861.58387084235
506237.787215289,5643510.46939679,0.202408260311013,4855.47405872145
506737.787215289,5643510.46939679,0.198647935479175,4853.50671687375
507237.787215289,5643510.46939679,0.197377006695931,4852.83564843817
507737.787215289,5643510.46939679,0.307305096007326,4902.55865453335
508237.787215289,5643510.46939679,0.527970441176726,4981.51714389756
508737.787215289,5643510.46939679,0.203644682630134,4856.11513631612
509237.787215289,5643510.46939679,0.307305096007326,4902.55865453335
509737.787215289,5643510.46939679,0.307305096007326,4902.55865453335
510237.787215289,5643510.46939679,0.275474422164073,4889.50852206093
510737.787215289,5643510.46939679,0.292427151622938,4896.55884346456
511237.787215289,5643510.46939679,0.30000827928995,4899.63641909937
511737.787215289,5643510.46939679,0.292427151622938,4896.55884346456
512237.787215289,5643510.46939679,0.307305096007326,4902.55865453335
512737.787215289,5643510.46939679,0.307305096007326,4902.55865453335
513237.787215289,5643510.46939679,0.296254626482713,4898.1180745183
513737.787215289,5643510.46939679,0.319787530326961,4907.4739409873
514237.787215289,5643510.46939679,0.343173920410927,4916.43293422535
514737.787215289,5643510.46939679,0.381878515896149,4930.69001080778
515237.787215289,5643510.46939679,0.385254959491638,4931.90668654832
515737.787215289,5643510.46939679,0.654707290614047,5027.15121345789
516237.787215289,5643510.46939679,0.238626523415799,4873.21438940009
516737.787215289,5643510.46939679,0.451372294618646,4955.15347813421
517237.787215289,5643510.46939679,0.331516831797693,4912.00507370933
517737.787215289,5643510.46939679,0.31776192456307,4906.68311064141
518237.787215289,5643510.46939679,0.296254626482713,4898.1180745183
518737.787215289,5643510.46939679,0.278819681404288,4890.91937053944
519237.787215289,5643510.46939679,0.287732548822459,4894.63059337455
519737.787215289,5643510.46939679,0.305144654900416,4901.69736696841
520237.787215289,5643510.46939679,0.318439421260787,4906.94790035927
520737.787215289,5643510.46939679,0.323776472162723,4909.02395751689
521237.787215289,5643510.46939679,0.33340468882583,4912.72704916905
521737.787215289,5643510.46939679,0.361345057155846,4923.20340213774
522237.787215289,5643510.46939679,0.377944765446883,4929.26768997754
522737.787215289,5643510.46939679,0.508005886240932,4974.63884983595
523237.787215289,5643510.46939679,0.377944765446883,4929.26768997754
523737.787215289,5643510.46939679,0.508005886240932,4974.63884983595
524237.787215289,5643510.46939679,0.508005886240932,4974.63884983595
524737.787215289,5643510.46939679,0.508005886240932,4974.63884983595
525237.787215289,5643510.46939679,0.508005886240932,4974.63884983595
525737.787215289,5643510.46939679,0.508005886240932,4974.63884983595
526237.787215289,5643510.46939679,0.508005886240932,4974.63884983595
526737.787215289,5643510.46939679,0.508005886240932,4974.63884983595
527237.787215289,5643510.46939679,0.451372294618646,4955.15347813421
527737.787215289,5643510.46939679,0.360802369610381,4923.00331407789
528237.787215289,5643510.46939679,0.341979399799068,4915.98242857609
528737.787215289,5643510.46939679,0.323117263962999,4908.76846355788
529237.787215289,5643510.46939679,0.31776192456307,4906.68311064141
529737.787215289,5643510.46939679,0.308732282660222,4903.12585526009
530237.787215289,5643510.46939679,0.293967187528718,4897.18758382535
530737.787215289,5643510.46939679,0.269477529261568,4886.95349910946
531237.787215289,5643510.46939679,0.307305096007326,4902.55865453335
531737.787215289,5643510.46939679,0.307305096007326,4902.55865453335
483737.787215289,5644010.46939679,0.0585503127804965,4738.92733362875
484237.787215289,5644010.46939679,0.0585503127804965,4738.92733362875
484737.787215289,5644010.46939679,0.0585503127804965,4738.92733362875
485237.787215289,5644010.46939679,0.0650970138296592,4748.1859801556
485737.787215289,5644010.46939679,0.0798419208535041,4766.27387658088
486237.787215289,5644010.46939679,0.0878437035976753,4774.86604049991
486737.787215289,5644010.46939679,0.0953536467265761,4782.32142479561
487237.787215289,5644010.46939679,0.109189145731808,4794.80607133446
487737.787215289,5644010.46939679,0.123767479052169,4806.5694125636
488237.787215289,5644010.46939679,0.138852417274884,4817.57489037694
488737.787215289,5644010.46939679,0.149285929551669,4824.6252153441
489237.787215289,5644010.46939679,0.160672201504363,4831.88086186033
489737.787215289,5644010.46939679,0.174266562379123,4840.03136932925
490237.787215289,5644010.46939679,0.185516862312438,4846.41418676895
490737.787215289,5644010.46939679,0.196097121158405,4852.15664402634
491237.787215289,5644010.46939679,0.202408260311013,4855.47405872145
491737.787215289,5644010.46939679,0.207304637508709,4857.99649243197
492237.787215289,5644010.46939679,0.216723625500808,4862.73155906954
492737.787215289,5644010.46939679,0.224591184783008,4866.57712867393
493237.787215289,5644010.46939679,0.230015409639212,4869.17464113205
493737.787215289,5644010.46939679,0.24041790202788,4874.04249932736
494237.787215289,5644010.46939679,0.25123990926248,4878.96116173272
494737.787215289,5644010.46939679,0.267729407311648,4886.20223585991
495237.787215289,5644010.46939679,0.282108233105312,4892.2966099126
495737.787215289,5644010.46939679,0.287732548822459,4894.63059337455
496237.787215289,5644010.46939679,0.302226160878992,4900.52866021373
496737.787215289,5644010.46939679,0.312951901558429,4904.79481382904
497237.787215289,5644010.46939679,0.321126284897789,4907.99522547319
497737.787215289,5644010.46939679,0.321126284897789,4907.99522547319
498237.787215289,5644010.46939679,0.312951901558429,4904.79481382904
498737.787215289,5644010.46939679,0.312951901558429,4904.79481382904
499237.787215289,5644010.46939679,0.312951901558429,4904.79481382904
499737.787215289,5644010.46939679,0.312951901558429,4904.79481382904
500237.787215289,5644010.46939679,0.326391007888132,4910.03476858847
500737.787215289,5644010.46939679,0.326391007888132,4910.03476858847
501237.787215289,5644010.46939679,0.326391007888132,4910.03476858847
501737.787215289,5644010.46939679,0.326391007888132,4910.03476858847
502237.787215289,5644010.46939679,0.312951901558429,4904.79481382904
502737.787215289,5644010.46939679,0.307305096007326,4902.55865453335
503237.787215289,5644010.46939679,0.307305096007326,4902.55865453335
503737.787215289,5644010.46939679,0.275474422164073,4889.50852206093
504237.787215289,5644010.46939679,0.258743450804885,4882.29203371565
504737.787215289,5644010.46939679,0.242431736072177,4874.96859233584
505237.787215289,5644010.46939679,0.215572106622318,4862.16057956976
505737.787215289,5644010.46939679,0.204872797011721,4856.74912806425
506237.787215289,5644010.46939679,0.193509897065808,4850.77405701299
506737.787215289,5644010.46939679,0.189557984174279,4848.6355696933
507237.787215289,5644010.46939679,0.188221055557947,4847.9046198625
507737.787215289,5644010.46939679,0.307305096007326,4902.55865453335
508237.787215289,5644010.46939679,0.198647935479175,4853.50671687375
508737.787215289,5644010.46939679,0.307305096007326,4902.55865453335
509237.787215289,5644010.46939679,0.307305096007326,4902.55865453335
509737.787215289,5644010.46939679,0.242431736072177,4874.96859233584
510237.787215289,5644010.46939679,0.267729407311648,4886.20223585991
510737.787215289,5644010.46939679,0.282108233105312,4892.2966099126
511237.787215289,5644010.46939679,0.287732548822459,4894.63059337455
511737.787215289,5644010.46939679,0.307305096007326,4902.55865453335
512237.787215289,5644010.46939679,0.307305096007326,4902.55865453335
512737.787215289,5644010.46939679,0.275474422164073,4889.50852206093
513237.787215289,5644010.46939679,0.290874898466882,4895.92322826796
513737.787215289,5644010.46939679,0.313646347937727,4905.06835578924
514237.787215289,5644010.46939679,0.334029907063722,4912.96572398322
514737.787215289,5644010.46939679,0.368263286966847,4925.74365011514
515237.787215289,5644010.46939679,0.451372294618646,4955.15347813421
515737.787215289,5644010.46939679,0.663119390572198,5030.40335340983
516237.787215289,5644010.46939679,0.410707393968327,4940.96952289496
516737.787215289,5644010.46939679,0.382364559686541,4930.86538481461
517237.787215289,5644010.46939679,0.341979399799068,4915.98242857609
517737.787215289,5644010.46939679,0.330248040936831,4911.51874429858
518237.787215289,5644010.46939679,0.304419097658285,4901.40738286466
518737.787215289,5644010.46939679,0.286938979936324,4894.30287974488
519237.787215289,5644010.46939679,0.297011178238159,4898.42494791278
519737.787215289,5644010.46939679,0.315027935211654,4905.61163185279
520237.787215289,5644010.46939679,0.330883485409344,4911.76242291838
520737.787215289,5644010.46939679,0.336510826507556,4913.91073826268
521237.787215289,5644010.46939679,0.341979399799068,4915.98242857609
521737.787215289,5644010.46939679,0.372910467972721,4927.43952402939
522237.787215289,5644010.46939679,0.508005886240932,4974.63884983595
522737.787215289,5644010.46939679,0.508005886240932,4974.63884983595
523237.787215289,5644010.46939679,0.372399651658358,4927.25351097423
523737.787215289,5644010.46939679,0.508005886240932,4974.63884983595
524237.787215289,5644010.46939679,0.508005886240932,4974.63884983595
524737.787215289,5644010.46939679,0.508005886240932,4974.63884983595
525237.787215289,5644010.46939679,0.508005886240932,4974.63884983595
525737.787215289,5644010.46939679,0.508005886240932,4974.63884983595
526237.787215289,5644010.46939679,0.508005886240932,4974.63884983595
526737.787215289,5644010.46939679,0.451372294618646,4955.15347813421
527237.787215289,5644010.46939679,0.451372294618646,4955.15347813421
527737.787215289,5644010.46939679,0.347879665611964,4918.20087198456
528237.787215289,5644010.46939679,0.330248040936831,4911.51874429858
528737.787215289,5644010.46939679,0.312254969260653,4904.51997554368
529237.787215289,5644010.46939679,0.305867484016065,4901.98589346368
529737.787215289,5644010.46939679,0.296254626482713,4898.1180745183
530237.787215289,5644010.46939679,0.283731884078207,4892.97313515893
530737.787215289,5644010.46939679,0.261483467595255,4883.49314839128
531237.787215289,5644010.46939679,0.307305096007326,4902.55865453335
531737.787215289,5644010.46939679,0.307305096007326,4902.55865453335
483237.787215289,5644510.46939679,0.0550969432661746,4733.65303734948
483737.787215289,5644510.46939679,0.0550969432661746,4733.65303734948
484237.787215289,5644510.46939679,0.0515030158371275,4727.82940666888
484737.787215289,5644510.46939679,0.0550969432661746,4733.65303734948
485237.787215289,5644510.46939679,0.0618792959910038,4743.74751635354
485737.787215289,5644510.46939679,0.0770478836456125,4763.09186751537
486237.787215289,5644510.46939679,0.0825696990156871,4769.28574756161
486737.787215289,5644510.46939679,0.0903973402450306,4777.46204662746
487237.787215289,5644510.46939679,0.102449388411146,4788.90720643577
487737.787215289,5644510.46939679,0.115618061899259,4800.14850510016
488237.787215289,5644510.46939679,0.129599424905885,4810.94968448017
488737.787215289,5644510.46939679,0.138852417274884,4817.57489037694
489237.787215289,5644510.46939679,0.147593188332337,4823.50906746423
489737.787215289,5644510.46939679,0.159092456194012,4830.89911277944
490237.787215289,5644510.46939679,0.169853654171881,4837.44150704737
490737.787215289,5644510.46939679,0.177147408828393,4841.69500911152
491237.787215289,5644510.46939679,0.184149193605806,4845.65417241519
491737.787215289,5644510.46939679,0.188221055557947,4847.9046198625
492237.787215289,5644510.46939679,0.198647935479175,4853.50671687375
492737.787215289,5644510.46939679,0.204872797011721,4856.74912806425
493237.787215289,5644510.46939679,0.210893193277889,4859.81817154313
493737.787215289,5644510.46939679,0.221259859267649,4864.96042115906
494237.787215289,5644510.46939679,0.230015409639212,4869.17464113205
494737.787215289,5644510.46939679,0.249317324331622,4878.09752440911
495237.787215289,5644510.46939679,0.259661135771656,4882.69519248808
495737.787215289,5644510.46939679,0.267729407311648,4886.20223585991
496237.787215289,5644510.46939679,0.282108233105312,4892.2966099126
496737.787215289,5644510.46939679,0.287732548822459,4894.63059337455
497237.787215289,5644510.46939679,0.298515468260401,4899.03383945655
497737.787215289,5644510.46939679,0.298515468260401,4899.03383945655
498237.787215289,5644510.46939679,0.287732548822459,4894.63059337455
498737.787215289,5644510.46939679,0.287732548822459,4894.63059337455
499237.787215289,5644510.46939679,0.287732548822459,4894.63059337455
499737.787215289,5644510.46939679,0.287732548822459,4894.63059337455
500237.787215289,5644510.46939679,0.30000827928995,4899.63641909937
500737.787215289,5644510.46939679,0.30000827928995,4899.63641909937
501237.787215289,5644510.46939679,0.30000827928995,4899.63641909937
501737.787215289,5644510.46939679,0.307305096007326,4902.55865453335
502237.787215289,5644510.46939679,0.307305096007326,4902.55865453335
502737.787215289,5644510.46939679,0.307305096007326,4902.55865453335
503237.787215289,5644510.46939679,0.270345667691848,4887.3254845476
503737.787215289,5644510.46939679,0.255028321394675,4880.65063639141
504237.787215289,5644510.46939679,0.242431736072177,4874.96859233584
504737.787215289,5644510.46939679,0.22786447283093,4868.14967627558
505237.787215289,5644510.46939679,0.204872797011721,4856.74912806425
505737.787215289,5644510.46939679,0.186874084549585,4847.16424744025
506237.787215289,5644510.46939679,0.177147408828393,4841.69500911152
506737.787215289,5644510.46939679,0.17133717362154,4838.31789368126
507237.787215289,5644510.46939679,0.178570213027688,4842.50903484954
507737.787215289,5644510.46939679,0.190884943178944,4849.35728175737
508237.787215289,5644510.46939679,0.198647935479175,4853.50671687375
508737.787215289,5644510.46939679,0.307305096007326,4902.55865453335
509237.787215289,5644510.46939679,0.307305096007326,4902.55865453335
509737.787215289,5644510.46939679,0.22786447283093,4868.14967627558
510237.787215289,5644510.46939679,0.249317324331622,4878.09752440911
510737.787215289,5644510.46939679,0.259661135771656,4882.69519248808
511237.787215289,5644510.46939679,0.263288770177419,4884.28024111535
511737.787215289,5644510.46939679,0.307305096007326,4902.55865453335
512237.787215289,5644510.46939679,0.248348738851505,4877.66080364877
512737.787215289,5644510.46939679,0.252194093416622,4879.38821246933
513237.787215289,5644510.46939679,0.277988735736272,4890.56986263401
513737.787215289,5644510.46939679,0.297011178238159,4898.42494791278
514237.787215289,5644510.46939679,0.315027935211654,4905.61163185279
514737.787215289,5644510.46939679,0.356960348337413,4921.583210574
515237.787215289,5644510.46939679,0.385254959491638,4931.90668654832
515737.787215289,5644510.46939679,0.662370101936307,5030.11200448033
516237.787215289,5644510.46939679,0.601100703800408,5007.23622093741
516737.787215289,5644510.46939679,0.238626523415799,4873.21438940009
517237.787215289,5644510.46939679,0.451372294618646,4955.15347813421
517737.787215289,5644510.46939679,0.352473461712511,4919.91662545167
518237.787215289,5644510.46939679,0.323117263962999,4908.76846355788
518737.787215289,5644510.46939679,0.30075038244981,4899.93536169762
519237.787215289,5644510.46939679,0.314338363753335,4905.34062853485
519737.787215289,5644510.46939679,0.33340468882583,4912.72704916905
520237.787215289,5644510.46939679,0.353040073823465,4920.12758006923
520737.787215289,5644510.46939679,0.364035489168648,4924.19356686123
521237.787215289,5644510.46939679,0.368785199608166,4925.93451862279
521737.787215289,5644510.46939679,0.508005886240932,4974.63884983595
522237.787215289,5644510.46939679,0.508005886240932,4974.63884983595
522737.787215289,5644510.46939679,0.508005886240932,4974.63884983595
523237.787215289,5644510.46939679,0.377944765446883,4929.26768997754
523737.787215289,5644510.46939679,0.364035489168648,4924.19356686123
524237.787215289,5644510.46939679,0.377944765446883,4929.26768997754
524737.787215289,5644510.46939679,0.377944765446883,4929.26768997754
525237.787215289,5644510.46939679,0.379429459908456,4929.80513201741
525737.787215289,5644510.46939679,0.378440927891259,4929.44738008275
526237.787215289,5644510.46939679,0.454684060311722,4956.29782392966
526737.787215289,5644510.46939679,0.452372247724623,4955.49912570537
527237.787215289,5644510.46939679,0.451372294618646,4955.15347813421
527737.787215289,5644510.46939679,0.326391007888132,4910.03476858847
528237.787215289,5644510.46939679,0.305867484016065,4901.98589346368
528737.787215289,5644510.46939679,0.289310078201249,4895.28052274906
529237.787215289,5644510.46939679,0.281291322387851,4891.95537073613
529737.787215289,5644510.46939679,0.272927025731657,4888.4273124062
530237.787215289,5644510.46939679,0.262388207808778,4883.88802577367
530737.787215289,5644510.46939679,0.244424492747072,4875.88002918648
531237.787215289,5644510.46939679,0.226779717943195,4867.63026447861
531737.787215289,5644510.46939679,0.217868047649339,4863.29691568695
482737.787215289,5645010.46939679,0.0550969432661746,4733.65303734948
483237.787215289,5645010.46939679,0.0550969432661746,4733.65303734948
483737.787215289,5645010.46939679,0.0515030158371275,4727.82940666888
484237.787215289,5645010.46939679,0.0515030158371275,4727.82940666888
484737.787215289,5645010.46939679,0.0712402640588992,4756.13146250658
485237.787215289,5645010.46939679,0.0852356557120317,4772.14486226844
485737.787215289,5645010.46939679,0.0741825791714757,4759.71922065725
486237.787215289,5645010.46939679,0.0798419208535041,4766.27387658088
486737.787215289,5645010.46939679,0.0878437035976753,4774.86604049991
487237.787215289,5645010.46939679,0.100126245656772,4786.79598008351
487737.787215289,5645010.46939679,0.111364712407748,4796.64336514201
488237.787215289,5645010.46939679,0.123767479052169,4806.5694125636
488737.787215289,5645010.46939679,0.133367011864724,4813.69299004443
489237.787215289,5645010.46939679,0.140639207026501,4818.81219358092
489737.787215289,5645010.46939679,0.150961309673497,4825.71993824739
490237.787215289,5645010.46939679,0.162237299771293,4832.84603598985
490737.787215289,5645010.46939679,0.169853654171881,4837.44150704737
491237.787215289,5645010.46939679,0.175712918185514,4840.86922644503
491737.787215289,5645010.46939679,0.179981622525565,4843.31167545197
492237.787215289,5645010.46939679,0.189557984174279,4848.6355696933
492737.787215289,5645010.46939679,0.196097121158405,4852.15664402634
493237.787215289,5645010.46939679,0.238626523415799,4873.21438940009
493737.787215289,5645010.46939679,0.210893193277889,4859.81817154313
494237.787215289,5645010.46939679,0.238626523415799,4873.21438940009
494737.787215289,5645010.46939679,0.24041790202788,4874.04249932736
495237.787215289,5645010.46939679,0.248348738851505,4877.66080364877
495737.787215289,5645010.46939679,0.258743450804885,4882.29203371565
496237.787215289,5645010.46939679,0.270345667691848,4887.3254845476
496737.787215289,5645010.46939679,0.275474422164073,4889.50852206093
497237.787215289,5645010.46939679,0.286142175559228,4893.97330671512
497737.787215289,5645010.46939679,0.286142175559228,4893.97330671512
498237.787215289,5645010.46939679,0.275474422164073,4889.50852206093
498737.787215289,5645010.46939679,0.275474422164073,4889.50852206093
499237.787215289,5645010.46939679,0.275474422164073,4889.50852206093
499737.787215289,5645010.46939679,0.275474422164073,4889.50852206093
500237.787215289,5645010.46939679,0.287732548822459,4894.63059337455
500737.787215289,5645010.46939679,0.287732548822459,4894.63059337455
501237.787215289,5645010.46939679,0.307305096007326,4902.55865453335
501737.787215289,5645010.46939679,0.307305096007326,4902.55865453335
502237.787215289,5645010.46939679,0.282108233105312,4892.2966099126
502737.787215289,5645010.46939679,0.270345667691848,4887.3254845476
503237.787215289,5645010.46939679,0.259661135771656,4882.69519248808
503737.787215289,5645010.46939679,0.244424492747072,4875.88002918648
504237.787215289,5645010.46939679,0.234245196487586,4871.17142893327
504737.787215289,5645010.46939679,0.220136069363564,4864.41124020741
505237.787215289,5645010.46939679,0.198647935479175,4853.50671687375
505737.787215289,5645010.46939679,0.177147408828393,4841.69500911152
506237.787215289,5645010.46939679,0.169853654171881,4837.44150704737
506737.787215289,5645010.46939679,0.181381757378009,4844.10319509228
507237.787215289,5645010.46939679,0.190884943178944,4849.35728175737
507737.787215289,5645010.46939679,0.190884943178944,4849.35728175737
508237.787215289,5645010.46939679,0.203644682630134,4856.11513631612
508737.787215289,5645010.46939679,0.307305096007326,4902.55865453335
509237.787215289,5645010.46939679,0.307305096007326,4902.55865453335
509737.787215289,5645010.46939679,0.220136069363564,4864.41124020741
510237.787215289,5645010.46939679,0.24041790202788,4874.04249932736
510737.787215289,5645010.46939679,0.248348738851505,4877.66080364877
511237.787215289,5645010.46939679,0.252194093416622,4879.38821246933
511737.787215289,5645010.46939679,0.307305096007326,4902.55865453335
512237.787215289,5645010.46939679,0.307305096007326,4902.55865453335
512737.787215289,5645010.46939679,0.242431736072177,4874.96859233584
513237.787215289,5645010.46939679,0.270345667691848,4887.3254845476
513737.787215289,5645010.46939679,0.287732548822459,4894.63059337455
514237.787215289,5645010.46939679,0.305867484016065,4901.98589346368
514737.787215289,5645010.46939679,0.354729985391346,4920.75589246754
515237.787215289,5645010.46939679,0.381878515896149,4930.69001080778
515737.787215289,5645010.46939679,0.530513667920908,4982.39578777595
516237.787215289,5645010.46939679,0.53072376695588,4982.46840439947
516737.787215289,5645010.46939679,0.512290414953262,4976.11268687671
517237.787215289,5645010.46939679,0.451372294618646,4955.15347813421
517737.787215289,5645010.46939679,0.360802369610381,4923.00331407789
518237.787215289,5645010.46939679,0.330248040936831,4911.51874429858
518737.787215289,5645010.46939679,0.305867484016065,4901.98589346368
519237.787215289,5645010.46939679,0.554485182796668,4990.71860665792
519737.787215289,5645010.46939679,0.341979399799068,4915.98242857609
520237.787215289,5645010.46939679,0.360802369610381,4923.00331407789
520737.787215289,5645010.46939679,0.377944765446883,4929.26768997754
521237.787215289,5645010.46939679,0.382849391330026,4931.04024308483
521737.787215289,5645010.46939679,0.508005886240932,4974.63884983595
522237.787215289,5645010.46939679,0.508005886240932,4974.63884983595
522737.787215289,5645010.46939679,0.508005886240932,4974.63884983595
523237.787215289,5645010.46939679,0.377944765446883,4929.26768997754
523737.787215289,5645010.46939679,0.352473461712511,4919.91662545167
524237.787215289,5645010.46939679,0.364035489168648,4924.19356686123
524737.787215289,5645010.46939679,0.364035489168648,4924.19356686123
525237.787215289,5645010.46939679,0.238626523415799,4873.21438940009
525737.787215289,5645010.46939679,0.455991764669234,4956.74937302827
526237.787215289,5645010.46939679,0.451372294618646,4955.15347813421
526737.787215289,5645010.46939679,0.451372294618646,4955.15347813421
527237.787215289,5645010.46939679,0.451372294618646,4955.15347813421
527737.787215289,5645010.46939679,0.326391007888132,4910.03476858847
528237.787215289,5645010.46939679,0.293967187528718,4897.18758382535
528737.787215289,5645010.46939679,0.277988735736272,4890.56986263401
529237.787215289,5645010.46939679,0.269477529261568,4886.95349910946
529737.787215289,5645010.46939679,0.262388207808778,4883.88802577367
530237.787215289,5645010.46939679,0.25123990926248,4878.96116173272
530737.787215289,5645010.46939679,0.235288062351894,4871.66000576993
531237.787215289,5645010.46939679,0.216723625500808,4862.73155906954
482237.787215289,5645510.46939679,0.0477481530253837,4721.327620194
482737.787215289,5645510.46939679,0.0477481530253837,4721.327620194
483237.787215289,5645510.46939679,0.0477481530253837,4721.327620194
483737.787215289,5645510.46939679,0.0438060039732846,4713.96731542414
484237.787215289,5645510.46939679,0.0438060039732846,4713.96731542414
484737.787215289,5645510.46939679,0.0515030158371275,4727.82940666888
485237.787215289,5645510.46939679,0.0585503127804965,4738.92733362875
485737.787215289,5645510.46939679,0.0682143149189123,4752.29907199353
486237.787215289,5645510.46939679,0.0741825791714757,4759.71922065725
486737.787215289,5645510.46939679,0.0798419208535041,4766.27387658088
487237.787215289,5645510.46939679,0.0878437035976753,4774.86604049991
487737.787215289,5645510.46939679,0.100126245656772,4786.79598008351
488237.787215289,5645510.46939679,0.109189145731808,4794.80607133446
488737.787215289,5645510.46939679,0.117698370979219,4801.82307506073
489237.787215289,5645510.46939679,0.123767479052169,4806.5694125636
489737.787215289,5645510.46939679,0.131494734505549,4812.33786511467
490237.787215289,5645510.46939679,0.140639207026501,4818.81219358092
490737.787215289,5645510.46939679,0.147593188332337,4823.50906746423
491237.787215289,5645510.46939679,0.150961309673497,4825.71993824739
491737.787215289,5645510.46939679,0.154261740620563,4827.84833209261
492237.787215289,5645510.46939679,0.165324723549297,4834.72877437842
492737.787215289,5645510.46939679,0.169853654171881,4837.44150704737
493237.787215289,5645510.46939679,0.177147408828393,4841.69500911152
493737.787215289,5645510.46939679,0.184149193605806,4845.65417241519
494237.787215289,5645510.46939679,0.190884943178944,4849.35728175737
494737.787215289,5645510.46939679,0.210893193277889,4859.81817154313
495237.787215289,5645510.46939679,0.216723625500808,4862.73155906954
495737.787215289,5645510.46939679,0.230015409639212,4869.17464113205
496237.787215289,5645510.46939679,0.238382569487151,4873.10129703684
496737.787215289,5645510.46939679,0.244424492747072,4875.88002918648
497237.787215289,5645510.46939679,0.25123990926248,4878.96116173272
497737.787215289,5645510.46939679,0.25123990926248,4878.96116173272
498237.787215289,5645510.46939679,0.244424492747072,4875.88002918648
498737.787215289,5645510.46939679,0.24041790202788,4874.04249932736
499237.787215289,5645510.46939679,0.24041790202788,4874.04249932736
499737.787215289,5645510.46939679,0.244424492747072,4875.88002918648
500237.787215289,5645510.46939679,0.252194093416622,4879.38821246933
500737.787215289,5645510.46939679,0.252194093416622,4879.38821246933
501237.787215289,5645510.46939679,0.307305096007326,4902.55865453335
501737.787215289,5645510.46939679,0.307305096007326,4902.55865453335
502237.787215289,5645510.46939679,0.248348738851505,4877.66080364877
502737.787215289,5645510.46939679,0.238382569487151,4873.10129703684
503237.787215289,5645510.46939679,0.230015409639212,4869.17464113205
503737.787215289,5645510.46939679,0.214413407435253,4861.58387084235
504237.787215289,5645510.46939679,0.207304637508709,4857.99649243197
504737.787215289,5645510.46939679,0.197377006695931,4852.83564843817
505237.787215289,5645510.46939679,0.179981622525565,4843.31167545197
505737.787215289,5645510.46939679,0.166847714411858,4835.64739757805
506237.787215289,5645510.46939679,0.188221055557947,4847.9046198625
506737.787215289,5645510.46939679,0.203644682630134,4856.11513631612
507237.787215289,5645510.46939679,0.307305096007326,4902.55865453335
507737.787215289,5645510.46939679,0.307305096007326,4902.55865453335
508237.787215289,5645510.46939679,0.307305096007326,4902.55865453335
508737.787215289,5645510.46939679,0.307305096007326,4902.55865453335
509237.787215289,5645510.46939679,0.307305096007326,4902.55865453335
509737.787215289,5645510.46939679,0.307305096007326,4902.55865453335
510237.787215289,5645510.46939679,0.307305096007326,4902.55865453335
510737.787215289,5645510.46939679,0.307305096007326,4902.55865453335
511237.787215289,5645510.46939679,0.307305096007326,4902.55865453335
511737.787215289,5645510.46939679,0.307305096007326,4902.55865453335
512237.787215289,5645510.46939679,0.307305096007326,4902.55865453335
512737.787215289,5645510.46939679,0.307305096007326,4902.55865453335
513237.787215289,5645510.46939679,0.307305096007326,4902.55865453335
513737.787215289,5645510.46939679,0.307305096007326,4902.55865453335
514237.787215289,5645510.46939679,0.307305096007326,4902.55865453335
514737.787215289,5645510.46939679,0.334029907063722,4912.96572398322
515237.787215289,5645510.46939679,0.353605035647183,4920.33777617632
515737.787215289,5645510.46939679,0.37085898376797,4926.69189078934
516237.787215289,5645510.46939679,0.377944765446883,4929.26768997754
516737.787215289,5645510.46939679,0.377944765446883,4929.26768997754
517237.787215289,5645510.46939679,0.508005886240932,4974.63884983595
517737.787215289,5645510.46939679,0.377944765446883,4929.26768997754
518237.787215289,5645510.46939679,0.336510826507556,4913.91073826268
518737.787215289,5645510.46939679,0.341979399799068,4915.98242857609
519237.787215289,5645510.46939679,0.364035489168648,4924.19356686123
519737.787215289,5645510.46939679,0.372399651658358,4927.25351097423
520237.787215289,5645510.46939679,0.508005886240932,4974.63884983595
520737.787215289,5645510.46939679,0.508005886240932,4974.63884983595
521237.787215289,5645510.46939679,0.508005886240932,4974.63884983595
521737.787215289,5645510.46939679,0.372399651658358,4927.25351097423
522237.787215289,5645510.46939679,0.364035489168648,4924.19356686123
522737.787215289,5645510.46939679,0.364035489168648,4924.19356686123
523237.787215289,5645510.46939679,0.360802369610381,4923.00331407789
523737.787215289,5645510.46939679,0.330248040936831,4911.51874429858
524237.787215289,5645510.46939679,0.336510826507556,4913.91073826268
524737.787215289,5645510.46939679,0.342577572750104,4916.20811447544
525237.787215289,5645510.46939679,0.238626523415799,4873.21438940009
525737.787215289,5645510.46939679,0.453366671799595,4955.84275420901
526237.787215289,5645510.46939679,0.451372294618646,4955.15347813421
526737.787215289,5645510.46939679,0.451372294618646,4955.15347813421
527237.787215289,5645510.46939679,0.326391007888132,4910.03476858847
527737.787215289,5645510.46939679,0.310148985920393,4903.68752101852
528237.787215289,5645510.46939679,0.282108233105312,4892.2966099126
528737.787215289,5645510.46939679,0.256894849400978,4881.47716763472
529237.787215289,5645510.46939679,0.24639668522463,4876.77729065378
529737.787215289,5645510.46939679,0.241427491878895,4874.50741127501
530237.787215289,5645510.46939679,0.23108179351325,4869.68038116394
530737.787215289,5645510.46939679,0.217868047649339,4863.29691568695
531237.787215289,5645510.46939679,0.199910000267629,4854.1700082791
481737.787215289,5646010.46939679,0.0477481530253837,4721.327620194
482237.787215289,5646010.46939679,0.0477481530253837,4721.327620194
482737.787215289,5646010.46939679,0.0438060039732846,4713.96731542414
483237.787215289,5646010.46939679,0.0438060039732846,4713.96731542414
483737.787215289,5646010.46939679,0.0396413353319042,4705.48474266807
484237.787215289,5646010.46939679,0.0438060039732846,4713.96731542414
484737.787215289,5646010.46939679,0.0477481530253837,4721.327620194
485237.787215289,5646010.46939679,0.0550969432661746,4733.65303734948
485737.787215289,5646010.46939679,0.0650970138296592,4748.1859801556
486237.787215289,5646010.46939679,0.0712402640588992,4756.13146250658
486737.787215289,5646010.46939679,0.0770478836456125,4763.09186751537
487237.787215289,5646010.46939679,0.0852356557120317,4772.14486226844
487737.787215289,5646010.46939679,0.0953536467265761,4782.32142479561
488237.787215289,5646010.46939679,0.104733074980408,4790.94251763655
488737.787215289,5646010.46939679,0.111364712407748,4796.64336514201
489237.787215289,5646010.46939679,0.117698370979219,4801.82307506073
489737.787215289,5646010.46939679,0.125736608457139,4808.06732080645
490237.787215289,5646010.46939679,0.133367011864724,4813.69299004443
490737.787215289,5646010.46939679,0.140639207026501,4818.81219358092
491237.787215289,5646010.46939679,0.144153779694943,4821.20899799479
491737.787215289,5646010.46939679,0.147593188332337,4823.50906746423
492237.787215289,5646010.46939679,0.157497684905857,4829.90018002585
492737.787215289,5646010.46939679,0.160672201504363,4831.88086186033
493237.787215289,5646010.46939679,0.169853654171881,4837.44150704737
493737.787215289,5646010.46939679,0.175712918185514,4840.86922644503
494237.787215289,5646010.46939679,0.238626523415799,4873.21438940009
494737.787215289,5646010.46939679,0.202408260311013,4855.47405872145
495237.787215289,5646010.46939679,0.207304637508709,4857.99649243197
495737.787215289,5646010.46939679,0.221259859267649,4864.96042115906
496237.787215289,5646010.46939679,0.22786447283093,4868.14967627558
496737.787215289,5646010.46939679,0.234245196487586,4871.17142893327
497237.787215289,5646010.46939679,0.24041790202788,4874.04249932736
497737.787215289,5646010.46939679,0.24041790202788,4874.04249932736
498237.787215289,5646010.46939679,0.234245196487586,4871.17142893327
498737.787215289,5646010.46939679,0.230015409639212,4869.17464113205
499237.787215289,5646010.46939679,0.230015409639212,4869.17464113205
499737.787215289,5646010.46939679,0.234245196487586,4871.17142893327
500237.787215289,5646010.46939679,0.24041790202788,4874.04249932736
500737.787215289,5646010.46939679,0.24041790202788,4874.04249932736
501237.787215289,5646010.46939679,0.307305096007326,4902.55865453335
501737.787215289,5646010.46939679,0.307305096007326,4902.55865453335
502237.787215289,5646010.46939679,0.238382569487151,4873.10129703684
502737.787215289,5646010.46939679,0.22786447283093,4868.14967627558
503237.787215289,5646010.46939679,0.221259859267649,4864.96042115906
503737.787215289,5646010.46939679,0.204872797011721,4856.74912806425
504237.787215289,5646010.46939679,0.198647935479175,4853.50671687375
504737.787215289,5646010.46939679,0.189557984174279,4848.6355696933
505237.787215289,5646010.46939679,0.178570213027688,4842.50903484954
505737.787215289,5646010.46939679,0.178570213027688,4842.50903484954
506237.787215289,5646010.46939679,0.190884943178944,4849.35728175737
506737.787215289,5646010.46939679,0.307305096007326,4902.55865453335
507237.787215289,5646010.46939679,0.307305096007326,4902.55865453335
507737.787215289,5646010.46939679,0.307305096007326,4902.55865453335
508237.787215289,5646010.46939679,0.307305096007326,4902.55865453335
508737.787215289,5646010.46939679,0.307305096007326,4902.55865453335
509237.787215289,5646010.46939679,0.307305096007326,4902.55865453335
509737.787215289,5646010.46939679,0.307305096007326,4902.55865453335
510237.787215289,5646010.46939679,0.550270482538241,4989.24900495449
510737.787215289,5646010.46939679,0.307305096007326,4902.55865453335
511237.787215289,5646010.46939679,0.307305096007326,4902.55865453335
511737.787215289,5646010.46939679,0.307305096007326,4902.55865453335
512237.787215289,5646010.46939679,0.307305096007326,4902.55865453335
512737.787215289,5646010.46939679,0.307305096007326,4902.55865453335
513237.787215289,5646010.46939679,0.307305096007326,4902.55865453335
513737.787215289,5646010.46939679,0.307305096007326,4902.55865453335
514237.787215289,5646010.46939679,0.307305096007326,4902.55865453335
514737.787215289,5646010.46939679,0.323776472162723,4909.02395751689
515237.787215289,5646010.46939679,0.343173920410927,4916.43293422535
515737.787215289,5646010.46939679,0.356960348337413,4921.583210574
516237.787215289,5646010.46939679,0.364035489168648,4924.19356686123
516737.787215289,5646010.46939679,0.364035489168648,4924.19356686123
517237.787215289,5646010.46939679,0.508005886240932,4974.63884983595
517737.787215289,5646010.46939679,0.377944765446883,4929.26768997754
518237.787215289,5646010.46939679,0.336510826507556,4913.91073826268
518737.787215289,5646010.46939679,0.352473461712511,4919.91662545167
519237.787215289,5646010.46939679,0.377944765446883,4929.26768997754
519737.787215289,5646010.46939679,0.377944765446883,4929.26768997754
520237.787215289,5646010.46939679,0.508005886240932,4974.63884983595
520737.787215289,5646010.46939679,0.377944765446883,4929.26768997754
521237.787215289,5646010.46939679,0.377944765446883,4929.26768997754
521737.787215289,5646010.46939679,0.360802369610381,4923.00331407789
522237.787215289,5646010.46939679,0.350190260319063,4919.06508682073
522737.787215289,5646010.46939679,0.350190260319063,4919.06508682073
523237.787215289,5646010.46939679,0.341979399799068,4915.98242857609
523737.787215289,5646010.46939679,0.314338363753335,4905.34062853485
524237.787215289,5646010.46939679,0.326391007888132,4910.03476858847
524737.787215289,5646010.46939679,0.451706261244193,4955.26893057577
525237.787215289,5646010.46939679,0.326391007888132,4910.03476858847
525737.787215289,5646010.46939679,0.326391007888132,4910.03476858847
526237.787215289,5646010.46939679,0.326391007888132,4910.03476858847
526737.787215289,5646010.46939679,0.312951901558429,4904.79481382904
527237.787215289,5646010.46939679,0.310148985920393,4903.68752101852
527737.787215289,5646010.46939679,0.292427151622938,4896.55884346456
528237.787215289,5646010.46939679,0.267729407311648,4886.20223585991
528737.787215289,5646010.46939679,0.24041790202788,4874.04249932736
529237.787215289,5646010.46939679,0.226779717943195,4867.63026447861
529737.787215289,5646010.46939679,0.220136069363564,4864.41124020741
530237.787215289,5646010.46939679,0.210893193277889,4859.81817154313
530737.787215289,5646010.46939679,0.199910000267629,4854.1700082791
481237.787215289,5646510.46939679,0.238626523415799,4873.21438940009
481737.787215289,5646510.46939679,0.238626523415799,4873.21438940009
482237.787215289,5646510.46939679,0.0396413353319042,4705.48474266807
482737.787215289,5646510.46939679,0.0396413353319042,4705.48474266807
483237.787215289,5646510.46939679,0.0396413353319042,4705.48474266807
483737.787215289,5646510.46939679,0.0396413353319042,4705.48474266807
484237.787215289,5646510.46939679,0.0396413353319042,4705.48474266807
484737.787215289,5646510.46939679,0.0477481530253837,4721.327620194
485237.787215289,5646510.46939679,0.0515030158371275,4727.82940666888
485737.787215289,5646510.46939679,0.0585503127804965,4738.92733362875
486237.787215289,5646510.46939679,0.0650970138296592,4748.1859801556
486737.787215289,5646510.46939679,0.0712402640588992,4756.13146250658
487237.787215289,5646510.46939679,0.0798419208535041,4766.27387658088
487737.787215289,5646510.46939679,0.0878437035976753,4774.86604049991
488237.787215289,5646510.46939679,0.0953536467265761,4782.32142479561
488737.787215289,5646510.46939679,0.102449388411146,4788.90720643577
489237.787215289,5646510.46939679,0.10697909857011,4792.90721006812
489737.787215289,5646510.46939679,0.113507248464434,4798.42300343546
490237.787215289,5646510.46939679,0.121772049325338,4805.03095871716
490737.787215289,5646510.46939679,0.127680305801758,4809.52676206766
491237.787215289,5646510.46939679,0.129599424905885,4810.94968448017
491737.787215289,5646510.46939679,0.133367011864724,4813.69299004443
492237.787215289,5646510.46939679,0.142406135464596,4820.0231889282
492737.787215289,5646510.46939679,0.145882615295986,4822.37062298577
493237.787215289,5646510.46939679,0.154261740620563,4827.84833209261
493737.787215289,5646510.46939679,0.160672201504363,4831.88086186033
494237.787215289,5646510.46939679,0.169853654171881,4837.44150704737
494737.787215289,5646510.46939679,0.184149193605806,4845.65417241519
495237.787215289,5646510.46939679,0.189557984174279,4848.6355696933
495737.787215289,5646510.46939679,0.202408260311013,4855.47405872145
496237.787215289,5646510.46939679,0.207304637508709,4857.99649243197
496737.787215289,5646510.46939679,0.214413407435253,4861.58387084235
497237.787215289,5646510.46939679,0.219005516329522,4863.85678293542
497737.787215289,5646510.46939679,0.219005516329522,4863.85678293542
498237.787215289,5646510.46939679,0.214413407435253,4861.58387084235
498737.787215289,5646510.46939679,0.208508596078889,4858.61015747088
499237.787215289,5646510.46939679,0.208508596078889,4858.61015747088
499737.787215289,5646510.46939679,0.214413407435253,4861.58387084235
500237.787215289,5646510.46939679,0.219005516329522,4863.85678293542
500737.787215289,5646510.46939679,0.219005516329522,4863.85678293542
501237.787215289,5646510.46939679,0.307305096007326,4902.55865453335
501737.787215289,5646510.46939679,0.307305096007326,4902.55865453335
502237.787215289,5646510.46939679,0.216723625500808,4862.73155906954
502737.787215289,5646510.46939679,0.207304637508709,4857.99649243197
503237.787215289,5646510.46939679,0.202408260311013,4855.47405872145
503737.787215289,5646510.46939679,0.186874084549585,4847.16424744025
504237.787215289,5646510.46939679,0.181381757378009,4844.10319509228
504737.787215289,5646510.46939679,0.181381757378009,4844.10319509228
505237.787215289,5646510.46939679,0.203644682630134,4856.11513631612
505737.787215289,5646510.46939679,0.203644682630134,4856.11513631612
506237.787215289,5646510.46939679,0.203644682630134,4856.11513631612
506737.787215289,5646510.46939679,0.307305096007326,4902.55865453335
507237.787215289,5646510.46939679,0.307305096007326,4902.55865453335
507737.787215289,5646510.46939679,0.190884943178944,4849.35728175737
508237.787215289,5646510.46939679,0.190884943178944,4849.35728175737
508737.787215289,5646510.46939679,0.190884943178944,4849.35728175737
509237.787215289,5646510.46939679,0.198647935479175,4853.50671687375
509737.787215289,5646510.46939679,0.307305096007326,4902.55865453335
510237.787215289,5646510.46939679,0.307305096007326,4902.55865453335
510737.787215289,5646510.46939679,0.307305096007326,4902.55865453335
511237.787215289,5646510.46939679,0.307305096007326,4902.55865453335
511737.787215289,5646510.46939679,0.203644682630134,4856.11513631612
512237.787215289,5646510.46939679,0.203644682630134,4856.11513631612
512737.787215289,5646510.46939679,0.307305096007326,4902.55865453335
513237.787215289,5646510.46939679,0.307305096007326,4902.55865453335
513737.787215289,5646510.46939679,0.307305096007326,4902.55865453335
514237.787215289,5646510.46939679,0.307305096007326,4902.55865453335
514737.787215289,5646510.46939679,0.307305096007326,4902.55865453335
515237.787215289,5646510.46939679,0.319787530326961,4907.4739409873
515737.787215289,5646510.46939679,0.330248040936831,4911.51874429858
516237.787215289,5646510.46939679,0.451372294618646,4955.15347813421
516737.787215289,5646510.46939679,0.451372294618646,4955.15347813421
517237.787215289,5646510.46939679,0.652829092130741,5026.43056861229
517737.787215289,5646510.46939679,0.377944765446883,4929.26768997754
518237.787215289,5646510.46939679,0.347879665611964,4918.20087198456
518737.787215289,5646510.46939679,0.372399651658358,4927.25351097423
519237.787215289,5646510.46939679,0.508005886240932,4974.63884983595
519737.787215289,5646510.46939679,0.508005886240932,4974.63884983595
520237.787215289,5646510.46939679,0.508005886240932,4974.63884983595
520737.787215289,5646510.46939679,0.360802369610381,4923.00331407789
521237.787215289,5646510.46939679,0.350190260319063,4919.06508682073
521737.787215289,5646510.46939679,0.334653124349829,4913.20342496646
522237.787215289,5646510.46939679,0.323117263962999,4908.76846355788
522737.787215289,5646510.46939679,0.323117263962999,4908.76846355788
523237.787215289,5646510.46939679,0.31776192456307,4906.68311064141
523737.787215289,5646510.46939679,0.321126284897789,4907.99522547319
524237.787215289,5646510.46939679,0.451372294618646,4955.15347813421
524737.787215289,5646510.46939679,0.451372294618646,4955.15347813421
525237.787215289,5646510.46939679,0.321126284897789,4907.99522547319
525737.787215289,5646510.46939679,0.312951901558429,4904.79481382904
526237.787215289,5646510.46939679,0.312951901558429,4904.79481382904
526737.787215289,5646510.46939679,0.302226160878992,4900.52866021373
527237.787215289,5646510.46939679,0.298515468260401,4899.03383945655
527737.787215289,5646510.46939679,0.282108233105312,4892.2966099126
528237.787215289,5646510.46939679,0.258743450804885,4882.29203371565
528737.787215289,5646510.46939679,0.234245196487586,4871.17142893327
529237.787215289,5646510.46939679,0.217868047649339,4863.29691568695
529737.787215289,5646510.46939679,0.210893193277889,4859.81817154313
530237.787215289,5646510.46939679,0.201163405294982,4854.82573582224
481237.787215289,5647010.46939679,0.0396413353319042,4705.48474266807
481737.787215289,5647010.46939679,0.0396413353319042,4705.48474266807
482237.787215289,5647010.46939679,0.238626523415799,4873.21438940009
482737.787215289,5647010.46939679,0.0396413353319042,4705.48474266807
483237.787215289,5647010.46939679,0.0352049311642286,4695.4716851065
483737.787215289,5647010.46939679,0.238626523415799,4873.21438940009
484237.787215289,5647010.46939679,0.0396413353319042,4705.48474266807
484737.787215289,5647010.46939679,0.0438060039732846,4713.96731542414
485237.787215289,5647010.46939679,0.0477481530253837,4721.327620194
485737.787215289,5647010.46939679,0.0550969432661746,4733.65303734948
486237.787215289,5647010.46939679,0.0618792959910038,4743.74751635354
486737.787215289,5647010.46939679,0.0682143149189123,4752.29907199353
487237.787215289,5647010.46939679,0.0770478836456125,4763.09186751537
487737.787215289,5647010.46939679,0.0852356557120317,4772.14486226844
488237.787215289,5647010.46939679,0.0928997088112431,4779.94395285771
488737.787215289,5647010.46939679,0.0977617182894351,4784.60294204716
489237.787215289,5647010.46939679,0.102449388411146,4788.90720643577
489737.787215289,5647010.46939679,0.109189145731808,4794.80607133446
490237.787215289,5647010.46939679,0.115618061899259,4800.14850510016
490737.787215289,5647010.46939679,0.121772049325338,4805.03095871716
491237.787215289,5647010.46939679,0.123767479052169,4806.5694125636
491737.787215289,5647010.46939679,0.127680305801758,4809.52676206766
492237.787215289,5647010.46939679,0.135216937551355,4815.01658702522
492737.787215289,5647010.46939679,0.138852417274884,4817.57489037694
493237.787215289,5647010.46939679,0.147593188332337,4823.50906746423
493737.787215289,5647010.46939679,0.154261740620563,4827.84833209261
494237.787215289,5647010.46939679,0.162237299771293,4832.84603598985
494737.787215289,5647010.46939679,0.175712918185514,4840.86922644503
495237.787215289,5647010.46939679,0.181381757378009,4844.10319509228
495737.787215289,5647010.46939679,0.193509897065808,4850.77405701299
496237.787215289,5647010.46939679,0.197377006695931,4852.83564843817
496737.787215289,5647010.46939679,0.204872797011721,4856.74912806425
497237.787215289,5647010.46939679,0.208508596078889,4858.61015747088
497737.787215289,5647010.46939679,0.208508596078889,4858.61015747088
498237.787215289,5647010.46939679,0.204872797011721,4856.74912806425
498737.787215289,5647010.46939679,0.198647935479175,4853.50671687375
499237.787215289,5647010.46939679,0.198647935479175,4853.50671687375
499737.787215289,5647010.46939679,0.204872797011721,4856.74912806425
500237.787215289,5647010.46939679,0.208508596078889,4858.61015747088
500737.787215289,5647010.46939679,0.208508596078889,4858.61015747088
501237.787215289,5647010.46939679,0.307305096007326,4902.55865453335
501737.787215289,5647010.46939679,0.307305096007326,4902.55865453335
502237.787215289,5647010.46939679,0.207304637508709,4857.99649243197
502737.787215289,5647010.46939679,0.198647935479175,4853.50671687375
503237.787215289,5647010.46939679,0.193509897065808,4850.77405701299
503737.787215289,5647010.46939679,0.177147408828393,4841.69500911152
504237.787215289,5647010.46939679,0.172808042556193,4839.18103967451
504737.787215289,5647010.46939679,0.188221055557947,4847.9046198625
505237.787215289,5647010.46939679,0.307305096007326,4902.55865453335
505737.787215289,5647010.46939679,0.307305096007326,4902.55865453335
506237.787215289,5647010.46939679,0.203644682630134,4856.11513631612
506737.787215289,5647010.46939679,0.307305096007326,4902.55865453335
507237.787215289,5647010.46939679,0.203644682630134,4856.11513631612
507737.787215289,5647010.46939679,0.178570213027688,4842.50903484954
508237.787215289,5647010.46939679,0.181381757378009,4844.10319509228
508737.787215289,5647010.46939679,0.190884943178944,4849.35728175737
509237.787215289,5647010.46939679,0.203644682630134,4856.11513631612
509737.787215289,5647010.46939679,0.307305096007326,4902.55865453335
510237.787215289,5647010.46939679,0.307305096007326,4902.55865453335
510737.787215289,5647010.46939679,0.307305096007326,4902.55865453335
511237.787215289,5647010.46939679,0.527970441176726,4981.51714389756
511737.787215289,5647010.46939679,0.198647935479175,4853.50671687375
512237.787215289,5647010.46939679,0.198647935479175,4853.50671687375
512737.787215289,5647010.46939679,0.307305096007326,4902.55865453335
513237.787215289,5647010.46939679,0.307305096007326,4902.55865453335
513737.787215289,5647010.46939679,0.307305096007326,4902.55865453335
514237.787215289,5647010.46939679,0.307305096007326,4902.55865453335
514737.787215289,5647010.46939679,0.295495164001255,4897.80958311693
515237.787215289,5647010.46939679,0.30801998330313,4902.84294323281
515737.787215289,5647010.46939679,0.31776192456307,4906.68311064141
516237.787215289,5647010.46939679,0.451372294618646,4955.15347813421
516737.787215289,5647010.46939679,0.451372294618646,4955.15347813421
517237.787215289,5647010.46939679,0.508005886240932,4974.63884983595
517737.787215289,5647010.46939679,0.377944765446883,4929.26768997754
518237.787215289,5647010.46939679,0.352473461712511,4919.91662545167
518737.787215289,5647010.46939679,0.377944765446883,4929.26768997754
519237.787215289,5647010.46939679,0.508005886240932,4974.63884983595
519737.787215289,5647010.46939679,0.508005886240932,4974.63884983595
520237.787215289,5647010.46939679,0.377944765446883,4929.26768997754
520737.787215289,5647010.46939679,0.352473461712511,4919.91662545167
521237.787215289,5647010.46939679,0.336510826507556,4913.91073826268
521737.787215289,5647010.46939679,0.323117263962999,4908.76846355788
522237.787215289,5647010.46939679,0.312254969260653,4904.51997554368
522737.787215289,5647010.46939679,0.309441909482252,4903.40736305662
523237.787215289,5647010.46939679,0.310148985920393,4903.68752101852
523737.787215289,5647010.46939679,0.451372294618646,4955.15347813421
524237.787215289,5647010.46939679,0.451372294618646,4955.15347813421
524737.787215289,5647010.46939679,0.326391007888132,4910.03476858847
525237.787215289,5647010.46939679,0.302226160878992,4900.52866021373
525737.787215289,5647010.46939679,0.287732548822459,4894.63059337455
526237.787215289,5647010.46939679,0.287732548822459,4894.63059337455
526737.787215289,5647010.46939679,0.282108233105312,4892.2966099126
527237.787215289,5647010.46939679,0.273779863967455,4888.7899588011
527737.787215289,5647010.46939679,0.259661135771656,4882.69519248808
528237.787215289,5647010.46939679,0.238626523415799,4873.21438940009
528737.787215289,5647010.46939679,0.220136069363564,4864.41124020741
529237.787215289,5647010.46939679,0.204872797011721,4856.74912806425
529737.787215289,5647010.46939679,0.192202215583475,4850.07004913044
530237.787215289,5647010.46939679,0.182770897027725,4844.88393917518
480737.787215289,5647510.46939679,0.0396413353319042,4705.48474266807
481237.787215289,5647510.46939679,0.0352049311642286,4695.4716851065
481737.787215289,5647510.46939679,0.0352049311642286,4695.4716851065
482237.787215289,5647510.46939679,0.0352049311642286,4695.4716851065
482737.787215289,5647510.46939679,0.0352049311642286,4695.4716851065
483237.787215289,5647510.46939679,0.0304238961393135,4683.24568400248
483737.787215289,5647510.46939679,0.0352049311642286,4695.4716851065
484237.787215289,5647510.46939679,0.0352049311642286,4695.4716851065
484737.787215289,5647510.46939679,0.0438060039732846,4713.96731542414
485237.787215289,5647510.46939679,0.0477481530253837,4721.327620194
485737.787215289,5647510.46939679,0.0515030158371275,4727.82940666888
486237.787215289,5647510.46939679,0.0585503127804965,4738.92733362875
486737.787215289,5647510.46939679,0.0618792959910038,4743.74751635354
487237.787215289,5647510.46939679,0.0712402640588992,4756.13146250658
487737.787215289,5647510.46939679,0.0770478836456125,4763.09186751537
488237.787215289,5647510.46939679,0.0825696990156871,4769.28574756161
488737.787215289,5647510.46939679,0.0878437035976753,4774.86604049991
489237.787215289,5647510.46939679,0.0928997088112431,4779.94395285771
489737.787215289,5647510.46939679,0.0977617182894351,4784.60294204716
490237.787215289,5647510.46939679,0.104733074980408,4790.94251763655
490737.787215289,5647510.46939679,0.109189145731808,4794.80607133446
491237.787215289,5647510.46939679,0.111364712407748,4796.64336514201
491737.787215289,5647510.46939679,0.115618061899259,4800.14850510016
492237.787215289,5647510.46939679,0.121772049325338,4805.03095871716
492737.787215289,5647510.46939679,0.125736608457139,4808.06732080645
493237.787215289,5647510.46939679,0.133367011864724,4813.69299004443
493737.787215289,5647510.46939679,0.140639207026501,4818.81219358092
494237.787215289,5647510.46939679,0.147593188332337,4823.50906746423
494737.787215289,5647510.46939679,0.159092456194012,4830.89911277944
495237.787215289,5647510.46939679,0.166847714411858,4835.64739757805
495737.787215289,5647510.46939679,0.175712918185514,4840.86922644503
496237.787215289,5647510.46939679,0.179981622525565,4843.31167545197
496737.787215289,5647510.46939679,0.186874084549585,4847.16424744025
497237.787215289,5647510.46939679,0.189557984174279,4848.6355696933
497737.787215289,5647510.46939679,0.189557984174279,4848.6355696933
498237.787215289,5647510.46939679,0.186874084549585,4847.16424744025
498737.787215289,5647510.46939679,0.181381757378009,4844.10319509228
499237.787215289,5647510.46939679,0.181381757378009,4844.10319509228
499737.787215289,5647510.46939679,0.186874084549585,4847.16424744025
500237.787215289,5647510.46939679,0.189557984174279,4848.6355696933
500737.787215289,5647510.46939679,0.189557984174279,4848.6355696933
501237.787215289,5647510.46939679,0.307305096007326,4902.55865453335
501737.787215289,5647510.46939679,0.307305096007326,4902.55865453335
502237.787215289,5647510.46939679,0.190884943178944,4849.35728175737
502737.787215289,5647510.46939679,0.181381757378009,4844.10319509228
503237.787215289,5647510.46939679,0.175712918185514,4840.86922644503
503737.787215289,5647510.46939679,0.165324723549297,4834.72877437842
504237.787215289,5647510.46939679,0.188221055557947,4847.9046198625
504737.787215289,5647510.46939679,0.203644682630134,4856.11513631612
505237.787215289,5647510.46939679,0.307305096007326,4902.55865453335
505737.787215289,5647510.46939679,0.307305096007326,4902.55865453335
506237.787215289,5647510.46939679,0.307305096007326,4902.55865453335
506737.787215289,5647510.46939679,0.307305096007326,4902.55865453335
507237.787215289,5647510.46939679,0.203644682630134,4856.11513631612
507737.787215289,5647510.46939679,0.190884943178944,4849.35728175737
508237.787215289,5647510.46939679,0.198647935479175,4853.50671687375
508737.787215289,5647510.46939679,0.307305096007326,4902.55865453335
509237.787215289,5647510.46939679,0.307305096007326,4902.55865453335
509737.787215289,5647510.46939679,0.307305096007326,4902.55865453335
510237.787215289,5647510.46939679,0.203644682630134,4856.11513631612
510737.787215289,5647510.46939679,0.198647935479175,4853.50671687375
511237.787215289,5647510.46939679,0.188221055557947,4847.9046198625
511737.787215289,5647510.46939679,0.177147408828393,4841.69500911152
512237.787215289,5647510.46939679,0.177147408828393,4841.69500911152
512737.787215289,5647510.46939679,0.190884943178944,4849.35728175737
513237.787215289,5647510.46939679,0.215572106622318,4862.16057956976
513737.787215289,5647510.46939679,0.23108179351325,4869.68038116394
514237.787215289,5647510.46939679,0.24639668522463,4876.77729065378
514737.787215289,5647510.46939679,0.274629028828432,4889.15037126567
515237.787215289,5647510.46939679,0.284538634095151,4893.30844766116
515737.787215289,5647510.46939679,0.310148985920393,4903.68752101852
516237.787215289,5647510.46939679,0.326391007888132,4910.03476858847
516737.787215289,5647510.46939679,0.451372294618646,4955.15347813421
517237.787215289,5647510.46939679,0.508005886240932,4974.63884983595
517737.787215289,5647510.46939679,0.508005886240932,4974.63884983595
518237.787215289,5647510.46939679,0.364035489168648,4924.19356686123
518737.787215289,5647510.46939679,0.508005886240932,4974.63884983595
519237.787215289,5647510.46939679,0.377944765446883,4929.26768997754
519737.787215289,5647510.46939679,0.372399651658358,4927.25351097423
520237.787215289,5647510.46939679,0.360802369610381,4923.00331407789
520737.787215289,5647510.46939679,0.332777406930651,4912.48737329806
521237.787215289,5647510.46939679,0.314338363753335,4905.34062853485
521737.787215289,5647510.46939679,0.30075038244981,4899.93536169762
522237.787215289,5647510.46939679,0.289310078201249,4895.28052274906
522737.787215289,5647510.46939679,0.302226160878992,4900.52866021373
523237.787215289,5647510.46939679,0.326391007888132,4910.03476858847
523737.787215289,5647510.46939679,0.451372294618646,4955.15347813421
524237.787215289,5647510.46939679,0.451372294618646,4955.15347813421
524737.787215289,5647510.46939679,0.321126284897789,4907.99522547319
525237.787215289,5647510.46939679,0.286142175559228,4893.97330671512
525737.787215289,5647510.46939679,0.267729407311648,4886.20223585991
526237.787215289,5647510.46939679,0.263288770177419,4884.28024111535
526737.787215289,5647510.46939679,0.259661135771656,4882.69519248808
527237.787215289,5647510.46939679,0.25123990926248,4878.96116173272
527737.787215289,5647510.46939679,0.24041790202788,4874.04249932736
528237.787215289,5647510.46939679,0.224591184783008,4866.57712867393
528737.787215289,5647510.46939679,0.206092735540719,4857.37619354013
529237.787215289,5647510.46939679,0.192202215583475,4850.07004913044
529737.787215289,5647510.46939679,0.178570213027688,4842.50903484954
530237.787215289,5647510.46939679,0.166847714411858,4835.64739757805
480237.787215289,5648010.46939679,0.0304238961393135,4683.24568400248
480737.787215289,5648010.46939679,0.0304238961393135,4683.24568400248
481237.787215289,5648010.46939679,0.0304238961393135,4683.24568400248
481737.787215289,5648010.46939679,0.0304238961393135,4683.24568400248
482237.787215289,5648010.46939679,0.0304238961393135,4683.24568400248
482737.787215289,5648010.46939679,0.0304238961393135,4683.24568400248
483237.787215289,5648010.46939679,0.0304238961393135,4683.24568400248
483737.787215289,5648010.46939679,0.0352049311642286,4695.4716851065
484237.787215289,5648010.46939679,0.0352049311642286,4695.4716851065
484737.787215289,5648010.46939679,0.0396413353319042,4705.48474266807
485237.787215289,5648010.46939679,0.0438060039732846,4713.96731542414
485737.787215289,5648010.46939679,0.0477481530253837,4721.327620194
486237.787215289,5648010.46939679,0.0550969432661746,4733.65303734948
486737.787215289,5648010.46939679,0.0585503127804965,4738.92733362875
487237.787215289,5648010.46939679,0.0650970138296592,4748.1859801556
487737.787215289,5648010.46939679,0.0712402640588992,4756.13146250658
488237.787215289,5648010.46939679,0.0770478836456125,4763.09186751537
488737.787215289,5648010.46939679,0.0798419208535041,4766.27387658088
489237.787215289,5648010.46939679,0.0825696990156871,4769.28574756161
489737.787215289,5648010.46939679,0.0903973402450306,4777.46204662746
490237.787215289,5648010.46939679,0.0928997088112431,4779.94395285771
490737.787215289,5648010.46939679,0.0977617182894351,4784.60294204716
491237.787215289,5648010.46939679,0.100126245656772,4786.79598008351
491737.787215289,5648010.46939679,0.104733074980408,4790.94251763655
492237.787215289,5648010.46939679,0.111364712407748,4796.64336514201
492737.787215289,5648010.46939679,0.115618061899259,4800.14850510016
493237.787215289,5648010.46939679,0.125736608457139,4808.06732080645
493737.787215289,5648010.46939679,0.129599424905885,4810.94968448017
494237.787215289,5648010.46939679,0.135216937551355,4815.01658702522
494737.787215289,5648010.46939679,0.145882615295986,4822.37062298577
495237.787215289,5648010.46939679,0.150961309673497,4825.71993824739
495737.787215289,5648010.46939679,0.159092456194012,4830.89911277944
496237.787215289,5648010.46939679,0.162237299771293,4832.84603598985
496737.787215289,5648010.46939679,0.169853654171881,4837.44150704737
497237.787215289,5648010.46939679,0.17133717362154,4838.31789368126
497737.787215289,5648010.46939679,0.17133717362154,4838.31789368126
498237.787215289,5648010.46939679,0.169853654171881,4837.44150704737
498737.787215289,5648010.46939679,0.17133717362154,4838.31789368126
499237.787215289,5648010.46939679,0.178570213027688,4842.50903484954
499737.787215289,5648010.46939679,0.188221055557947,4847.9046198625
500237.787215289,5648010.46939679,0.190884943178944,4849.35728175737
500737.787215289,5648010.46939679,0.198647935479175,4853.50671687375
501237.787215289,5648010.46939679,0.307305096007326,4902.55865453335
501737.787215289,5648010.46939679,0.307305096007326,4902.55865453335
502237.787215289,5648010.46939679,0.190884943178944,4849.35728175737
502737.787215289,5648010.46939679,0.178570213027688,4842.50903484954
503237.787215289,5648010.46939679,0.178570213027688,4842.50903484954
503737.787215289,5648010.46939679,0.178570213027688,4842.50903484954
504237.787215289,5648010.46939679,0.198647935479175,4853.50671687375
504737.787215289,5648010.46939679,0.307305096007326,4902.55865453335
505237.787215289,5648010.46939679,0.203644682630134,4856.11513631612
505737.787215289,5648010.46939679,0.203644682630134,4856.11513631612
506237.787215289,5648010.46939679,0.307305096007326,4902.55865453335
506737.787215289,5648010.46939679,0.307305096007326,4902.55865453335
507237.787215289,5648010.46939679,0.307305096007326,4902.55865453335
507737.787215289,5648010.46939679,0.307305096007326,4902.55865453335
508237.787215289,5648010.46939679,0.307305096007326,4902.55865453335
508737.787215289,5648010.46939679,0.307305096007326,4902.55865453335
509237.787215289,5648010.46939679,0.307305096007326,4902.55865453335
509737.787215289,5648010.46939679,0.307305096007326,4902.55865453335
510237.787215289,5648010.46939679,0.203644682630134,4856.11513631612
510737.787215289,5648010.46939679,0.181381757378009,4844.10319509228
511237.787215289,5648010.46939679,0.178570213027688,4842.50903484954
511737.787215289,5648010.46939679,0.178570213027688,4842.50903484954
512237.787215289,5648010.46939679,0.178570213027688,4842.50903484954
512737.787215289,5648010.46939679,0.179981622525565,4843.31167545197
513237.787215289,5648010.46939679,0.201163405294982,4854.82573582224
513737.787215289,5648010.46939679,0.215572106622318,4862.16057956976
514237.787215289,5648010.46939679,0.230015409639212,4869.17464113205
514737.787215289,5648010.46939679,0.253143482292768,4879.81209252755
515237.787215289,5648010.46939679,0.265077311088845,4885.05673752734
515737.787215289,5648010.46939679,0.30000827928995,4899.63641909937
516237.787215289,5648010.46939679,0.32508814367827,4909.5315662665
516737.787215289,5648010.46939679,0.350190260319063,4919.06508682073
517237.787215289,5648010.46939679,0.508005886240932,4974.63884983595
517737.787215289,5648010.46939679,0.508005886240932,4974.63884983595
518237.787215289,5648010.46939679,0.377944765446883,4929.26768997754
518737.787215289,5648010.46939679,0.508005886240932,4974.63884983595
519237.787215289,5648010.46939679,0.364035489168648,4924.19356686123
519737.787215289,5648010.46939679,0.347879665611964,4918.20087198456
520237.787215289,5648010.46939679,0.334653124349829,4913.20342496646
520737.787215289,5648010.46939679,0.314338363753335,4905.34062853485
521237.787215289,5648010.46939679,0.298515468260401,4899.03383945655
521737.787215289,5648010.46939679,0.298515468260401,4899.03383945655
522237.787215289,5648010.46939679,0.292427151622938,4896.55884346456
522737.787215289,5648010.46939679,0.321126284897789,4907.99522547319
523237.787215289,5648010.46939679,0.451372294618646,4955.15347813421
523737.787215289,5648010.46939679,0.326391007888132,4910.03476858847
524237.787215289,5648010.46939679,0.312951901558429,4904.79481382904
524737.787215289,5648010.46939679,0.302226160878992,4900.52866021373
525237.787215289,5648010.46939679,0.275474422164073,4889.50852206093
525737.787215289,5648010.46939679,0.255028321394675,4880.65063639141
526237.787215289,5648010.46939679,0.24041790202788,4874.04249932736
526737.787215289,5648010.46939679,0.238382569487151,4873.10129703684
527237.787215289,5648010.46939679,0.230015409639212,4869.17464113205
527737.787215289,5648010.46939679,0.221259859267649,4864.96042115906
528237.787215289,5648010.46939679,0.207304637508709,4857.99649243197
528737.787215289,5648010.46939679,0.190884943178944,4849.35728175737
529237.787215289,5648010.46939679,0.179981622525565,4843.31167545197
529737.787215289,5648010.46939679,0.238626523415799,4873.21438940009
530237.787215289,5648010.46939679,0.150961309673497,4825.71993824739
480237.787215289,5648510.46939679,0.0304238961393135,4683.24568400248
480737.787215289,5648510.46939679,0.0304238961393135,4683.24568400248
481237.787215289,5648510.46939679,0.0304238961393135,4683.24568400248
481737.787215289,5648510.46939679,0.0304238961393135,4683.24568400248
482237.787215289,5648510.46939679,0.0304238961393135,4683.24568400248
482737.787215289,5648510.46939679,0.0304238961393135,4683.24568400248
483237.787215289,5648510.46939679,0.0352049311642286,4695.4716851065
483737.787215289,5648510.46939679,0.0352049311642286,4695.4716851065
484237.787215289,5648510.46939679,0.0352049311642286,4695.4716851065
484737.787215289,5648510.46939679,0.0396413353319042,4705.48474266807
485237.787215289,5648510.46939679,0.0396413353319042,4705.48474266807
485737.787215289,5648510.46939679,0.0477481530253837,4721.327620194
486237.787215289,5648510.46939679,0.0515030158371275,4727.82940666888
486737.787215289,5648510.46939679,0.0550969432661746,4733.65303734948
487237.787215289,5648510.46939679,0.0618792959910038,4743.74751635354
487737.787215289,5648510.46939679,0.0682143149189123,4752.29907199353
488237.787215289,5648510.46939679,0.0712402640588992,4756.13146250658
488737.787215289,5648510.46939679,0.0770478836456125,4763.09186751537
489237.787215289,5648510.46939679,0.0798419208535041,4766.27387658088
489737.787215289,5648510.46939679,0.0852356557120317,4772.14486226844
490237.787215289,5648510.46939679,0.0903973402450306,4777.46204662746
490737.787215289,5648510.46939679,0.0953536467265761,4782.32142479561
491237.787215289,5648510.46939679,0.100126245656772,4786.79598008351
491737.787215289,5648510.46939679,0.109189145731808,4794.80607133446
492237.787215289,5648510.46939679,0.117698370979219,4801.82307506073
492737.787215289,5648510.46939679,0.121772049325338,4805.03095871716
493237.787215289,5648510.46939679,0.133367011864724,4813.69299004443
493737.787215289,5648510.46939679,0.137045193870479,4816.31010566449
494237.787215289,5648510.46939679,0.142406135464596,4820.0231889282
494737.787215289,5648510.46939679,0.155887589377238,4828.88348247244
495237.787215289,5648510.46939679,0.155887589377238,4828.88348247244
495737.787215289,5648510.46939679,0.155887589377238,4828.88348247244
496237.787215289,5648510.46939679,0.155887589377238,4828.88348247244
496737.787215289,5648510.46939679,0.162237299771293,4832.84603598985
497237.787215289,5648510.46939679,0.166847714411858,4835.64739757805
497737.787215289,5648510.46939679,0.166847714411858,4835.64739757805
498237.787215289,5648510.46939679,0.177147408828393,4841.69500911152
498737.787215289,5648510.46939679,0.181381757378009,4844.10319509228
499237.787215289,5648510.46939679,0.190884943178944,4849.35728175737
499737.787215289,5648510.46939679,0.198647935479175,4853.50671687375
500237.787215289,5648510.46939679,0.203644682630134,4856.11513631612
500737.787215289,5648510.46939679,0.203644682630134,4856.11513631612
501237.787215289,5648510.46939679,0.307305096007326,4902.55865453335
501737.787215289,5648510.46939679,0.307305096007326,4902.55865453335
502237.787215289,5648510.46939679,0.190884943178944,4849.35728175737
502737.787215289,5648510.46939679,0.190884943178944,4849.35728175737
503237.787215289,5648510.46939679,0.190884943178944,4849.35728175737
503737.787215289,5648510.46939679,0.190884943178944,4849.35728175737
504237.787215289,5648510.46939679,0.203644682630134,4856.11513631612
504737.787215289,5648510.46939679,0.307305096007326,4902.55865453335
505237.787215289,5648510.46939679,0.307305096007326,4902.55865453335
505737.787215289,5648510.46939679,0.307305096007326,4902.55865453335
506237.787215289,5648510.46939679,0.307305096007326,4902.55865453335
506737.787215289,5648510.46939679,0.307305096007326,4902.55865453335
507237.787215289,5648510.46939679,0.307305096007326,4902.55865453335
507737.787215289,5648510.46939679,0.307305096007326,4902.55865453335
508237.787215289,5648510.46939679,0.307305096007326,4902.55865453335
508737.787215289,5648510.46939679,0.203644682630134,4856.11513631612
509237.787215289,5648510.46939679,0.307305096007326,4902.55865453335
509737.787215289,5648510.46939679,0.307305096007326,4902.55865453335
510237.787215289,5648510.46939679,0.203644682630134,4856.11513631612
510737.787215289,5648510.46939679,0.190884943178944,4849.35728175737
511237.787215289,5648510.46939679,0.190884943178944,4849.35728175737
511737.787215289,5648510.46939679,0.190884943178944,4849.35728175737
512237.787215289,5648510.46939679,0.190884943178944,4849.35728175737
512737.787215289,5648510.46939679,0.190884943178944,4849.35728175737
513237.787215289,5648510.46939679,0.194808143483786,4851.46951779249
513737.787215289,5648510.46939679,0.208508596078889,4858.61015747088
514237.787215289,5648510.46939679,0.221259859267649,4864.96042115906
514737.787215289,5648510.46939679,0.243430740052332,4875.42612292998
515237.787215289,5648510.46939679,0.265965391953691,4885.4410989812
515737.787215289,5648510.46939679,0.302226160878992,4900.52866021373
516237.787215289,5648510.46939679,0.328329073467375,4910.78148829194
516737.787215289,5648510.46939679,0.354729985391346,4920.75589246754
517237.787215289,5648510.46939679,0.508005886240932,4974.63884983595
517737.787215289,5648510.46939679,0.508005886240932,4974.63884983595
518237.787215289,5648510.46939679,0.508005886240932,4974.63884983595
518737.787215289,5648510.46939679,0.508005886240932,4974.63884983595
519237.787215289,5648510.46939679,0.360802369610381,4923.00331407789
519737.787215289,5648510.46939679,0.334653124349829,4913.20342496646
520237.787215289,5648510.46939679,0.323117263962999,4908.76846355788
520737.787215289,5648510.46939679,0.304419097658285,4901.40738286466
521237.787215289,5648510.46939679,0.310148985920393,4903.68752101852
521737.787215289,5648510.46939679,0.310148985920393,4903.68752101852
522237.787215289,5648510.46939679,0.298515468260401,4899.03383945655
522737.787215289,5648510.46939679,0.326391007888132,4910.03476858847
523237.787215289,5648510.46939679,0.451372294618646,4955.15347813421
523737.787215289,5648510.46939679,0.326391007888132,4910.03476858847
524237.787215289,5648510.46939679,0.30000827928995,4899.63641909937
524737.787215289,5648510.46939679,0.292427151622938,4896.55884346456
525237.787215289,5648510.46939679,0.267729407311648,4886.20223585991
525737.787215289,5648510.46939679,0.249317324331622,4878.09752440911
526237.787215289,5648510.46939679,0.230015409639212,4869.17464113205
526737.787215289,5648510.46939679,0.22786447283093,4868.14967627558
527237.787215289,5648510.46939679,0.221259859267649,4864.96042115906
527737.787215289,5648510.46939679,0.210893193277889,4859.81817154313
528237.787215289,5648510.46939679,0.198647935479175,4853.50671687375
528737.787215289,5648510.46939679,0.184149193605806,4845.65417241519
529237.787215289,5648510.46939679,0.172808042556193,4839.18103967451
529737.787215289,5648510.46939679,0.160672201504363,4831.88086186033
530237.787215289,5648510.46939679,0.144153779694943,4821.20899799479
479737.787215289,5649010.46939679,0.0352049311642286,4695.4716851065
480237.787215289,5649010.46939679,0.0352049311642286,4695.4716851065
480737.787215289,5649010.46939679,0.0352049311642286,4695.4716851065
481237.787215289,5649010.46939679,0.0304238961393135,4683.24568400248
481737.787215289,5649010.46939679,0.0304238961393135,4683.24568400248
482237.787215289,5649010.46939679,0.0304238961393135,4683.24568400248
482737.787215289,5649010.46939679,0.0352049311642286,4695.4716851065
483237.787215289,5649010.46939679,0.0396413353319042,4705.48474266807
483737.787215289,5649010.46939679,0.0396413353319042,4705.48474266807
484237.787215289,5649010.46939679,0.0438060039732846,4713.96731542414
484737.787215289,5649010.46939679,0.0438060039732846,4713.96731542414
485237.787215289,5649010.46939679,0.0438060039732846,4713.96731542414
485737.787215289,5649010.46939679,0.0438060039732846,4713.96731542414
486237.787215289,5649010.46939679,0.0477481530253837,4721.327620194
486737.787215289,5649010.46939679,0.0515030158371275,4727.82940666888
487237.787215289,5649010.46939679,0.0550969432661746,4733.65303734948
487737.787215289,5649010.46939679,0.0618792959910038,4743.74751635354
488237.787215289,5649010.46939679,0.0650970138296592,4748.1859801556
488737.787215289,5649010.46939679,0.0712402640588992,4756.13146250658
489237.787215289,5649010.46939679,0.0770478836456125,4763.09186751537
489737.787215289,5649010.46939679,0.0903973402450306,4777.46204662746
490237.787215289,5649010.46939679,0.102449388411146,4788.90720643577
490737.787215289,5649010.46939679,0.109189145731808,4794.80607133446
491237.787215289,5649010.46939679,0.111364712407748,4796.64336514201
491737.787215289,5649010.46939679,0.121772049325338,4805.03095871716
492237.787215289,5649010.46939679,0.135216937551355,4815.01658702522
492737.787215289,5649010.46939679,0.138852417274884,4817.57489037694
493237.787215289,5649010.46939679,0.152619774626411,4826.79405511161
493737.787215289,5649010.46939679,0.155887589377238,4828.88348247244
494237.787215289,5649010.46939679,0.162237299771293,4832.84603598985
494737.787215289,5649010.46939679,0.178570213027688,4842.50903484954
495237.787215289,5649010.46939679,0.178570213027688,4842.50903484954
495737.787215289,5649010.46939679,0.178570213027688,4842.50903484954
496237.787215289,5649010.46939679,0.178570213027688,4842.50903484954
496737.787215289,5649010.46939679,0.181381757378009,4844.10319509228
497237.787215289,5649010.46939679,0.190884943178944,4849.35728175737
497737.787215289,5649010.46939679,0.190884943178944,4849.35728175737
498237.787215289,5649010.46939679,0.198647935479175,4853.50671687375
498737.787215289,5649010.46939679,0.203644682630134,4856.11513631612
499237.787215289,5649010.46939679,0.307305096007326,4902.55865453335
499737.787215289,5649010.46939679,0.307305096007326,4902.55865453335
500237.787215289,5649010.46939679,0.307305096007326,4902.55865453335
500737.787215289,5649010.46939679,0.307305096007326,4902.55865453335
501237.787215289,5649010.46939679,0.307305096007326,4902.55865453335
501737.787215289,5649010.46939679,0.203644682630134,4856.11513631612
502237.787215289,5649010.46939679,0.307305096007326,4902.55865453335
502737.787215289,5649010.46939679,0.307305096007326,4902.55865453335
503237.787215289,5649010.46939679,0.307305096007326,4902.55865453335
503737.787215289,5649010.46939679,0.307305096007326,4902.55865453335
504237.787215289,5649010.46939679,0.307305096007326,4902.55865453335
504737.787215289,5649010.46939679,0.307305096007326,4902.55865453335
505237.787215289,5649010.46939679,0.307305096007326,4902.55865453335
505737.787215289,5649010.46939679,0.307305096007326,4902.55865453335
506237.787215289,5649010.46939679,0.307305096007326,4902.55865453335
506737.787215289,5649010.46939679,0.203644682630134,4856.11513631612
507237.787215289,5649010.46939679,0.307305096007326,4902.55865453335
507737.787215289,5649010.46939679,0.203644682630134,4856.11513631612
508237.787215289,5649010.46939679,0.203644682630134,4856.11513631612
508737.787215289,5649010.46939679,0.188221055557947,4847.9046198625
509237.787215289,5649010.46939679,0.190884943178944,4849.35728175737
509737.787215289,5649010.46939679,0.307305096007326,4902.55865453335
510237.787215289,5649010.46939679,0.307305096007326,4902.55865453335
510737.787215289,5649010.46939679,0.307305096007326,4902.55865453335
511237.787215289,5649010.46939679,0.307305096007326,4902.55865453335
511737.787215289,5649010.46939679,0.307305096007326,4902.55865453335
512237.787215289,5649010.46939679,0.307305096007326,4902.55865453335
512737.787215289,5649010.46939679,0.307305096007326,4902.55865453335
513237.787215289,5649010.46939679,0.307305096007326,4902.55865453335
513737.787215289,5649010.46939679,0.307305096007326,4902.55865453335
514237.787215289,5649010.46939679,0.307305096007326,4902.55865453335
514737.787215289,5649010.46939679,0.242431736072177,4874.96859233584
515237.787215289,5649010.46939679,0.265965391953691,4885.4410989812
515737.787215289,5649010.46939679,0.302226160878992,4900.52866021373
516237.787215289,5649010.46939679,0.328329073467375,4910.78148829194
516737.787215289,5649010.46939679,0.354729985391346,4920.75589246754
517237.787215289,5649010.46939679,0.508005886240932,4974.63884983595
517737.787215289,5649010.46939679,0.508005886240932,4974.63884983595
518237.787215289,5649010.46939679,0.508005886240932,4974.63884983595
518737.787215289,5649010.46939679,0.377944765446883,4929.26768997754
519237.787215289,5649010.46939679,0.341979399799068,4915.98242857609
519737.787215289,5649010.46939679,0.323117263962999,4908.76846355788
520237.787215289,5649010.46939679,0.30075038244981,4899.93536169762
520737.787215289,5649010.46939679,0.321126284897789,4907.99522547319
521237.787215289,5649010.46939679,0.326391007888132,4910.03476858847
521737.787215289,5649010.46939679,0.326391007888132,4910.03476858847
522237.787215289,5649010.46939679,0.321126284897789,4907.99522547319
522737.787215289,5649010.46939679,0.451372294618646,4955.15347813421
523237.787215289,5649010.46939679,0.451372294618646,4955.15347813421
523737.787215289,5649010.46939679,0.302226160878992,4900.52866021373
524237.787215289,5649010.46939679,0.282108233105312,4892.2966099126
524737.787215289,5649010.46939679,0.270345667691848,4887.3254845476
525237.787215289,5649010.46939679,0.25123990926248,4878.96116173272
525737.787215289,5649010.46939679,0.235288062351894,4871.66000576993
526237.787215289,5649010.46939679,0.208508596078889,4858.61015747088
526737.787215289,5649010.46939679,0.207304637508709,4857.99649243197
527237.787215289,5649010.46939679,0.202408260311013,4855.47405872145
527737.787215289,5649010.46939679,0.193509897065808,4850.77405701299
528237.787215289,5649010.46939679,0.181381757378009,4844.10319509228
528737.787215289,5649010.46939679,0.169853654171881,4837.44150704737
529237.787215289,5649010.46939679,0.160672201504363,4831.88086186033
529737.787215289,5649010.46939679,0.238626523415799,4873.21438940009
530237.787215289,5649010.46939679,0.135216937551355,4815.01658702522
479737.787215289,5649510.46939679,0.0352049311642286,4695.4716851065
480237.787215289,5649510.46939679,0.0352049311642286,4695.4716851065
480737.787215289,5649510.46939679,0.0352049311642286,4695.4716851065
481237.787215289,5649510.46939679,0.0304238961393135,4683.24568400248
481737.787215289,5649510.46939679,0.0304238961393135,4683.24568400248
482237.787215289,5649510.46939679,0.0352049311642286,4695.4716851065
482737.787215289,5649510.46939679,0.0352049311642286,4695.4716851065
483237.787215289,5649510.46939679,0.0396413353319042,4705.48474266807
483737.787215289,5649510.46939679,0.0438060039732846,4713.96731542414
484237.787215289,5649510.46939679,0.0438060039732846,4713.96731542414
484737.787215289,5649510.46939679,0.0477481530253837,4721.327620194
485237.787215289,5649510.46939679,0.0477481530253837,4721.327620194
485737.787215289,5649510.46939679,0.0477481530253837,4721.327620194
486237.787215289,5649510.46939679,0.0477481530253837,4721.327620194
486737.787215289,5649510.46939679,0.0515030158371275,4727.82940666888
487237.787215289,5649510.46939679,0.0550969432661746,4733.65303734948
487737.787215289,5649510.46939679,0.0618792959910038,4743.74751635354
488237.787215289,5649510.46939679,0.0682143149189123,4752.29907199353
488737.787215289,5649510.46939679,0.0741825791714757,4759.71922065725
489237.787215289,5649510.46939679,0.238626523415799,4873.21438940009
489737.787215289,5649510.46939679,0.238626523415799,4873.21438940009
490237.787215289,5649510.46939679,0.109189145731808,4794.80607133446
490737.787215289,5649510.46939679,0.117698370979219,4801.82307506073
491237.787215289,5649510.46939679,0.117698370979219,4801.82307506073
491737.787215289,5649510.46939679,0.129599424905885,4810.94968448017
492237.787215289,5649510.46939679,0.145882615295986,4822.37062298577
492737.787215289,5649510.46939679,0.147593188332337,4823.50906746423
493237.787215289,5649510.46939679,0.162237299771293,4832.84603598985
493737.787215289,5649510.46939679,0.166847714411858,4835.64739757805
494237.787215289,5649510.46939679,0.17133717362154,4838.31789368126
494737.787215289,5649510.46939679,0.190884943178944,4849.35728175737
495237.787215289,5649510.46939679,0.190884943178944,4849.35728175737
495737.787215289,5649510.46939679,0.190884943178944,4849.35728175737
496237.787215289,5649510.46939679,0.190884943178944,4849.35728175737
496737.787215289,5649510.46939679,0.190884943178944,4849.35728175737
497237.787215289,5649510.46939679,0.203644682630134,4856.11513631612
497737.787215289,5649510.46939679,0.203644682630134,4856.11513631612
498237.787215289,5649510.46939679,0.203644682630134,4856.11513631612
498737.787215289,5649510.46939679,0.307305096007326,4902.55865453335
499237.787215289,5649510.46939679,0.307305096007326,4902.55865453335
499737.787215289,5649510.46939679,0.307305096007326,4902.55865453335
500237.787215289,5649510.46939679,0.307305096007326,4902.55865453335
500737.787215289,5649510.46939679,0.307305096007326,4902.55865453335
501237.787215289,5649510.46939679,0.307305096007326,4902.55865453335
501737.787215289,5649510.46939679,0.307305096007326,4902.55865453335
502237.787215289,5649510.46939679,0.307305096007326,4902.55865453335
502737.787215289,5649510.46939679,0.307305096007326,4902.55865453335
503237.787215289,5649510.46939679,0.307305096007326,4902.55865453335
503737.787215289,5649510.46939679,0.307305096007326,4902.55865453335
504237.787215289,5649510.46939679,0.307305096007326,4902.55865453335
504737.787215289,5649510.46939679,0.307305096007326,4902.55865453335
505237.787215289,5649510.46939679,0.307305096007326,4902.55865453335
505737.787215289,5649510.46939679,0.307305096007326,4902.55865453335
506237.787215289,5649510.46939679,0.203644682630134,4856.11513631612
506737.787215289,5649510.46939679,0.198647935479175,4853.50671687375
507237.787215289,5649510.46939679,0.203644682630134,4856.11513631612
507737.787215289,5649510.46939679,0.198647935479175,4853.50671687375
508237.787215289,5649510.46939679,0.190884943178944,4849.35728175737
508737.787215289,5649510.46939679,0.181381757378009,4844.10319509228
509237.787215289,5649510.46939679,0.178570213027688,4842.50903484954
509737.787215289,5649510.46939679,0.203644682630134,4856.11513631612
510237.787215289,5649510.46939679,0.307305096007326,4902.55865453335
510737.787215289,5649510.46939679,0.307305096007326,4902.55865453335
511237.787215289,5649510.46939679,0.307305096007326,4902.55865453335
511737.787215289,5649510.46939679,0.307305096007326,4902.55865453335
512237.787215289,5649510.46939679,0.307305096007326,4902.55865453335
512737.787215289,5649510.46939679,0.307305096007326,4902.55865453335
513237.787215289,5649510.46939679,0.307305096007326,4902.55865453335
513737.787215289,5649510.46939679,0.307305096007326,4902.55865453335
514237.787215289,5649510.46939679,0.307305096007326,4902.55865453335
514737.787215289,5649510.46939679,0.241427491878895,4874.50741127501
515237.787215289,5649510.46939679,0.264185110629996,4884.66979376984
515737.787215289,5649510.46939679,0.30000827928995,4899.63641909937
516237.787215289,5649510.46939679,0.32508814367827,4909.5315662665
516737.787215289,5649510.46939679,0.350190260319063,4919.06508682073
517237.787215289,5649510.46939679,0.508005886240932,4974.63884983595
517737.787215289,5649510.46939679,0.508005886240932,4974.63884983595
518237.787215289,5649510.46939679,0.508005886240932,4974.63884983595
518737.787215289,5649510.46939679,0.377944765446883,4929.26768997754
519237.787215289,5649510.46939679,0.332777406930651,4912.48737329806
519737.787215289,5649510.46939679,0.314338363753335,4905.34062853485
520237.787215289,5649510.46939679,0.298515468260401,4899.03383945655
520737.787215289,5649510.46939679,0.326391007888132,4910.03476858847
521237.787215289,5649510.46939679,0.451372294618646,4955.15347813421
521737.787215289,5649510.46939679,0.451372294618646,4955.15347813421
522237.787215289,5649510.46939679,0.326391007888132,4910.03476858847
522737.787215289,5649510.46939679,0.451372294618646,4955.15347813421
523237.787215289,5649510.46939679,0.451372294618646,4955.15347813421
523737.787215289,5649510.46939679,0.30000827928995,4899.63641909937
524237.787215289,5649510.46939679,0.275474422164073,4889.50852206093
524737.787215289,5649510.46939679,0.259661135771656,4882.69519248808
525237.787215289,5649510.46939679,0.242431736072177,4874.96859233584
525737.787215289,5649510.46939679,0.22786447283093,4868.14967627558
526237.787215289,5649510.46939679,0.198647935479175,4853.50671687375
526737.787215289,5649510.46939679,0.197377006695931,4852.83564843817
527237.787215289,5649510.46939679,0.193509897065808,4850.77405701299
527737.787215289,5649510.46939679,0.184149193605806,4845.65417241519
528237.787215289,5649510.46939679,0.174266562379123,4840.03136932925
528737.787215289,5649510.46939679,0.162237299771293,4832.84603598985
529237.787215289,5649510.46939679,0.238626523415799,4873.21438940009
529737.787215289,5649510.46939679,0.144153779694943,4821.20899799479
530237.787215289,5649510.46939679,0.238626523415799,4873.21438940009
479237.787215289,5650010.46939679,0.0477481530253837,4721.327620194
479737.787215289,5650010.46939679,0.0477481530253837,4721.327620194
480237.787215289,5650010.46939679,0.0438060039732846,4713.96731542414
480737.787215289,5650010.46939679,0.0438060039732846,4713.96731542414
481237.787215289,5650010.46939679,0.0396413353319042,4705.48474266807
481737.787215289,5650010.46939679,0.0352049311642286,4695.4716851065
482237.787215289,5650010.46939679,0.0396413353319042,4705.48474266807
482737.787215289,5650010.46939679,0.238626523415799,4873.21438940009
483237.787215289,5650010.46939679,0.0515030158371275,4727.82940666888
483737.787215289,5650010.46939679,0.0550969432661746,4733.65303734948
484237.787215289,5650010.46939679,0.0550969432661746,4733.65303734948
484737.787215289,5650010.46939679,0.0585503127804965,4738.92733362875
485237.787215289,5650010.46939679,0.0585503127804965,4738.92733362875
485737.787215289,5650010.46939679,0.0585503127804965,4738.92733362875
486237.787215289,5650010.46939679,0.0585503127804965,4738.92733362875
486737.787215289,5650010.46939679,0.0618792959910038,4743.74751635354
487237.787215289,5650010.46939679,0.0650970138296592,4748.1859801556
487737.787215289,5650010.46939679,0.0712402640588992,4756.13146250658
488237.787215289,5650010.46939679,0.0798419208535041,4766.27387658088
488737.787215289,5650010.46939679,0.0852356557120317,4772.14486226844
489237.787215289,5650010.46939679,0.0953536467265761,4782.32142479561
489737.787215289,5650010.46939679,0.111364712407748,4796.64336514201
490237.787215289,5650010.46939679,0.129599424905885,4810.94968448017
490737.787215289,5650010.46939679,0.142406135464596,4820.0231889282
491237.787215289,5650010.46939679,0.145882615295986,4822.37062298577
491737.787215289,5650010.46939679,0.149285929551669,4824.6252153441
492237.787215289,5650010.46939679,0.177147408828393,4841.69500911152
492737.787215289,5650010.46939679,0.178570213027688,4842.50903484954
493237.787215289,5650010.46939679,0.190884943178944,4849.35728175737
493737.787215289,5650010.46939679,0.203644682630134,4856.11513631612
494237.787215289,5650010.46939679,0.206092735540719,4857.37619354013
494737.787215289,5650010.46939679,0.238626523415799,4873.21438940009
495237.787215289,5650010.46939679,0.238626523415799,4873.21438940009
495737.787215289,5650010.46939679,0.307305096007326,4902.55865453335
496237.787215289,5650010.46939679,0.307305096007326,4902.55865453335
496737.787215289,5650010.46939679,0.307305096007326,4902.55865453335
497237.787215289,5650010.46939679,0.307305096007326,4902.55865453335
497737.787215289,5650010.46939679,0.307305096007326,4902.55865453335
498237.787215289,5650010.46939679,0.307305096007326,4902.55865453335
498737.787215289,5650010.46939679,0.307305096007326,4902.55865453335
499237.787215289,5650010.46939679,0.307305096007326,4902.55865453335
499737.787215289,5650010.46939679,0.203644682630134,4856.11513631612
500237.787215289,5650010.46939679,0.307305096007326,4902.55865453335
500737.787215289,5650010.46939679,0.203644682630134,4856.11513631612
501237.787215289,5650010.46939679,0.308732282660222,4903.12585526009
501737.787215289,5650010.46939679,0.203644682630134,4856.11513631612
502237.787215289,5650010.46939679,0.198647935479175,4853.50671687375
502737.787215289,5650010.46939679,0.190884943178944,4849.35728175737
503237.787215289,5650010.46939679,0.190884943178944,4849.35728175737
503737.787215289,5650010.46939679,0.190884943178944,4849.35728175737
504237.787215289,5650010.46939679,0.203644682630134,4856.11513631612
504737.787215289,5650010.46939679,0.203644682630134,4856.11513631612
505237.787215289,5650010.46939679,0.307305096007326,4902.55865453335
505737.787215289,5650010.46939679,0.203644682630134,4856.11513631612
506237.787215289,5650010.46939679,0.177147408828393,4841.69500911152
506737.787215289,5650010.46939679,0.165324723549297,4834.72877437842
507237.787215289,5650010.46939679,0.166847714411858,4835.64739757805
507737.787215289,5650010.46939679,0.165324723549297,4834.72877437842
508237.787215289,5650010.46939679,0.155887589377238,4828.88348247244
508737.787215289,5650010.46939679,0.152619774626411,4826.79405511161
509237.787215289,5650010.46939679,0.155887589377238,4828.88348247244
509737.787215289,5650010.46939679,0.177147408828393,4841.69500911152
510237.787215289,5650010.46939679,0.190884943178944,4849.35728175737
510737.787215289,5650010.46939679,0.190884943178944,4849.35728175737
511237.787215289,5650010.46939679,0.190884943178944,4849.35728175737
511737.787215289,5650010.46939679,0.190884943178944,4849.35728175737
512237.787215289,5650010.46939679,0.190884943178944,4849.35728175737
512737.787215289,5650010.46939679,0.190884943178944,4849.35728175737
513237.787215289,5650010.46939679,0.190884943178944,4849.35728175737
513737.787215289,5650010.46939679,0.190884943178944,4849.35728175737
514237.787215289,5650010.46939679,0.194808143483786,4851.46951779249
514737.787215289,5650010.46939679,0.307305096007326,4902.55865453335
515237.787215289,5650010.46939679,0.307305096007326,4902.55865453335
515737.787215289,5650010.46939679,0.307305096007326,4902.55865453335
516237.787215289,5650010.46939679,0.307305096007326,4902.55865453335
516737.787215289,5650010.46939679,0.330248040936831,4911.51874429858
517237.787215289,5650010.46939679,0.377944765446883,4929.26768997754
517737.787215289,5650010.46939679,0.508005886240932,4974.63884983595
518237.787215289,5650010.46939679,0.377944765446883,4929.26768997754
518737.787215289,5650010.46939679,0.360802369610381,4923.00331407789
519237.787215289,5650010.46939679,0.312254969260653,4904.51997554368
519737.787215289,5650010.46939679,0.289310078201249,4895.28052274906
520237.787215289,5650010.46939679,0.292427151622938,4896.55884346456
520737.787215289,5650010.46939679,0.321126284897789,4907.99522547319
521237.787215289,5650010.46939679,0.451372294618646,4955.15347813421
521737.787215289,5650010.46939679,0.451372294618646,4955.15347813421
522237.787215289,5650010.46939679,0.451372294618646,4955.15347813421
522737.787215289,5650010.46939679,0.451372294618646,4955.15347813421
523237.787215289,5650010.46939679,0.321126284897789,4907.99522547319
523737.787215289,5650010.46939679,0.284538634095151,4893.30844766116
524237.787215289,5650010.46939679,0.270345667691848,4887.3254845476
524737.787215289,5650010.46939679,0.248348738851505,4877.66080364877
525237.787215289,5650010.46939679,0.224591184783008,4866.57712867393
525737.787215289,5650010.46939679,0.213247394857205,4861.00129953139
526237.787215289,5650010.46939679,0.185516862312438,4846.41418676895
526737.787215289,5650010.46939679,0.179981622525565,4843.31167545197
527237.787215289,5650010.46939679,0.523421783096206,4979.94726194209
527737.787215289,5650010.46939679,0.166847714411858,4835.64739757805
528237.787215289,5650010.46939679,0.159092456194012,4830.89911277944
528737.787215289,5650010.46939679,0.147593188332337,4823.50906746423
529237.787215289,5650010.46939679,0.238626523415799,4873.21438940009
529737.787215289,5650010.46939679,0.133367011864724,4813.69299004443
530237.787215289,5650010.46939679,0.119749350536903,4803.44967025295
479237.787215289,5650510.46939679,0.0515030158371275,4727.82940666888
479737.787215289,5650510.46939679,0.0515030158371275,4727.82940666888
480237.787215289,5650510.46939679,0.0477481530253837,4721.327620194
480737.787215289,5650510.46939679,0.0477481530253837,4721.327620194
481237.787215289,5650510.46939679,0.0438060039732846,4713.96731542414
481737.787215289,5650510.46939679,0.0396413353319042,4705.48474266807
482237.787215289,5650510.46939679,0.0438060039732846,4713.96731542414
482737.787215289,5650510.46939679,0.0477481530253837,4721.327620194
483237.787215289,5650510.46939679,0.0515030158371275,4727.82940666888
483737.787215289,5650510.46939679,0.0585503127804965,4738.92733362875
484237.787215289,5650510.46939679,0.0585503127804965,4738.92733362875
484737.787215289,5650510.46939679,0.0618792959910038,4743.74751635354
485237.787215289,5650510.46939679,0.0618792959910038,4743.74751635354
485737.787215289,5650510.46939679,0.0618792959910038,4743.74751635354
486237.787215289,5650510.46939679,0.0618792959910038,4743.74751635354
486737.787215289,5650510.46939679,0.0650970138296592,4748.1859801556
487237.787215289,5650510.46939679,0.0712402640588992,4756.13146250658
487737.787215289,5650510.46939679,0.0770478836456125,4763.09186751537
488237.787215289,5650510.46939679,0.0852356557120317,4772.14486226844
488737.787215289,5650510.46939679,0.0928997088112431,4779.94395285771
489237.787215289,5650510.46939679,0.100126245656772,4786.79598008351
489737.787215289,5650510.46939679,0.117698370979219,4801.82307506073
490237.787215289,5650510.46939679,0.135216937551355,4815.01658702522
490737.787215289,5650510.46939679,0.152619774626411,4826.79405511161
491237.787215289,5650510.46939679,0.155887589377238,4828.88348247244
491737.787215289,5650510.46939679,0.155887589377238,4828.88348247244
492237.787215289,5650510.46939679,0.188221055557947,4847.9046198625
492737.787215289,5650510.46939679,0.190884943178944,4849.35728175737
493237.787215289,5650510.46939679,0.203644682630134,4856.11513631612
493737.787215289,5650510.46939679,0.307305096007326,4902.55865453335
494237.787215289,5650510.46939679,0.30801998330313,4902.84294323281
494737.787215289,5650510.46939679,0.310853496776716,4903.9663289126
495237.787215289,5650510.46939679,0.308732282660222,4903.12585526009
495737.787215289,5650510.46939679,0.307305096007326,4902.55865453335
496237.787215289,5650510.46939679,0.307305096007326,4902.55865453335
496737.787215289,5650510.46939679,0.307305096007326,4902.55865453335
497237.787215289,5650510.46939679,0.307305096007326,4902.55865453335
497737.787215289,5650510.46939679,0.203644682630134,4856.11513631612
498237.787215289,5650510.46939679,0.203644682630134,4856.11513631612
498737.787215289,5650510.46939679,0.203644682630134,4856.11513631612
499237.787215289,5650510.46939679,0.203644682630134,4856.11513631612
499737.787215289,5650510.46939679,0.198647935479175,4853.50671687375
500237.787215289,5650510.46939679,0.307305096007326,4902.55865453335
500737.787215289,5650510.46939679,0.307305096007326,4902.55865453335
501237.787215289,5650510.46939679,0.238626523415799,4873.21438940009
501737.787215289,5650510.46939679,0.307305096007326,4902.55865453335
502237.787215289,5650510.46939679,0.198647935479175,4853.50671687375
502737.787215289,5650510.46939679,0.178570213027688,4842.50903484954
503237.787215289,5650510.46939679,0.178570213027688,4842.50903484954
503737.787215289,5650510.46939679,0.181381757378009,4844.10319509228
504237.787215289,5650510.46939679,0.190884943178944,4849.35728175737
504737.787215289,5650510.46939679,0.190884943178944,4849.35728175737
505237.787215289,5650510.46939679,0.203644682630134,4856.11513631612
505737.787215289,5650510.46939679,0.198647935479175,4853.50671687375
506237.787215289,5650510.46939679,0.17133717362154,4838.31789368126
506737.787215289,5650510.46939679,0.155887589377238,4828.88348247244
507237.787215289,5650510.46939679,0.155887589377238,4828.88348247244
507737.787215289,5650510.46939679,0.155887589377238,4828.88348247244
508237.787215289,5650510.46939679,0.145882615295986,4822.37062298577
508737.787215289,5650510.46939679,0.142406135464596,4820.0231889282
509237.787215289,5650510.46939679,0.149285929551669,4824.6252153441
509737.787215289,5650510.46939679,0.165324723549297,4834.72877437842
510237.787215289,5650510.46939679,0.178570213027688,4842.50903484954
510737.787215289,5650510.46939679,0.178570213027688,4842.50903484954
511237.787215289,5650510.46939679,0.178570213027688,4842.50903484954
511737.787215289,5650510.46939679,0.178570213027688,4842.50903484954
512237.787215289,5650510.46939679,0.178570213027688,4842.50903484954
512737.787215289,5650510.46939679,0.178570213027688,4842.50903484954
513237.787215289,5650510.46939679,0.178570213027688,4842.50903484954
513737.787215289,5650510.46939679,0.178570213027688,4842.50903484954
514237.787215289,5650510.46939679,0.190884943178944,4849.35728175737
514737.787215289,5650510.46939679,0.228943032111607,4868.66445090253
515237.787215289,5650510.46939679,0.307305096007326,4902.55865453335
515737.787215289,5650510.46939679,0.307305096007326,4902.55865453335
516237.787215289,5650510.46939679,0.308732282660222,4903.12585526009
516737.787215289,5650510.46939679,0.334653124349829,4913.20342496646
517237.787215289,5650510.46939679,0.377944765446883,4929.26768997754
517737.787215289,5650510.46939679,0.508005886240932,4974.63884983595
518237.787215289,5650510.46939679,0.377944765446883,4929.26768997754
518737.787215289,5650510.46939679,0.352473461712511,4919.91662545167
519237.787215289,5650510.46939679,0.305867484016065,4901.98589346368
519737.787215289,5650510.46939679,0.283731884078207,4892.97313515893
520237.787215289,5650510.46939679,0.292427151622938,4896.55884346456
520737.787215289,5650510.46939679,0.310148985920393,4903.68752101852
521237.787215289,5650510.46939679,0.326391007888132,4910.03476858847
521737.787215289,5650510.46939679,0.451372294618646,4955.15347813421
522237.787215289,5650510.46939679,0.326391007888132,4910.03476858847
522737.787215289,5650510.46939679,0.326391007888132,4910.03476858847
523237.787215289,5650510.46939679,0.310148985920393,4903.68752101852
523737.787215289,5650510.46939679,0.275474422164073,4889.50852206093
524237.787215289,5650510.46939679,0.258743450804885,4882.29203371565
524737.787215289,5650510.46939679,0.24041790202788,4874.04249932736
525237.787215289,5650510.46939679,0.210893193277889,4859.81817154313
525737.787215289,5650510.46939679,0.197377006695931,4852.83564843817
526237.787215289,5650510.46939679,0.172808042556193,4839.18103967451
526737.787215289,5650510.46939679,0.162237299771293,4832.84603598985
527237.787215289,5650510.46939679,0.159092456194012,4830.89911277944
527737.787215289,5650510.46939679,0.150961309673497,4825.71993824739
528237.787215289,5650510.46939679,0.144153779694943,4821.20899799479
528737.787215289,5650510.46939679,0.135216937551355,4815.01658702522
529237.787215289,5650510.46939679,0.129599424905885,4810.94968448017
529737.787215289,5650510.46939679,0.238626523415799,4873.21438940009
530237.787215289,5650510.46939679,0.111364712407748,4796.64336514201
479237.787215289,5651010.46939679,0.0585503127804965,4738.92733362875
479737.787215289,5651010.46939679,0.0585503127804965,4738.92733362875
480237.787215289,5651010.46939679,0.0550969432661746,4733.65303734948
480737.787215289,5651010.46939679,0.0550969432661746,4733.65303734948
481237.787215289,5651010.46939679,0.0477481530253837,4721.327620194
481737.787215289,5651010.46939679,0.0477481530253837,4721.327620194
482237.787215289,5651010.46939679,0.0477481530253837,4721.327620194
482737.787215289,5651010.46939679,0.0550969432661746,4733.65303734948
483237.787215289,5651010.46939679,0.238626523415799,4873.21438940009
483737.787215289,5651010.46939679,0.0650970138296592,4748.1859801556
484237.787215289,5651010.46939679,0.0682143149189123,4752.29907199353
484737.787215289,5651010.46939679,0.0712402640588992,4756.13146250658
485237.787215289,5651010.46939679,0.0712402640588992,4756.13146250658
485737.787215289,5651010.46939679,0.0712402640588992,4756.13146250658
486237.787215289,5651010.46939679,0.0712402640588992,4756.13146250658
486737.787215289,5651010.46939679,0.0770478836456125,4763.09186751537
487237.787215289,5651010.46939679,0.0798419208535041,4766.27387658088
487737.787215289,5651010.46939679,0.0852356557120317,4772.14486226844
488237.787215289,5651010.46939679,0.0977617182894351,4784.60294204716
488737.787215289,5651010.46939679,0.104733074980408,4790.94251763655
489237.787215289,5651010.46939679,0.111364712407748,4796.64336514201
489737.787215289,5651010.46939679,0.129599424905885,4810.94968448017
490237.787215289,5651010.46939679,0.149285929551669,4824.6252153441
490737.787215289,5651010.46939679,0.17133717362154,4838.31789368126
491237.787215289,5651010.46939679,0.178570213027688,4842.50903484954
491737.787215289,5651010.46939679,0.178570213027688,4842.50903484954
492237.787215289,5651010.46939679,0.203644682630134,4856.11513631612
492737.787215289,5651010.46939679,0.307305096007326,4902.55865453335
493237.787215289,5651010.46939679,0.307305096007326,4902.55865453335
493737.787215289,5651010.46939679,0.307305096007326,4902.55865453335
494237.787215289,5651010.46939679,0.307305096007326,4902.55865453335
494737.787215289,5651010.46939679,0.203644682630134,4856.11513631612
495237.787215289,5651010.46939679,0.190884943178944,4849.35728175737
495737.787215289,5651010.46939679,0.190884943178944,4849.35728175737
496237.787215289,5651010.46939679,0.190884943178944,4849.35728175737
496737.787215289,5651010.46939679,0.190884943178944,4849.35728175737
497237.787215289,5651010.46939679,0.190884943178944,4849.35728175737
497737.787215289,5651010.46939679,0.178570213027688,4842.50903484954
498237.787215289,5651010.46939679,0.178570213027688,4842.50903484954
498737.787215289,5651010.46939679,0.178570213027688,4842.50903484954
499237.787215289,5651010.46939679,0.188221055557947,4847.9046198625
499737.787215289,5651010.46939679,0.203644682630134,4856.11513631612
500237.787215289,5651010.46939679,0.203644682630134,4856.11513631612
500737.787215289,5651010.46939679,0.307305096007326,4902.55865453335
501237.787215289,5651010.46939679,0.238626523415799,4873.21438940009
501737.787215289,5651010.46939679,0.238626523415799,4873.21438940009
502237.787215289,5651010.46939679,0.308732282660222,4903.12585526009
502737.787215289,5651010.46939679,0.188221055557947,4847.9046198625
503237.787215289,5651010.46939679,0.17133717362154,4838.31789368126
503737.787215289,5651010.46939679,0.162237299771293,4832.84603598985
504237.787215289,5651010.46939679,0.166847714411858,4835.64739757805
504737.787215289,5651010.46939679,0.166847714411858,4835.64739757805
505237.787215289,5651010.46939679,0.178570213027688,4842.50903484954
505737.787215289,5651010.46939679,0.177147408828393,4841.69500911152
506237.787215289,5651010.46939679,0.155887589377238,4828.88348247244
506737.787215289,5651010.46939679,0.142406135464596,4820.0231889282
507237.787215289,5651010.46939679,0.137045193870479,4816.31010566449
507737.787215289,5651010.46939679,0.135216937551355,4815.01658702522
508237.787215289,5651010.46939679,0.127680305801758,4809.52676206766
508737.787215289,5651010.46939679,0.125736608457139,4808.06732080645
509237.787215289,5651010.46939679,0.135216937551355,4815.01658702522
509737.787215289,5651010.46939679,0.147593188332337,4823.50906746423
510237.787215289,5651010.46939679,0.155887589377238,4828.88348247244
510737.787215289,5651010.46939679,0.155887589377238,4828.88348247244
511237.787215289,5651010.46939679,0.155887589377238,4828.88348247244
511737.787215289,5651010.46939679,0.155887589377238,4828.88348247244
512237.787215289,5651010.46939679,0.155887589377238,4828.88348247244
512737.787215289,5651010.46939679,0.155887589377238,4828.88348247244
513237.787215289,5651010.46939679,0.159092456194012,4830.89911277944
513737.787215289,5651010.46939679,0.175712918185514,4840.86922644503
514237.787215289,5651010.46939679,0.193509897065808,4850.77405701299
514737.787215289,5651010.46939679,0.233196605687656,4870.67869500842
515237.787215289,5651010.46939679,0.255028321394675,4880.65063639141
515737.787215289,5651010.46939679,0.289310078201249,4895.28052274906
516237.787215289,5651010.46939679,0.312254969260653,4904.51997554368
516737.787215289,5651010.46939679,0.336510826507556,4913.91073826268
517237.787215289,5651010.46939679,0.508005886240932,4974.63884983595
517737.787215289,5651010.46939679,0.508005886240932,4974.63884983595
518237.787215289,5651010.46939679,0.364035489168648,4924.19356686123
518737.787215289,5651010.46939679,0.341979399799068,4915.98242857609
519237.787215289,5651010.46939679,0.293967187528718,4897.18758382535
519737.787215289,5651010.46939679,0.272927025731657,4888.4273124062
520237.787215289,5651010.46939679,0.275474422164073,4889.50852206093
520737.787215289,5651010.46939679,0.292427151622938,4896.55884346456
521237.787215289,5651010.46939679,0.30000827928995,4899.63641909937
521737.787215289,5651010.46939679,0.312951901558429,4904.79481382904
522237.787215289,5651010.46939679,0.302226160878992,4900.52866021373
522737.787215289,5651010.46939679,0.30000827928995,4899.63641909937
523237.787215289,5651010.46939679,0.292427151622938,4896.55884346456
523737.787215289,5651010.46939679,0.258743450804885,4882.29203371565
524237.787215289,5651010.46939679,0.25123990926248,4878.96116173272
524737.787215289,5651010.46939679,0.234245196487586,4871.17142893327
525237.787215289,5651010.46939679,0.207304637508709,4857.99649243197
525737.787215289,5651010.46939679,0.189557984174279,4848.6355696933
526237.787215289,5651010.46939679,0.166847714411858,4835.64739757805
526737.787215289,5651010.46939679,0.155887589377238,4828.88348247244
527237.787215289,5651010.46939679,0.150961309673497,4825.71993824739
527737.787215289,5651010.46939679,0.144153779694943,4821.20899799479
528237.787215289,5651010.46939679,0.137045193870479,4816.31010566449
528737.787215289,5651010.46939679,0.129599424905885,4810.94968448017
529237.787215289,5651010.46939679,0.238626523415799,4873.21438940009
529737.787215289,5651010.46939679,0.238626523415799,4873.21438940009
530237.787215289,5651010.46939679,0.238626523415799,4873.21438940009
479237.787215289,5651510.46939679,0.0618792959910038,4743.74751635354
479737.787215289,5651510.46939679,0.0618792959910038,4743.74751635354
480237.787215289,5651510.46939679,0.0585503127804965,4738.92733362875
480737.787215289,5651510.46939679,0.0585503127804965,4738.92733362875
481237.787215289,5651510.46939679,0.0515030158371275,4727.82940666888
481737.787215289,5651510.46939679,0.0477481530253837,4721.327620194
482237.787215289,5651510.46939679,0.0515030158371275,4727.82940666888
482737.787215289,5651510.46939679,0.0550969432661746,4733.65303734948
483237.787215289,5651510.46939679,0.0650970138296592,4748.1859801556
483737.787215289,5651510.46939679,0.0712402640588992,4756.13146250658
484237.787215289,5651510.46939679,0.0741825791714757,4759.71922065725
484737.787215289,5651510.46939679,0.0770478836456125,4763.09186751537
485237.787215289,5651510.46939679,0.0770478836456125,4763.09186751537
485737.787215289,5651510.46939679,0.0770478836456125,4763.09186751537
486237.787215289,5651510.46939679,0.0770478836456125,4763.09186751537
486737.787215289,5651510.46939679,0.0798419208535041,4766.27387658088
487237.787215289,5651510.46939679,0.0878437035976753,4774.86604049991
487737.787215289,5651510.46939679,0.0928997088112431,4779.94395285771
488237.787215289,5651510.46939679,0.104733074980408,4790.94251763655
488737.787215289,5651510.46939679,0.111364712407748,4796.64336514201
489237.787215289,5651510.46939679,0.119749350536903,4803.44967025295
489737.787215289,5651510.46939679,0.135216937551355,4815.01658702522
490237.787215289,5651510.46939679,0.155887589377238,4828.88348247244
490737.787215289,5651510.46939679,0.181381757378009,4844.10319509228
491237.787215289,5651510.46939679,0.190884943178944,4849.35728175737
491737.787215289,5651510.46939679,0.190884943178944,4849.35728175737
492237.787215289,5651510.46939679,0.308732282660222,4903.12585526009
492737.787215289,5651510.46939679,0.307305096007326,4902.55865453335
493237.787215289,5651510.46939679,0.307305096007326,4902.55865453335
493737.787215289,5651510.46939679,0.307305096007326,4902.55865453335
494237.787215289,5651510.46939679,0.203644682630134,4856.11513631612
494737.787215289,5651510.46939679,0.190884943178944,4849.35728175737
495237.787215289,5651510.46939679,0.181381757378009,4844.10319509228
495737.787215289,5651510.46939679,0.178570213027688,4842.50903484954
496237.787215289,5651510.46939679,0.178570213027688,4842.50903484954
496737.787215289,5651510.46939679,0.178570213027688,4842.50903484954
497237.787215289,5651510.46939679,0.178570213027688,4842.50903484954
497737.787215289,5651510.46939679,0.166847714411858,4835.64739757805
498237.787215289,5651510.46939679,0.166847714411858,4835.64739757805
498737.787215289,5651510.46939679,0.166847714411858,4835.64739757805
499237.787215289,5651510.46939679,0.198647935479175,4853.50671687375
499737.787215289,5651510.46939679,0.307305096007326,4902.55865453335
500237.787215289,5651510.46939679,0.203644682630134,4856.11513631612
500737.787215289,5651510.46939679,0.307305096007326,4902.55865453335
501237.787215289,5651510.46939679,0.309441909482252,4903.40736305662
501737.787215289,5651510.46939679,0.238626523415799,4873.21438940009
502237.787215289,5651510.46939679,0.308732282660222,4903.12585526009
502737.787215289,5651510.46939679,0.190884943178944,4849.35728175737
503237.787215289,5651510.46939679,0.181381757378009,4844.10319509228
503737.787215289,5651510.46939679,0.152619774626411,4826.79405511161
504237.787215289,5651510.46939679,0.155887589377238,4828.88348247244
504737.787215289,5651510.46939679,0.155887589377238,4828.88348247244
505237.787215289,5651510.46939679,0.166847714411858,4835.64739757805
505737.787215289,5651510.46939679,0.165324723549297,4834.72877437842
506237.787215289,5651510.46939679,0.149285929551669,4824.6252153441
506737.787215289,5651510.46939679,0.135216937551355,4815.01658702522
507237.787215289,5651510.46939679,0.127680305801758,4809.52676206766
507737.787215289,5651510.46939679,0.127680305801758,4809.52676206766
508237.787215289,5651510.46939679,0.119749350536903,4803.44967025295
508737.787215289,5651510.46939679,0.117698370979219,4801.82307506073
509237.787215289,5651510.46939679,0.127680305801758,4809.52676206766
509737.787215289,5651510.46939679,0.138852417274884,4817.57489037694
510237.787215289,5651510.46939679,0.145882615295986,4822.37062298577
510737.787215289,5651510.46939679,0.145882615295986,4822.37062298577
511237.787215289,5651510.46939679,0.145882615295986,4822.37062298577
511737.787215289,5651510.46939679,0.145882615295986,4822.37062298577
512237.787215289,5651510.46939679,0.145882615295986,4822.37062298577
512737.787215289,5651510.46939679,0.147593188332337,4823.50906746423
513237.787215289,5651510.46939679,0.162237299771293,4832.84603598985
513737.787215289,5651510.46939679,0.178570213027688,4842.50903484954
514237.787215289,5651510.46939679,0.196097121158405,4852.15664402634
514737.787215289,5651510.46939679,0.236325175789713,4872.14445140177
515237.787215289,5651510.46939679,0.257821339046659,4881.88602519235
515737.787215289,5651510.46939679,0.2931987162634,4896.8740765772
516237.787215289,5651510.46939679,0.31776192456307,4906.68311064141
516737.787215289,5651510.46939679,0.341979399799068,4915.98242857609
517237.787215289,5651510.46939679,0.508005886240932,4974.63884983595
517737.787215289,5651510.46939679,0.508005886240932,4974.63884983595
518237.787215289,5651510.46939679,0.364035489168648,4924.19356686123
518737.787215289,5651510.46939679,0.336510826507556,4913.91073826268
519237.787215289,5651510.46939679,0.289310078201249,4895.28052274906
519737.787215289,5651510.46939679,0.266849437587693,4885.82293195792
520237.787215289,5651510.46939679,0.267729407311648,4886.20223585991
520737.787215289,5651510.46939679,0.282108233105312,4892.2966099126
521237.787215289,5651510.46939679,0.287732548822459,4894.63059337455
521737.787215289,5651510.46939679,0.30000827928995,4899.63641909937
522237.787215289,5651510.46939679,0.292427151622938,4896.55884346456
522737.787215289,5651510.46939679,0.287732548822459,4894.63059337455
523237.787215289,5651510.46939679,0.282108233105312,4892.2966099126
523737.787215289,5651510.46939679,0.25123990926248,4878.96116173272
524237.787215289,5651510.46939679,0.235288062351894,4871.66000576993
524737.787215289,5651510.46939679,0.220136069363564,4864.41124020741
525237.787215289,5651510.46939679,0.197377006695931,4852.83564843817
525737.787215289,5651510.46939679,0.181381757378009,4844.10319509228
526237.787215289,5651510.46939679,0.154261740620563,4827.84833209261
526737.787215289,5651510.46939679,0.238626523415799,4873.21438940009
527237.787215289,5651510.46939679,0.137045193870479,4816.31010566449
527737.787215289,5651510.46939679,0.238626523415799,4873.21438940009
528237.787215289,5651510.46939679,0.125736608457139,4808.06732080645
528737.787215289,5651510.46939679,0.117698370979219,4801.82307506073
529237.787215289,5651510.46939679,0.111364712407748,4796.64336514201
529737.787215289,5651510.46939679,0.104733074980408,4790.94251763655
530237.787215289,5651510.46939679,0.0977617182894351,4784.60294204716
478737.787215289,5652010.46939679,0.0712402640588992,4756.13146250658
479237.787215289,5652010.46939679,0.0712402640588992,4756.13146250658
479737.787215289,5652010.46939679,0.0712402640588992,4756.13146250658
480237.787215289,5652010.46939679,0.0682143149189123,4752.29907199353
480737.787215289,5652010.46939679,0.0650970138296592,4748.1859801556
481237.787215289,5652010.46939679,0.0585503127804965,4738.92733362875
481737.787215289,5652010.46939679,0.0550969432661746,4733.65303734948
482237.787215289,5652010.46939679,0.0585503127804965,4738.92733362875
482737.787215289,5652010.46939679,0.0618792959910038,4743.74751635354
483237.787215289,5652010.46939679,0.0712402640588992,4756.13146250658
483737.787215289,5652010.46939679,0.0798419208535041,4766.27387658088
484237.787215289,5652010.46939679,0.0852356557120317,4772.14486226844
484737.787215289,5652010.46939679,0.0878437035976753,4774.86604049991
485237.787215289,5652010.46939679,0.0903973402450306,4777.46204662746
485737.787215289,5652010.46939679,0.0903973402450306,4777.46204662746
486237.787215289,5652010.46939679,0.0903973402450306,4777.46204662746
486737.787215289,5652010.46939679,0.0928997088112431,4779.94395285771
487237.787215289,5652010.46939679,0.100126245656772,4786.79598008351
487737.787215289,5652010.46939679,0.104733074980408,4790.94251763655
488237.787215289,5652010.46939679,0.117698370979219,4801.82307506073
488737.787215289,5652010.46939679,0.127680305801758,4809.52676206766
489237.787215289,5652010.46939679,0.135216937551355,4815.01658702522
489737.787215289,5652010.46939679,0.149285929551669,4824.6252153441
490237.787215289,5652010.46939679,0.17133717362154,4838.31789368126
490737.787215289,5652010.46939679,0.198647935479175,4853.50671687375
491237.787215289,5652010.46939679,0.307305096007326,4902.55865453335
491737.787215289,5652010.46939679,0.308732282660222,4903.12585526009
492237.787215289,5652010.46939679,0.238626523415799,4873.21438940009
492737.787215289,5652010.46939679,0.203644682630134,4856.11513631612
493237.787215289,5652010.46939679,0.203644682630134,4856.11513631612
493737.787215289,5652010.46939679,0.190884943178944,4849.35728175737
494237.787215289,5652010.46939679,0.181381757378009,4844.10319509228
494737.787215289,5652010.46939679,0.17133717362154,4838.31789368126
495237.787215289,5652010.46939679,0.162237299771293,4832.84603598985
495737.787215289,5652010.46939679,0.155887589377238,4828.88348247244
496237.787215289,5652010.46939679,0.155887589377238,4828.88348247244
496737.787215289,5652010.46939679,0.155887589377238,4828.88348247244
497237.787215289,5652010.46939679,0.155887589377238,4828.88348247244
497737.787215289,5652010.46939679,0.147593188332337,4823.50906746423
498237.787215289,5652010.46939679,0.145882615295986,4822.37062298577
498737.787215289,5652010.46939679,0.155887589377238,4828.88348247244
499237.787215289,5652010.46939679,0.198647935479175,4853.50671687375
499737.787215289,5652010.46939679,0.307305096007326,4902.55865453335
500237.787215289,5652010.46939679,0.307305096007326,4902.55865453335
500737.787215289,5652010.46939679,0.307305096007326,4902.55865453335
501237.787215289,5652010.46939679,0.307305096007326,4902.55865453335
501737.787215289,5652010.46939679,0.309441909482252,4903.40736305662
502237.787215289,5652010.46939679,0.307305096007326,4902.55865453335
502737.787215289,5652010.46939679,0.307305096007326,4902.55865453335
503237.787215289,5652010.46939679,0.198647935479175,4853.50671687375
503737.787215289,5652010.46939679,0.155887589377238,4828.88348247244
504237.787215289,5652010.46939679,0.142406135464596,4820.0231889282
504737.787215289,5652010.46939679,0.138852417274884,4817.57489037694
505237.787215289,5652010.46939679,0.145882615295986,4822.37062298577
505737.787215289,5652010.46939679,0.145882615295986,4822.37062298577
506237.787215289,5652010.46939679,0.135216937551355,4815.01658702522
506737.787215289,5652010.46939679,0.123767479052169,4806.5694125636
507237.787215289,5652010.46939679,0.111364712407748,4796.64336514201
507737.787215289,5652010.46939679,0.109189145731808,4794.80607133446
508237.787215289,5652010.46939679,0.104733074980408,4790.94251763655
508737.787215289,5652010.46939679,0.104733074980408,4790.94251763655
509237.787215289,5652010.46939679,0.111364712407748,4796.64336514201
509737.787215289,5652010.46939679,0.121772049325338,4805.03095871716
510237.787215289,5652010.46939679,0.127680305801758,4809.52676206766
510737.787215289,5652010.46939679,0.127680305801758,4809.52676206766
511237.787215289,5652010.46939679,0.127680305801758,4809.52676206766
511737.787215289,5652010.46939679,0.129599424905885,4810.94968448017
512237.787215289,5652010.46939679,0.144153779694943,4821.20899799479
512737.787215289,5652010.46939679,0.160672201504363,4831.88086186033
513237.787215289,5652010.46939679,0.174266562379123,4840.03136932925
513737.787215289,5652010.46939679,0.186874084549585,4847.16424744025
514237.787215289,5652010.46939679,0.201163405294982,4854.82573582224
514737.787215289,5652010.46939679,0.241427491878895,4874.50741127501
515237.787215289,5652010.46939679,0.262388207808778,4883.88802577367
515737.787215289,5652010.46939679,0.297011178238159,4898.42494791278
516237.787215289,5652010.46939679,0.323117263962999,4908.76846355788
516737.787215289,5652010.46939679,0.350190260319063,4919.06508682073
517237.787215289,5652010.46939679,0.508005886240932,4974.63884983595
517737.787215289,5652010.46939679,0.508005886240932,4974.63884983595
518237.787215289,5652010.46939679,0.364035489168648,4924.19356686123
518737.787215289,5652010.46939679,0.336510826507556,4913.91073826268
519237.787215289,5652010.46939679,0.284538634095151,4893.30844766116
519737.787215289,5652010.46939679,0.260574469700827,4883.09555520855
520237.787215289,5652010.46939679,0.249317324331622,4878.09752440911
520737.787215289,5652010.46939679,0.259661135771656,4882.69519248808
521237.787215289,5652010.46939679,0.265077311088845,4885.05673752734
521737.787215289,5652010.46939679,0.275474422164073,4889.50852206093
522237.787215289,5652010.46939679,0.270345667691848,4887.3254845476
522737.787215289,5652010.46939679,0.263288770177419,4884.28024111535
523237.787215289,5652010.46939679,0.259661135771656,4882.69519248808
523737.787215289,5652010.46939679,0.235288062351894,4871.66000576993
524237.787215289,5652010.46939679,0.220136069363564,4864.41124020741
524737.787215289,5652010.46939679,0.206092735540719,4857.37619354013
525237.787215289,5652010.46939679,0.185516862312438,4846.41418676895
525737.787215289,5652010.46939679,0.17133717362154,4838.31789368126
526237.787215289,5652010.46939679,0.144153779694943,4821.20899799479
526737.787215289,5652010.46939679,0.133367011864724,4813.69299004443
527237.787215289,5652010.46939679,0.125736608457139,4808.06732080645
527737.787215289,5652010.46939679,0.238626523415799,4873.21438940009
528237.787215289,5652010.46939679,0.113507248464434,4798.42300343546
528737.787215289,5652010.46939679,0.238626523415799,4873.21438940009
529237.787215289,5652010.46939679,0.238626523415799,4873.21438940009
529737.787215289,5652010.46939679,0.0953536467265761,4782.32142479561
530237.787215289,5652010.46939679,0.0903973402450306,4777.46204662746
478737.787215289,5652510.46939679,0.0798419208535041,4766.27387658088
479237.787215289,5652510.46939679,0.0825696990156871,4769.28574756161
479737.787215289,5652510.46939679,0.0825696990156871,4769.28574756161
480237.787215289,5652510.46939679,0.0798419208535041,4766.27387658088
480737.787215289,5652510.46939679,0.0770478836456125,4763.09186751537
481237.787215289,5652510.46939679,0.0650970138296592,4748.1859801556
481737.787215289,5652510.46939679,0.0650970138296592,4748.1859801556
482237.787215289,5652510.46939679,0.0682143149189123,4752.29907199353
482737.787215289,5652510.46939679,0.0712402640588992,4756.13146250658
483237.787215289,5652510.46939679,0.0825696990156871,4769.28574756161
483737.787215289,5652510.46939679,0.0928997088112431,4779.94395285771
484237.787215289,5652510.46939679,0.0977617182894351,4784.60294204716
484737.787215289,5652510.46939679,0.102449388411146,4788.90720643577
485237.787215289,5652510.46939679,0.102449388411146,4788.90720643577
485737.787215289,5652510.46939679,0.102449388411146,4788.90720643577
486237.787215289,5652510.46939679,0.102449388411146,4788.90720643577
486737.787215289,5652510.46939679,0.10697909857011,4792.90721006812
487237.787215289,5652510.46939679,0.115618061899259,4800.14850510016
487737.787215289,5652510.46939679,0.119749350536903,4803.44967025295
488237.787215289,5652510.46939679,0.131494734505549,4812.33786511467
488737.787215289,5652510.46939679,0.142406135464596,4820.0231889282
489237.787215289,5652510.46939679,0.152619774626411,4826.79405511161
489737.787215289,5652510.46939679,0.165324723549297,4834.72877437842
490237.787215289,5652510.46939679,0.188221055557947,4847.9046198625
490737.787215289,5652510.46939679,0.307305096007326,4902.55865453335
491237.787215289,5652510.46939679,0.307305096007326,4902.55865453335
491737.787215289,5652510.46939679,0.307305096007326,4902.55865453335
492237.787215289,5652510.46939679,0.203644682630134,4856.11513631612
492737.787215289,5652510.46939679,0.188221055557947,4847.9046198625
493237.787215289,5652510.46939679,0.178570213027688,4842.50903484954
493737.787215289,5652510.46939679,0.17133717362154,4838.31789368126
494237.787215289,5652510.46939679,0.162237299771293,4832.84603598985
494737.787215289,5652510.46939679,0.152619774626411,4826.79405511161
495237.787215289,5652510.46939679,0.142406135464596,4820.0231889282
495737.787215289,5652510.46939679,0.137045193870479,4816.31010566449
496237.787215289,5652510.46939679,0.137045193870479,4816.31010566449
496737.787215289,5652510.46939679,0.137045193870479,4816.31010566449
497237.787215289,5652510.46939679,0.137045193870479,4816.31010566449
497737.787215289,5652510.46939679,0.131494734505549,4812.33786511467
498237.787215289,5652510.46939679,0.131494734505549,4812.33786511467
498737.787215289,5652510.46939679,0.147593188332337,4823.50906746423
499237.787215289,5652510.46939679,0.181381757378009,4844.10319509228
499737.787215289,5652510.46939679,0.198647935479175,4853.50671687375
500237.787215289,5652510.46939679,0.203644682630134,4856.11513631612
500737.787215289,5652510.46939679,0.198647935479175,4853.50671687375
501237.787215289,5652510.46939679,0.203644682630134,4856.11513631612
501737.787215289,5652510.46939679,0.203644682630134,4856.11513631612
502237.787215289,5652510.46939679,0.203644682630134,4856.11513631612
502737.787215289,5652510.46939679,0.307305096007326,4902.55865453335
503237.787215289,5652510.46939679,0.203644682630134,4856.11513631612
503737.787215289,5652510.46939679,0.17133717362154,4838.31789368126
504237.787215289,5652510.46939679,0.152619774626411,4826.79405511161
504737.787215289,5652510.46939679,0.135216937551355,4815.01658702522
505237.787215289,5652510.46939679,0.127680305801758,4809.52676206766
505737.787215289,5652510.46939679,0.127680305801758,4809.52676206766
506237.787215289,5652510.46939679,0.119749350536903,4803.44967025295
506737.787215289,5652510.46939679,0.117698370979219,4801.82307506073
507237.787215289,5652510.46939679,0.117698370979219,4801.82307506073
507737.787215289,5652510.46939679,0.117698370979219,4801.82307506073
508237.787215289,5652510.46939679,0.117698370979219,4801.82307506073
508737.787215289,5652510.46939679,0.117698370979219,4801.82307506073
509237.787215289,5652510.46939679,0.117698370979219,4801.82307506073
509737.787215289,5652510.46939679,0.111364712407748,4796.64336514201
510237.787215289,5652510.46939679,0.111364712407748,4796.64336514201
510737.787215289,5652510.46939679,0.121772049325338,4805.03095871716
511237.787215289,5652510.46939679,0.129599424905885,4810.94968448017
511737.787215289,5652510.46939679,0.138852417274884,4817.57489037694
512237.787215289,5652510.46939679,0.155887589377238,4828.88348247244
512737.787215289,5652510.46939679,0.172808042556193,4839.18103967451
513237.787215289,5652510.46939679,0.189557984174279,4848.6355696933
513737.787215289,5652510.46939679,0.199910000267629,4854.1700082791
514237.787215289,5652510.46939679,0.215572106622318,4862.16057956976
514737.787215289,5652510.46939679,0.24639668522463,4876.77729065378
515237.787215289,5652510.46939679,0.269477529261568,4886.95349910946
515737.787215289,5652510.46939679,0.305867484016065,4901.98589346368
516237.787215289,5652510.46939679,0.330248040936831,4911.51874429858
516737.787215289,5652510.46939679,0.352473461712511,4919.91662545167
517237.787215289,5652510.46939679,0.508005886240932,4974.63884983595
517737.787215289,5652510.46939679,0.508005886240932,4974.63884983595
518237.787215289,5652510.46939679,0.352473461712511,4919.91662545167
518737.787215289,5652510.46939679,0.330248040936831,4911.51874429858
519237.787215289,5652510.46939679,0.281291322387851,4891.95537073613
519737.787215289,5652510.46939679,0.257821339046659,4881.88602519235
520237.787215289,5652510.46939679,0.230015409639212,4869.17464113205
520737.787215289,5652510.46939679,0.238382569487151,4873.10129703684
521237.787215289,5652510.46939679,0.244424492747072,4875.88002918648
521737.787215289,5652510.46939679,0.252194093416622,4879.38821246933
522237.787215289,5652510.46939679,0.248348738851505,4877.66080364877
522737.787215289,5652510.46939679,0.24041790202788,4874.04249932736
523237.787215289,5652510.46939679,0.238382569487151,4873.10129703684
523737.787215289,5652510.46939679,0.219005516329522,4863.85678293542
524237.787215289,5652510.46939679,0.528397068454363,4981.66448967709
524737.787215289,5652510.46939679,0.192202215583475,4850.07004913044
525237.787215289,5652510.46939679,0.172808042556193,4839.18103967451
525737.787215289,5652510.46939679,0.160672201504363,4831.88086186033
526237.787215289,5652510.46939679,0.137045193870479,4816.31010566449
526737.787215289,5652510.46939679,0.125736608457139,4808.06732080645
527237.787215289,5652510.46939679,0.115618061899259,4800.14850510016
527737.787215289,5652510.46939679,0.10697909857011,4792.90721006812
528237.787215289,5652510.46939679,0.102449388411146,4788.90720643577
528737.787215289,5652510.46939679,0.0977617182894351,4784.60294204716
529237.787215289,5652510.46939679,0.0928997088112431,4779.94395285771
529737.787215289,5652510.46939679,0.0878437035976753,4774.86604049991
530237.787215289,5652510.46939679,0.0928997088112431,4779.94395285771
478737.787215289,5653010.46939679,0.0852356557120317,4772.14486226844
479237.787215289,5653010.46939679,0.0878437035976753,4774.86604049991
479737.787215289,5653010.46939679,0.0878437035976753,4774.86604049991
480237.787215289,5653010.46939679,0.0852356557120317,4772.14486226844
480737.787215289,5653010.46939679,0.0798419208535041,4766.27387658088
481237.787215289,5653010.46939679,0.0682143149189123,4752.29907199353
481737.787215289,5653010.46939679,0.0682143149189123,4752.29907199353
482237.787215289,5653010.46939679,0.0712402640588992,4756.13146250658
482737.787215289,5653010.46939679,0.0770478836456125,4763.09186751537
483237.787215289,5653010.46939679,0.0852356557120317,4772.14486226844
483737.787215289,5653010.46939679,0.0977617182894351,4784.60294204716
484237.787215289,5653010.46939679,0.104733074980408,4790.94251763655
484737.787215289,5653010.46939679,0.109189145731808,4794.80607133446
485237.787215289,5653010.46939679,0.111364712407748,4796.64336514201
485737.787215289,5653010.46939679,0.111364712407748,4796.64336514201
486237.787215289,5653010.46939679,0.111364712407748,4796.64336514201
486737.787215289,5653010.46939679,0.115618061899259,4800.14850510016
487237.787215289,5653010.46939679,0.121772049325338,4805.03095871716
487737.787215289,5653010.46939679,0.127680305801758,4809.52676206766
488237.787215289,5653010.46939679,0.135216937551355,4815.01658702522
488737.787215289,5653010.46939679,0.149285929551669,4824.6252153441
489237.787215289,5653010.46939679,0.162237299771293,4832.84603598985
489737.787215289,5653010.46939679,0.177147408828393,4841.69500911152
490237.787215289,5653010.46939679,0.198647935479175,4853.50671687375
490737.787215289,5653010.46939679,0.307305096007326,4902.55865453335
491237.787215289,5653010.46939679,0.307305096007326,4902.55865453335
491737.787215289,5653010.46939679,0.307305096007326,4902.55865453335
492237.787215289,5653010.46939679,0.198647935479175,4853.50671687375
492737.787215289,5653010.46939679,0.181381757378009,4844.10319509228
493237.787215289,5653010.46939679,0.166847714411858,4835.64739757805
493737.787215289,5653010.46939679,0.162237299771293,4832.84603598985
494237.787215289,5653010.46939679,0.152619774626411,4826.79405511161
494737.787215289,5653010.46939679,0.142406135464596,4820.0231889282
495237.787215289,5653010.46939679,0.135216937551355,4815.01658702522
495737.787215289,5653010.46939679,0.127680305801758,4809.52676206766
496237.787215289,5653010.46939679,0.127680305801758,4809.52676206766
496737.787215289,5653010.46939679,0.127680305801758,4809.52676206766
497237.787215289,5653010.46939679,0.127680305801758,4809.52676206766
497737.787215289,5653010.46939679,0.121772049325338,4805.03095871716
498237.787215289,5653010.46939679,0.127680305801758,4809.52676206766
498737.787215289,5653010.46939679,0.142406135464596,4820.0231889282
499237.787215289,5653010.46939679,0.17133717362154,4838.31789368126
499737.787215289,5653010.46939679,0.188221055557947,4847.9046198625
500237.787215289,5653010.46939679,0.190884943178944,4849.35728175737
500737.787215289,5653010.46939679,0.188221055557947,4847.9046198625
501237.787215289,5653010.46939679,0.198647935479175,4853.50671687375
501737.787215289,5653010.46939679,0.190884943178944,4849.35728175737
502237.787215289,5653010.46939679,0.190884943178944,4849.35728175737
502737.787215289,5653010.46939679,0.307305096007326,4902.55865453335
503237.787215289,5653010.46939679,0.307305096007326,4902.55865453335
503737.787215289,5653010.46939679,0.177147408828393,4841.69500911152
504237.787215289,5653010.46939679,0.155887589377238,4828.88348247244
504737.787215289,5653010.46939679,0.138852417274884,4817.57489037694
505237.787215289,5653010.46939679,0.137045193870479,4816.31010566449
505737.787215289,5653010.46939679,0.131494734505549,4812.33786511467
506237.787215289,5653010.46939679,0.127680305801758,4809.52676206766
506737.787215289,5653010.46939679,0.127680305801758,4809.52676206766
507237.787215289,5653010.46939679,0.127680305801758,4809.52676206766
507737.787215289,5653010.46939679,0.127680305801758,4809.52676206766
508237.787215289,5653010.46939679,0.127680305801758,4809.52676206766
508737.787215289,5653010.46939679,0.127680305801758,4809.52676206766
509237.787215289,5653010.46939679,0.127680305801758,4809.52676206766
509737.787215289,5653010.46939679,0.119749350536903,4803.44967025295
510237.787215289,5653010.46939679,0.117698370979219,4801.82307506073
510737.787215289,5653010.46939679,0.127680305801758,4809.52676206766
511237.787215289,5653010.46939679,0.135216937551355,4815.01658702522
511737.787215289,5653010.46939679,0.142406135464596,4820.0231889282
512237.787215289,5653010.46939679,0.160672201504363,4831.88086186033
512737.787215289,5653010.46939679,0.179981622525565,4843.31167545197
513237.787215289,5653010.46939679,0.197377006695931,4852.83564843817
513737.787215289,5653010.46939679,0.207304637508709,4857.99649243197
514237.787215289,5653010.46939679,0.222376876400309,4865.50437820353
514737.787215289,5653010.46939679,0.253143482292768,4879.81209252755
515237.787215289,5653010.46939679,0.272927025731657,4888.4273124062
515737.787215289,5653010.46939679,0.308732282660222,4903.12585526009
516237.787215289,5653010.46939679,0.334653124349829,4913.20342496646
516737.787215289,5653010.46939679,0.372399651658358,4927.25351097423
517237.787215289,5653010.46939679,0.508005886240932,4974.63884983595
517737.787215289,5653010.46939679,0.508005886240932,4974.63884983595
518237.787215289,5653010.46939679,0.350190260319063,4919.06508682073
518737.787215289,5653010.46939679,0.323117263962999,4908.76846355788
519237.787215289,5653010.46939679,0.277988735736272,4890.56986263401
519737.787215289,5653010.46939679,0.255028321394675,4880.65063639141
520237.787215289,5653010.46939679,0.223487337621123,4866.04327223599
520737.787215289,5653010.46939679,0.22786447283093,4868.14967627558
521237.787215289,5653010.46939679,0.234245196487586,4871.17142893327
521737.787215289,5653010.46939679,0.24041790202788,4874.04249932736
522237.787215289,5653010.46939679,0.238382569487151,4873.10129703684
522737.787215289,5653010.46939679,0.230015409639212,4869.17464113205
523237.787215289,5653010.46939679,0.22786447283093,4868.14967627558
523737.787215289,5653010.46939679,0.210893193277889,4859.81817154313
524237.787215289,5653010.46939679,0.198647935479175,4853.50671687375
524737.787215289,5653010.46939679,0.52495214217423,4980.47521806357
525237.787215289,5653010.46939679,0.166847714411858,4835.64739757805
525737.787215289,5653010.46939679,0.155887589377238,4828.88348247244
526237.787215289,5653010.46939679,0.133367011864724,4813.69299004443
526737.787215289,5653010.46939679,0.238626523415799,4873.21438940009
527237.787215289,5653010.46939679,0.111364712407748,4796.64336514201
527737.787215289,5653010.46939679,0.102449388411146,4788.90720643577
528237.787215289,5653010.46939679,0.0977617182894351,4784.60294204716
528737.787215289,5653010.46939679,0.0928997088112431,4779.94395285771
529237.787215289,5653010.46939679,0.0878437035976753,4774.86604049991
529737.787215289,5653010.46939679,0.0928997088112431,4779.94395285771
478737.787215289,5653510.46939679,0.0977617182894351,4784.60294204716
479237.787215289,5653510.46939679,0.102449388411146,4788.90720643577
479737.787215289,5653510.46939679,0.102449388411146,4788.90720643577
480237.787215289,5653510.46939679,0.0977617182894351,4784.60294204716
480737.787215289,5653510.46939679,0.0928997088112431,4779.94395285771
481237.787215289,5653510.46939679,0.0770478836456125,4763.09186751537
481737.787215289,5653510.46939679,0.0798419208535041,4766.27387658088
482237.787215289,5653510.46939679,0.238626523415799,4873.21438940009
482737.787215289,5653510.46939679,0.0878437035976753,4774.86604049991
483237.787215289,5653510.46939679,0.0953536467265761,4782.32142479561
483737.787215289,5653510.46939679,0.238626523415799,4873.21438940009
484237.787215289,5653510.46939679,0.238626523415799,4873.21438940009
484737.787215289,5653510.46939679,0.125736608457139,4808.06732080645
485237.787215289,5653510.46939679,0.127680305801758,4809.52676206766
485737.787215289,5653510.46939679,0.127680305801758,4809.52676206766
486237.787215289,5653510.46939679,0.127680305801758,4809.52676206766
486737.787215289,5653510.46939679,0.131494734505549,4812.33786511467
487237.787215289,5653510.46939679,0.138852417274884,4817.57489037694
487737.787215289,5653510.46939679,0.145882615295986,4822.37062298577
488237.787215289,5653510.46939679,0.152619774626411,4826.79405511161
488737.787215289,5653510.46939679,0.165324723549297,4834.72877437842
489237.787215289,5653510.46939679,0.181381757378009,4844.10319509228
489737.787215289,5653510.46939679,0.198647935479175,4853.50671687375
490237.787215289,5653510.46939679,0.307305096007326,4902.55865453335
490737.787215289,5653510.46939679,0.307305096007326,4902.55865453335
491237.787215289,5653510.46939679,0.307305096007326,4902.55865453335
491737.787215289,5653510.46939679,0.307305096007326,4902.55865453335
492237.787215289,5653510.46939679,0.177147408828393,4841.69500911152
492737.787215289,5653510.46939679,0.165324723549297,4834.72877437842
493237.787215289,5653510.46939679,0.145882615295986,4822.37062298577
493737.787215289,5653510.46939679,0.142406135464596,4820.0231889282
494237.787215289,5653510.46939679,0.135216937551355,4815.01658702522
494737.787215289,5653510.46939679,0.125736608457139,4808.06732080645
495237.787215289,5653510.46939679,0.119749350536903,4803.44967025295
495737.787215289,5653510.46939679,0.111364712407748,4796.64336514201
496237.787215289,5653510.46939679,0.111364712407748,4796.64336514201
496737.787215289,5653510.46939679,0.115618061899259,4800.14850510016
497237.787215289,5653510.46939679,0.121772049325338,4805.03095871716
497737.787215289,5653510.46939679,0.135216937551355,4815.01658702522
498237.787215289,5653510.46939679,0.142406135464596,4820.0231889282
498737.787215289,5653510.46939679,0.147593188332337,4823.50906746423
499237.787215289,5653510.46939679,0.155887589377238,4828.88348247244
499737.787215289,5653510.46939679,0.165324723549297,4834.72877437842
500237.787215289,5653510.46939679,0.166847714411858,4835.64739757805
500737.787215289,5653510.46939679,0.17133717362154,4838.31789368126
501237.787215289,5653510.46939679,0.177147408828393,4841.69500911152
501737.787215289,5653510.46939679,0.177147408828393,4841.69500911152
502237.787215289,5653510.46939679,0.198647935479175,4853.50671687375
502737.787215289,5653510.46939679,0.307305096007326,4902.55865453335
503237.787215289,5653510.46939679,0.307305096007326,4902.55865453335
503737.787215289,5653510.46939679,0.188221055557947,4847.9046198625
504237.787215289,5653510.46939679,0.165324723549297,4834.72877437842
504737.787215289,5653510.46939679,0.155887589377238,4828.88348247244
505237.787215289,5653510.46939679,0.155887589377238,4828.88348247244
505737.787215289,5653510.46939679,0.147593188332337,4823.50906746423
506237.787215289,5653510.46939679,0.145882615295986,4822.37062298577
506737.787215289,5653510.46939679,0.145882615295986,4822.37062298577
507237.787215289,5653510.46939679,0.145882615295986,4822.37062298577
507737.787215289,5653510.46939679,0.145882615295986,4822.37062298577
508237.787215289,5653510.46939679,0.145882615295986,4822.37062298577
508737.787215289,5653510.46939679,0.145882615295986,4822.37062298577
509237.787215289,5653510.46939679,0.145882615295986,4822.37062298577
509737.787215289,5653510.46939679,0.137045193870479,4816.31010566449
510237.787215289,5653510.46939679,0.131494734505549,4812.33786511467
510737.787215289,5653510.46939679,0.138852417274884,4817.57489037694
511237.787215289,5653510.46939679,0.147593188332337,4823.50906746423
511737.787215289,5653510.46939679,0.155887589377238,4828.88348247244
512237.787215289,5653510.46939679,0.17133717362154,4838.31789368126
512737.787215289,5653510.46939679,0.192202215583475,4850.07004913044
513237.787215289,5653510.46939679,0.213247394857205,4861.00129953139
513737.787215289,5653510.46939679,0.224591184783008,4866.57712867393
514237.787215289,5653510.46939679,0.235288062351894,4871.66000576993
514737.787215289,5653510.46939679,0.269477529261568,4886.95349910946
515237.787215289,5653510.46939679,0.286938979936324,4894.30287974488
515737.787215289,5653510.46939679,0.31776192456307,4906.68311064141
516237.787215289,5653510.46939679,0.341979399799068,4915.98242857609
516737.787215289,5653510.46939679,0.377944765446883,4929.26768997754
517237.787215289,5653510.46939679,0.508005886240932,4974.63884983595
517737.787215289,5653510.46939679,0.372399651658358,4927.25351097423
518237.787215289,5653510.46939679,0.341979399799068,4915.98242857609
518737.787215289,5653510.46939679,0.31776192456307,4906.68311064141
519237.787215289,5653510.46939679,0.269477529261568,4886.95349910946
519737.787215289,5653510.46939679,0.24639668522463,4876.77729065378
520237.787215289,5653510.46939679,0.216723625500808,4862.73155906954
520737.787215289,5653510.46939679,0.207304637508709,4857.99649243197
521237.787215289,5653510.46939679,0.214413407435253,4861.58387084235
521737.787215289,5653510.46939679,0.219005516329522,4863.85678293542
522237.787215289,5653510.46939679,0.216723625500808,4862.73155906954
522737.787215289,5653510.46939679,0.208508596078889,4858.61015747088
523237.787215289,5653510.46939679,0.207304637508709,4857.99649243197
523737.787215289,5653510.46939679,0.193509897065808,4850.77405701299
524237.787215289,5653510.46939679,0.184149193605806,4845.65417241519
524737.787215289,5653510.46939679,0.172808042556193,4839.18103967451
525237.787215289,5653510.46939679,0.155887589377238,4828.88348247244
525737.787215289,5653510.46939679,0.238626523415799,4873.21438940009
526237.787215289,5653510.46939679,0.123767479052169,4806.5694125636
526737.787215289,5653510.46939679,0.115618061899259,4800.14850510016
527237.787215289,5653510.46939679,0.104733074980408,4790.94251763655
527737.787215289,5653510.46939679,0.0928997088112431,4779.94395285771
528237.787215289,5653510.46939679,0.0878437035976753,4774.86604049991
528737.787215289,5653510.46939679,0.0878437035976753,4774.86604049991
529237.787215289,5653510.46939679,0.0928997088112431,4779.94395285771
529737.787215289,5653510.46939679,0.102449388411146,4788.90720643577
478737.787215289,5654010.46939679,0.104733074980408,4790.94251763655
479237.787215289,5654010.46939679,0.109189145731808,4794.80607133446
479737.787215289,5654010.46939679,0.109189145731808,4794.80607133446
480237.787215289,5654010.46939679,0.104733074980408,4790.94251763655
480737.787215289,5654010.46939679,0.0977617182894351,4784.60294204716
481237.787215289,5654010.46939679,0.0825696990156871,4769.28574756161
481737.787215289,5654010.46939679,0.0852356557120317,4772.14486226844
482237.787215289,5654010.46939679,0.0903973402450306,4777.46204662746
482737.787215289,5654010.46939679,0.0953536467265761,4782.32142479561
483237.787215289,5654010.46939679,0.100126245656772,4786.79598008351
483737.787215289,5654010.46939679,0.117698370979219,4801.82307506073
484237.787215289,5654010.46939679,0.127680305801758,4809.52676206766
484737.787215289,5654010.46939679,0.133367011864724,4813.69299004443
485237.787215289,5654010.46939679,0.137045193870479,4816.31010566449
485737.787215289,5654010.46939679,0.137045193870479,4816.31010566449
486237.787215289,5654010.46939679,0.137045193870479,4816.31010566449
486737.787215289,5654010.46939679,0.138852417274884,4817.57489037694
487237.787215289,5654010.46939679,0.147593188332337,4823.50906746423
487737.787215289,5654010.46939679,0.155887589377238,4828.88348247244
488237.787215289,5654010.46939679,0.162237299771293,4832.84603598985
488737.787215289,5654010.46939679,0.177147408828393,4841.69500911152
489237.787215289,5654010.46939679,0.188221055557947,4847.9046198625
489737.787215289,5654010.46939679,0.203644682630134,4856.11513631612
490237.787215289,5654010.46939679,0.307305096007326,4902.55865453335
490737.787215289,5654010.46939679,0.203644682630134,4856.11513631612
491237.787215289,5654010.46939679,0.307305096007326,4902.55865453335
491737.787215289,5654010.46939679,0.307305096007326,4902.55865453335
492237.787215289,5654010.46939679,0.178570213027688,4842.50903484954
492737.787215289,5654010.46939679,0.155887589377238,4828.88348247244
493237.787215289,5654010.46939679,0.137045193870479,4816.31010566449
493737.787215289,5654010.46939679,0.133367011864724,4813.69299004443
494237.787215289,5654010.46939679,0.238626523415799,4873.21438940009
494737.787215289,5654010.46939679,0.117698370979219,4801.82307506073
495237.787215289,5654010.46939679,0.111364712407748,4796.64336514201
495737.787215289,5654010.46939679,0.102449388411146,4788.90720643577
496237.787215289,5654010.46939679,0.102449388411146,4788.90720643577
496737.787215289,5654010.46939679,0.121772049325338,4805.03095871716
497237.787215289,5654010.46939679,0.131494734505549,4812.33786511467
497737.787215289,5654010.46939679,0.138852417274884,4817.57489037694
498237.787215289,5654010.46939679,0.152619774626411,4826.79405511161
498737.787215289,5654010.46939679,0.155887589377238,4828.88348247244
499237.787215289,5654010.46939679,0.166847714411858,4835.64739757805
499737.787215289,5654010.46939679,0.166847714411858,4835.64739757805
500237.787215289,5654010.46939679,0.178570213027688,4842.50903484954
500737.787215289,5654010.46939679,0.178570213027688,4842.50903484954
501237.787215289,5654010.46939679,0.178570213027688,4842.50903484954
501737.787215289,5654010.46939679,0.188221055557947,4847.9046198625
502237.787215289,5654010.46939679,0.203644682630134,4856.11513631612
502737.787215289,5654010.46939679,0.307305096007326,4902.55865453335
503237.787215289,5654010.46939679,0.307305096007326,4902.55865453335
503737.787215289,5654010.46939679,0.190884943178944,4849.35728175737
504237.787215289,5654010.46939679,0.177147408828393,4841.69500911152
504737.787215289,5654010.46939679,0.166847714411858,4835.64739757805
505237.787215289,5654010.46939679,0.166847714411858,4835.64739757805
505737.787215289,5654010.46939679,0.155887589377238,4828.88348247244
506237.787215289,5654010.46939679,0.155887589377238,4828.88348247244
506737.787215289,5654010.46939679,0.155887589377238,4828.88348247244
507237.787215289,5654010.46939679,0.155887589377238,4828.88348247244
507737.787215289,5654010.46939679,0.155887589377238,4828.88348247244
508237.787215289,5654010.46939679,0.155887589377238,4828.88348247244
508737.787215289,5654010.46939679,0.155887589377238,4828.88348247244
509237.787215289,5654010.46939679,0.155887589377238,4828.88348247244
509737.787215289,5654010.46939679,0.145882615295986,4822.37062298577
510237.787215289,5654010.46939679,0.138852417274884,4817.57489037694
510737.787215289,5654010.46939679,0.144153779694943,4821.20899799479
511237.787215289,5654010.46939679,0.154261740620563,4827.84833209261
511737.787215289,5654010.46939679,0.162237299771293,4832.84603598985
512237.787215289,5654010.46939679,0.177147408828393,4841.69500911152
512737.787215289,5654010.46939679,0.198647935479175,4853.50671687375
513237.787215289,5654010.46939679,0.220136069363564,4864.41124020741
513737.787215289,5654010.46939679,0.234245196487586,4871.17142893327
514237.787215289,5654010.46939679,0.244424492747072,4875.88002918648
514737.787215289,5654010.46939679,0.278819681404288,4890.91937053944
515237.787215289,5654010.46939679,0.296254626482713,4898.1180745183
515737.787215289,5654010.46939679,0.323117263962999,4908.76846355788
516237.787215289,5654010.46939679,0.347879665611964,4918.20087198456
516737.787215289,5654010.46939679,0.377944765446883,4929.26768997754
517237.787215289,5654010.46939679,0.508005886240932,4974.63884983595
517737.787215289,5654010.46939679,0.364035489168648,4924.19356686123
518237.787215289,5654010.46939679,0.332777406930651,4912.48737329806
518737.787215289,5654010.46939679,0.312254969260653,4904.51997554368
519237.787215289,5654010.46939679,0.266849437587693,4885.82293195792
519737.787215289,5654010.46939679,0.244424492747072,4875.88002918648
520237.787215289,5654010.46939679,0.213247394857205,4861.00129953139
520737.787215289,5654010.46939679,0.198647935479175,4853.50671687375
521237.787215289,5654010.46939679,0.204872797011721,4856.74912806425
521737.787215289,5654010.46939679,0.208508596078889,4858.61015747088
522237.787215289,5654010.46939679,0.207304637508709,4857.99649243197
522737.787215289,5654010.46939679,0.198647935479175,4853.50671687375
523237.787215289,5654010.46939679,0.197377006695931,4852.83564843817
523737.787215289,5654010.46939679,0.185516862312438,4846.41418676895
524237.787215289,5654010.46939679,0.177147408828393,4841.69500911152
524737.787215289,5654010.46939679,0.166847714411858,4835.64739757805
525237.787215289,5654010.46939679,0.149285929551669,4824.6252153441
525737.787215289,5654010.46939679,0.138852417274884,4817.57489037694
526237.787215289,5654010.46939679,0.119749350536903,4803.44967025295
526737.787215289,5654010.46939679,0.111364712407748,4796.64336514201
527237.787215289,5654010.46939679,0.102449388411146,4788.90720643577
527737.787215289,5654010.46939679,0.0903973402450306,4777.46204662746
528237.787215289,5654010.46939679,0.0825696990156871,4769.28574756161
528737.787215289,5654010.46939679,0.238626523415799,4873.21438940009
529237.787215289,5654010.46939679,0.0977617182894351,4784.60294204716
529737.787215289,5654010.46939679,0.238626523415799,4873.21438940009
478737.787215289,5654510.46939679,0.127680305801758,4809.52676206766
479237.787215289,5654510.46939679,0.135216937551355,4815.01658702522
479737.787215289,5654510.46939679,0.135216937551355,4815.01658702522
480237.787215289,5654510.46939679,0.127680305801758,4809.52676206766
480737.787215289,5654510.46939679,0.117698370979219,4801.82307506073
481237.787215289,5654510.46939679,0.100126245656772,4786.79598008351
481737.787215289,5654510.46939679,0.104733074980408,4790.94251763655
482237.787215289,5654510.46939679,0.109189145731808,4794.80607133446
482737.787215289,5654510.46939679,0.117698370979219,4801.82307506073
483237.787215289,5654510.46939679,0.121772049325338,4805.03095871716
483737.787215289,5654510.46939679,0.135216937551355,4815.01658702522
484237.787215289,5654510.46939679,0.149285929551669,4824.6252153441
484737.787215289,5654510.46939679,0.162237299771293,4832.84603598985
485237.787215289,5654510.46939679,0.166847714411858,4835.64739757805
485737.787215289,5654510.46939679,0.166847714411858,4835.64739757805
486237.787215289,5654510.46939679,0.166847714411858,4835.64739757805
486737.787215289,5654510.46939679,0.166847714411858,4835.64739757805
487237.787215289,5654510.46939679,0.178570213027688,4842.50903484954
487737.787215289,5654510.46939679,0.190884943178944,4849.35728175737
488237.787215289,5654510.46939679,0.190884943178944,4849.35728175737
488737.787215289,5654510.46939679,0.210893193277889,4859.81817154313
489237.787215289,5654510.46939679,0.238626523415799,4873.21438940009
489737.787215289,5654510.46939679,0.307305096007326,4902.55865453335
490237.787215289,5654510.46939679,0.203644682630134,4856.11513631612
490737.787215289,5654510.46939679,0.190884943178944,4849.35728175737
491237.787215289,5654510.46939679,0.307305096007326,4902.55865453335
491737.787215289,5654510.46939679,0.307305096007326,4902.55865453335
492237.787215289,5654510.46939679,0.177147408828393,4841.69500911152
492737.787215289,5654510.46939679,0.155887589377238,4828.88348247244
493237.787215289,5654510.46939679,0.129599424905885,4810.94968448017
493737.787215289,5654510.46939679,0.119749350536903,4803.44967025295
494237.787215289,5654510.46939679,0.111364712407748,4796.64336514201
494737.787215289,5654510.46939679,0.0953536467265761,4782.32142479561
495237.787215289,5654510.46939679,0.0977617182894351,4784.60294204716
495737.787215289,5654510.46939679,0.111364712407748,4796.64336514201
496237.787215289,5654510.46939679,0.119749350536903,4803.44967025295
496737.787215289,5654510.46939679,0.142406135464596,4820.0231889282
497237.787215289,5654510.46939679,0.155887589377238,4828.88348247244
497737.787215289,5654510.46939679,0.165324723549297,4834.72877437842
498237.787215289,5654510.46939679,0.181381757378009,4844.10319509228
498737.787215289,5654510.46939679,0.190884943178944,4849.35728175737
499237.787215289,5654510.46939679,0.203644682630134,4856.11513631612
499737.787215289,5654510.46939679,0.203644682630134,4856.11513631612
500237.787215289,5654510.46939679,0.307305096007326,4902.55865453335
500737.787215289,5654510.46939679,0.307305096007326,4902.55865453335
501237.787215289,5654510.46939679,0.307305096007326,4902.55865453335
501737.787215289,5654510.46939679,0.307305096007326,4902.55865453335
502237.787215289,5654510.46939679,0.307305096007326,4902.55865453335
502737.787215289,5654510.46939679,0.307305096007326,4902.55865453335
503237.787215289,5654510.46939679,0.307305096007326,4902.55865453335
503737.787215289,5654510.46939679,0.307305096007326,4902.55865453335
504237.787215289,5654510.46939679,0.203644682630134,4856.11513631612
504737.787215289,5654510.46939679,0.203644682630134,4856.11513631612
505237.787215289,5654510.46939679,0.203644682630134,4856.11513631612
505737.787215289,5654510.46939679,0.190884943178944,4849.35728175737
506237.787215289,5654510.46939679,0.190884943178944,4849.35728175737
506737.787215289,5654510.46939679,0.190884943178944,4849.35728175737
507237.787215289,5654510.46939679,0.190884943178944,4849.35728175737
507737.787215289,5654510.46939679,0.188221055557947,4847.9046198625
508237.787215289,5654510.46939679,0.190884943178944,4849.35728175737
508737.787215289,5654510.46939679,0.190884943178944,4849.35728175737
509237.787215289,5654510.46939679,0.188221055557947,4847.9046198625
509737.787215289,5654510.46939679,0.178570213027688,4842.50903484954
510237.787215289,5654510.46939679,0.166847714411858,4835.64739757805
510737.787215289,5654510.46939679,0.166847714411858,4835.64739757805
511237.787215289,5654510.46939679,0.174266562379123,4840.03136932925
511737.787215289,5654510.46939679,0.184149193605806,4845.65417241519
512237.787215289,5654510.46939679,0.198647935479175,4853.50671687375
512737.787215289,5654510.46939679,0.215572106622318,4862.16057956976
513237.787215289,5654510.46939679,0.242431736072177,4874.96859233584
513737.787215289,5654510.46939679,0.258743450804885,4882.29203371565
514237.787215289,5654510.46939679,0.275474422164073,4889.50852206093
514737.787215289,5654510.46939679,0.30075038244981,4899.93536169762
515237.787215289,5654510.46939679,0.323117263962999,4908.76846355788
515737.787215289,5654510.46939679,0.352473461712511,4919.91662545167
516237.787215289,5654510.46939679,0.372399651658358,4927.25351097423
516737.787215289,5654510.46939679,0.508005886240932,4974.63884983595
517237.787215289,5654510.46939679,0.372399651658358,4927.25351097423
517737.787215289,5654510.46939679,0.352473461712511,4919.91662545167
518237.787215289,5654510.46939679,0.31776192456307,4906.68311064141
518737.787215289,5654510.46939679,0.2931987162634,4896.8740765772
519237.787215289,5654510.46939679,0.25123990926248,4878.96116173272
519737.787215289,5654510.46939679,0.232142146448353,4870.18169673375
520237.787215289,5654510.46939679,0.203644682630134,4856.11513631612
520737.787215289,5654510.46939679,0.186874084549585,4847.16424744025
521237.787215289,5654510.46939679,0.177147408828393,4841.69500911152
521737.787215289,5654510.46939679,0.179981622525565,4843.31167545197
522237.787215289,5654510.46939679,0.179981622525565,4843.31167545197
522737.787215289,5654510.46939679,0.172808042556193,4839.18103967451
523237.787215289,5654510.46939679,0.17133717362154,4838.31789368126
523737.787215289,5654510.46939679,0.162237299771293,4832.84603598985
524237.787215289,5654510.46939679,0.155887589377238,4828.88348247244
524737.787215289,5654510.46939679,0.147593188332337,4823.50906746423
525237.787215289,5654510.46939679,0.138852417274884,4817.57489037694
525737.787215289,5654510.46939679,0.129599424905885,4810.94968448017
526237.787215289,5654510.46939679,0.111364712407748,4796.64336514201
526737.787215289,5654510.46939679,0.102449388411146,4788.90720643577
527237.787215289,5654510.46939679,0.0903973402450306,4777.46204662746
527737.787215289,5654510.46939679,0.0878437035976753,4774.86604049991
528237.787215289,5654510.46939679,0.0878437035976753,4774.86604049991
528737.787215289,5654510.46939679,0.100126245656772,4786.79598008351
529237.787215289,5654510.46939679,0.10697909857011,4792.90721006812
529737.787215289,5654510.46939679,0.117698370979219,4801.82307506073
478737.787215289,5655010.46939679,0.135216937551355,4815.01658702522
479237.787215289,5655010.46939679,0.145882615295986,4822.37062298577
479737.787215289,5655010.46939679,0.145882615295986,4822.37062298577
480237.787215289,5655010.46939679,0.135216937551355,4815.01658702522
480737.787215289,5655010.46939679,0.123767479052169,4806.5694125636
481237.787215289,5655010.46939679,0.10697909857011,4792.90721006812
481737.787215289,5655010.46939679,0.111364712407748,4796.64336514201
482237.787215289,5655010.46939679,0.117698370979219,4801.82307506073
482737.787215289,5655010.46939679,0.238626523415799,4873.21438940009
483237.787215289,5655010.46939679,0.131494734505549,4812.33786511467
483737.787215289,5655010.46939679,0.142406135464596,4820.0231889282
484237.787215289,5655010.46939679,0.155887589377238,4828.88348247244
484737.787215289,5655010.46939679,0.17133717362154,4838.31789368126
485237.787215289,5655010.46939679,0.178570213027688,4842.50903484954
485737.787215289,5655010.46939679,0.178570213027688,4842.50903484954
486237.787215289,5655010.46939679,0.178570213027688,4842.50903484954
486737.787215289,5655010.46939679,0.178570213027688,4842.50903484954
487237.787215289,5655010.46939679,0.190884943178944,4849.35728175737
487737.787215289,5655010.46939679,0.204872797011721,4856.74912806425
488237.787215289,5655010.46939679,0.219005516329522,4863.85678293542
488737.787215289,5655010.46939679,0.238626523415799,4873.21438940009
489237.787215289,5655010.46939679,0.238626523415799,4873.21438940009
489737.787215289,5655010.46939679,0.203644682630134,4856.11513631612
490237.787215289,5655010.46939679,0.190884943178944,4849.35728175737
490737.787215289,5655010.46939679,0.198647935479175,4853.50671687375
491237.787215289,5655010.46939679,0.307305096007326,4902.55865453335
491737.787215289,5655010.46939679,0.307305096007326,4902.55865453335
492237.787215289,5655010.46939679,0.17133717362154,4838.31789368126
492737.787215289,5655010.46939679,0.155887589377238,4828.88348247244
493237.787215289,5655010.46939679,0.135216937551355,4815.01658702522
493737.787215289,5655010.46939679,0.127680305801758,4809.52676206766
494237.787215289,5655010.46939679,0.117698370979219,4801.82307506073
494737.787215289,5655010.46939679,0.0977617182894351,4784.60294204716
495237.787215289,5655010.46939679,0.104733074980408,4790.94251763655
495737.787215289,5655010.46939679,0.117698370979219,4801.82307506073
496237.787215289,5655010.46939679,0.127680305801758,4809.52676206766
496737.787215289,5655010.46939679,0.149285929551669,4824.6252153441
497237.787215289,5655010.46939679,0.165324723549297,4834.72877437842
497737.787215289,5655010.46939679,0.177147408828393,4841.69500911152
498237.787215289,5655010.46939679,0.190884943178944,4849.35728175737
498737.787215289,5655010.46939679,0.203644682630134,4856.11513631612
499237.787215289,5655010.46939679,0.307305096007326,4902.55865453335
499737.787215289,5655010.46939679,0.307305096007326,4902.55865453335
500237.787215289,5655010.46939679,0.307305096007326,4902.55865453335
500737.787215289,5655010.46939679,0.307305096007326,4902.55865453335
501237.787215289,5655010.46939679,0.307305096007326,4902.55865453335
501737.787215289,5655010.46939679,0.307305096007326,4902.55865453335
502237.787215289,5655010.46939679,0.307305096007326,4902.55865453335
502737.787215289,5655010.46939679,0.307305096007326,4902.55865453335
503237.787215289,5655010.46939679,0.307305096007326,4902.55865453335
503737.787215289,5655010.46939679,0.307305096007326,4902.55865453335
504237.787215289,5655010.46939679,0.307305096007326,4902.55865453335
504737.787215289,5655010.46939679,0.307305096007326,4902.55865453335
505237.787215289,5655010.46939679,0.307305096007326,4902.55865453335
505737.787215289,5655010.46939679,0.203644682630134,4856.11513631612
506237.787215289,5655010.46939679,0.203644682630134,4856.11513631612
506737.787215289,5655010.46939679,0.203644682630134,4856.11513631612
507237.787215289,5655010.46939679,0.203644682630134,4856.11513631612
507737.787215289,5655010.46939679,0.198647935479175,4853.50671687375
508237.787215289,5655010.46939679,0.203644682630134,4856.11513631612
508737.787215289,5655010.46939679,0.203644682630134,4856.11513631612
509237.787215289,5655010.46939679,0.198647935479175,4853.50671687375
509737.787215289,5655010.46939679,0.190884943178944,4849.35728175737
510237.787215289,5655010.46939679,0.178570213027688,4842.50903484954
510737.787215289,5655010.46939679,0.177147408828393,4841.69500911152
511237.787215289,5655010.46939679,0.181381757378009,4844.10319509228
511737.787215289,5655010.46939679,0.190884943178944,4849.35728175737
512237.787215289,5655010.46939679,0.207304637508709,4857.99649243197
512737.787215289,5655010.46939679,0.221259859267649,4864.96042115906
513237.787215289,5655010.46939679,0.249317324331622,4878.09752440911
513737.787215289,5655010.46939679,0.267729407311648,4886.20223585991
514237.787215289,5655010.46939679,0.284538634095151,4893.30844766116
514737.787215289,5655010.46939679,0.305867484016065,4901.98589346368
515237.787215289,5655010.46939679,0.330248040936831,4911.51874429858
515737.787215289,5655010.46939679,0.360802369610381,4923.00331407789
516237.787215289,5655010.46939679,0.451372294618646,4955.15347813421
516737.787215289,5655010.46939679,0.508005886240932,4974.63884983595
517237.787215289,5655010.46939679,0.360802369610381,4923.00331407789
517737.787215289,5655010.46939679,0.341979399799068,4915.98242857609
518237.787215289,5655010.46939679,0.312254969260653,4904.51997554368
518737.787215289,5655010.46939679,0.289310078201249,4895.28052274906
519237.787215289,5655010.46939679,0.244424492747072,4875.88002918648
519737.787215289,5655010.46939679,0.226779717943195,4867.63026447861
520237.787215289,5655010.46939679,0.199910000267629,4854.1700082791
520737.787215289,5655010.46939679,0.182770897027725,4844.88393917518
521237.787215289,5655010.46939679,0.169853654171881,4837.44150704737
521737.787215289,5655010.46939679,0.17133717362154,4838.31789368126
522237.787215289,5655010.46939679,0.17133717362154,4838.31789368126
522737.787215289,5655010.46939679,0.165324723549297,4834.72877437842
523237.787215289,5655010.46939679,0.162237299771293,4832.84603598985
523737.787215289,5655010.46939679,0.154261740620563,4827.84833209261
524237.787215289,5655010.46939679,0.147593188332337,4823.50906746423
524737.787215289,5655010.46939679,0.140639207026501,4818.81219358092
525237.787215289,5655010.46939679,0.129599424905885,4810.94968448017
525737.787215289,5655010.46939679,0.119749350536903,4803.44967025295
526237.787215289,5655010.46939679,0.102449388411146,4788.90720643577
526737.787215289,5655010.46939679,0.0977617182894351,4784.60294204716
527237.787215289,5655010.46939679,0.0977617182894351,4784.60294204716
527737.787215289,5655010.46939679,0.0977617182894351,4784.60294204716
528237.787215289,5655010.46939679,0.0953536467265761,4782.32142479561
528737.787215289,5655010.46939679,0.10697909857011,4792.90721006812
529237.787215289,5655010.46939679,0.115618061899259,4800.14850510016
478737.787215289,5655510.46939679,0.149285929551669,4824.6252153441
479237.787215289,5655510.46939679,0.165324723549297,4834.72877437842
479737.787215289,5655510.46939679,0.165324723549297,4834.72877437842
480237.787215289,5655510.46939679,0.149285929551669,4824.6252153441
480737.787215289,5655510.46939679,0.135216937551355,4815.01658702522
481237.787215289,5655510.46939679,0.121772049325338,4805.03095871716
481737.787215289,5655510.46939679,0.127680305801758,4809.52676206766
482237.787215289,5655510.46939679,0.133367011864724,4813.69299004443
482737.787215289,5655510.46939679,0.142406135464596,4820.0231889282
483237.787215289,5655510.46939679,0.147593188332337,4823.50906746423
483737.787215289,5655510.46939679,0.155887589377238,4828.88348247244
484237.787215289,5655510.46939679,0.17133717362154,4838.31789368126
484737.787215289,5655510.46939679,0.188221055557947,4847.9046198625
485237.787215289,5655510.46939679,0.203644682630134,4856.11513631612
485737.787215289,5655510.46939679,0.203644682630134,4856.11513631612
486237.787215289,5655510.46939679,0.203644682630134,4856.11513631612
486737.787215289,5655510.46939679,0.203644682630134,4856.11513631612
487237.787215289,5655510.46939679,0.307305096007326,4902.55865453335
487737.787215289,5655510.46939679,0.307305096007326,4902.55865453335
488237.787215289,5655510.46939679,0.238626523415799,4873.21438940009
488737.787215289,5655510.46939679,0.310853496776716,4903.9663289126
489237.787215289,5655510.46939679,0.203644682630134,4856.11513631612
489737.787215289,5655510.46939679,0.188221055557947,4847.9046198625
490237.787215289,5655510.46939679,0.17133717362154,4838.31789368126
490737.787215289,5655510.46939679,0.203644682630134,4856.11513631612
491237.787215289,5655510.46939679,0.307305096007326,4902.55865453335
491737.787215289,5655510.46939679,0.203644682630134,4856.11513631612
492237.787215289,5655510.46939679,0.188221055557947,4847.9046198625
492737.787215289,5655510.46939679,0.17133717362154,4838.31789368126
493237.787215289,5655510.46939679,0.152619774626411,4826.79405511161
493737.787215289,5655510.46939679,0.142406135464596,4820.0231889282
494237.787215289,5655510.46939679,0.129599424905885,4810.94968448017
494737.787215289,5655510.46939679,0.111364712407748,4796.64336514201
495237.787215289,5655510.46939679,0.119749350536903,4803.44967025295
495737.787215289,5655510.46939679,0.129599424905885,4810.94968448017
496237.787215289,5655510.46939679,0.142406135464596,4820.0231889282
496737.787215289,5655510.46939679,0.165324723549297,4834.72877437842
497237.787215289,5655510.46939679,0.181381757378009,4844.10319509228
497737.787215289,5655510.46939679,0.198647935479175,4853.50671687375
498237.787215289,5655510.46939679,0.307305096007326,4902.55865453335
498737.787215289,5655510.46939679,0.307305096007326,4902.55865453335
499237.787215289,5655510.46939679,0.307305096007326,4902.55865453335
499737.787215289,5655510.46939679,0.307305096007326,4902.55865453335
500237.787215289,5655510.46939679,0.203644682630134,4856.11513631612
500737.787215289,5655510.46939679,0.203644682630134,4856.11513631612
501237.787215289,5655510.46939679,0.307305096007326,4902.55865453335
501737.787215289,5655510.46939679,0.203644682630134,4856.11513631612
502237.787215289,5655510.46939679,0.203644682630134,4856.11513631612
502737.787215289,5655510.46939679,0.203644682630134,4856.11513631612
503237.787215289,5655510.46939679,0.307305096007326,4902.55865453335
503737.787215289,5655510.46939679,0.203644682630134,4856.11513631612
504237.787215289,5655510.46939679,0.307305096007326,4902.55865453335
504737.787215289,5655510.46939679,0.307305096007326,4902.55865453335
505237.787215289,5655510.46939679,0.307305096007326,4902.55865453335
505737.787215289,5655510.46939679,0.307305096007326,4902.55865453335
506237.787215289,5655510.46939679,0.307305096007326,4902.55865453335
506737.787215289,5655510.46939679,0.307305096007326,4902.55865453335
507237.787215289,5655510.46939679,0.307305096007326,4902.55865453335
507737.787215289,5655510.46939679,0.307305096007326,4902.55865453335
508237.787215289,5655510.46939679,0.307305096007326,4902.55865453335
508737.787215289,5655510.46939679,0.307305096007326,4902.55865453335
509237.787215289,5655510.46939679,0.307305096007326,4902.55865453335
509737.787215289,5655510.46939679,0.307305096007326,4902.55865453335
510237.787215289,5655510.46939679,0.203644682630134,4856.11513631612
510737.787215289,5655510.46939679,0.198647935479175,4853.50671687375
511237.787215289,5655510.46939679,0.198647935479175,4853.50671687375
511737.787215289,5655510.46939679,0.207304637508709,4857.99649243197
512237.787215289,5655510.46939679,0.224591184783008,4866.57712867393
512737.787215289,5655510.46939679,0.24041790202788,4874.04249932736
513237.787215289,5655510.46939679,0.259661135771656,4882.69519248808
513737.787215289,5655510.46939679,0.282108233105312,4892.2966099126
514237.787215289,5655510.46939679,0.302226160878992,4900.52866021373
514737.787215289,5655510.46939679,0.326391007888132,4910.03476858847
515237.787215289,5655510.46939679,0.451372294618646,4955.15347813421
515737.787215289,5655510.46939679,0.451372294618646,4955.15347813421
516237.787215289,5655510.46939679,0.508005886240932,4974.63884983595
516737.787215289,5655510.46939679,0.377944765446883,4929.26768997754
517237.787215289,5655510.46939679,0.347879665611964,4918.20087198456
517737.787215289,5655510.46939679,0.314338363753335,4905.34062853485
518237.787215289,5655510.46939679,0.296254626482713,4898.1180745183
518737.787215289,5655510.46939679,0.277154275782714,4890.21825460221
519237.787215289,5655510.46939679,0.236325175789713,4872.14445140177
519737.787215289,5655510.46939679,0.216723625500808,4862.73155906954
520237.787215289,5655510.46939679,0.190884943178944,4849.35728175737
520737.787215289,5655510.46939679,0.175712918185514,4840.86922644503
521237.787215289,5655510.46939679,0.160672201504363,4831.88086186033
521737.787215289,5655510.46939679,0.155887589377238,4828.88348247244
522237.787215289,5655510.46939679,0.154261740620563,4827.84833209261
522737.787215289,5655510.46939679,0.149285929551669,4824.6252153441
523237.787215289,5655510.46939679,0.145882615295986,4822.37062298577
523737.787215289,5655510.46939679,0.140639207026501,4818.81219358092
524237.787215289,5655510.46939679,0.135216937551355,4815.01658702522
524737.787215289,5655510.46939679,0.129599424905885,4810.94968448017
525237.787215289,5655510.46939679,0.123767479052169,4806.5694125636
525737.787215289,5655510.46939679,0.115618061899259,4800.14850510016
526237.787215289,5655510.46939679,0.102449388411146,4788.90720643577
526737.787215289,5655510.46939679,0.102449388411146,4788.90720643577
527237.787215289,5655510.46939679,0.102449388411146,4788.90720643577
527737.787215289,5655510.46939679,0.102449388411146,4788.90720643577
528237.787215289,5655510.46939679,0.100126245656772,4786.79598008351
528737.787215289,5655510.46939679,0.111364712407748,4796.64336514201
529237.787215289,5655510.46939679,0.119749350536903,4803.44967025295
479237.787215289,5656010.46939679,0.177147408828393,4841.69500911152
479737.787215289,5656010.46939679,0.177147408828393,4841.69500911152
480237.787215289,5656010.46939679,0.155887589377238,4828.88348247244
480737.787215289,5656010.46939679,0.142406135464596,4820.0231889282
481237.787215289,5656010.46939679,0.131494734505549,4812.33786511467
481737.787215289,5656010.46939679,0.135216937551355,4815.01658702522
482237.787215289,5656010.46939679,0.142406135464596,4820.0231889282
482737.787215289,5656010.46939679,0.152619774626411,4826.79405511161
483237.787215289,5656010.46939679,0.155887589377238,4828.88348247244
483737.787215289,5656010.46939679,0.166847714411858,4835.64739757805
484237.787215289,5656010.46939679,0.181381757378009,4844.10319509228
484737.787215289,5656010.46939679,0.198647935479175,4853.50671687375
485237.787215289,5656010.46939679,0.307305096007326,4902.55865453335
485737.787215289,5656010.46939679,0.307305096007326,4902.55865453335
486237.787215289,5656010.46939679,0.307305096007326,4902.55865453335
486737.787215289,5656010.46939679,0.307305096007326,4902.55865453335
487237.787215289,5656010.46939679,0.307305096007326,4902.55865453335
487737.787215289,5656010.46939679,0.307305096007326,4902.55865453335
488237.787215289,5656010.46939679,0.307305096007326,4902.55865453335
488737.787215289,5656010.46939679,0.203644682630134,4856.11513631612
489237.787215289,5656010.46939679,0.190884943178944,4849.35728175737
489737.787215289,5656010.46939679,0.177147408828393,4841.69500911152
490237.787215289,5656010.46939679,0.166847714411858,4835.64739757805
490737.787215289,5656010.46939679,0.203644682630134,4856.11513631612
491237.787215289,5656010.46939679,0.307305096007326,4902.55865453335
491737.787215289,5656010.46939679,0.307305096007326,4902.55865453335
492237.787215289,5656010.46939679,0.198647935479175,4853.50671687375
492737.787215289,5656010.46939679,0.181381757378009,4844.10319509228
493237.787215289,5656010.46939679,0.162237299771293,4832.84603598985
493737.787215289,5656010.46939679,0.149285929551669,4824.6252153441
494237.787215289,5656010.46939679,0.135216937551355,4815.01658702522
494737.787215289,5656010.46939679,0.117698370979219,4801.82307506073
495237.787215289,5656010.46939679,0.127680305801758,4809.52676206766
495737.787215289,5656010.46939679,0.135216937551355,4815.01658702522
496237.787215289,5656010.46939679,0.149285929551669,4824.6252153441
496737.787215289,5656010.46939679,0.17133717362154,4838.31789368126
497237.787215289,5656010.46939679,0.188221055557947,4847.9046198625
497737.787215289,5656010.46939679,0.203644682630134,4856.11513631612
498237.787215289,5656010.46939679,0.307305096007326,4902.55865453335
498737.787215289,5656010.46939679,0.307305096007326,4902.55865453335
499237.787215289,5656010.46939679,0.203644682630134,4856.11513631612
499737.787215289,5656010.46939679,0.203644682630134,4856.11513631612
500237.787215289,5656010.46939679,0.198647935479175,4853.50671687375
500737.787215289,5656010.46939679,0.198647935479175,4853.50671687375
501237.787215289,5656010.46939679,0.203644682630134,4856.11513631612
501737.787215289,5656010.46939679,0.190884943178944,4849.35728175737
502237.787215289,5656010.46939679,0.198647935479175,4853.50671687375
502737.787215289,5656010.46939679,0.190884943178944,4849.35728175737
503237.787215289,5656010.46939679,0.203644682630134,4856.11513631612
503737.787215289,5656010.46939679,0.198647935479175,4853.50671687375
504237.787215289,5656010.46939679,0.203644682630134,4856.11513631612
504737.787215289,5656010.46939679,0.203644682630134,4856.11513631612
505237.787215289,5656010.46939679,0.307305096007326,4902.55865453335
505737.787215289,5656010.46939679,0.307305096007326,4902.55865453335
506237.787215289,5656010.46939679,0.307305096007326,4902.55865453335
506737.787215289,5656010.46939679,0.307305096007326,4902.55865453335
507237.787215289,5656010.46939679,0.307305096007326,4902.55865453335
507737.787215289,5656010.46939679,0.307305096007326,4902.55865453335
508237.787215289,5656010.46939679,0.307305096007326,4902.55865453335
508737.787215289,5656010.46939679,0.307305096007326,4902.55865453335
509237.787215289,5656010.46939679,0.307305096007326,4902.55865453335
509737.787215289,5656010.46939679,0.307305096007326,4902.55865453335
510237.787215289,5656010.46939679,0.307305096007326,4902.55865453335
510737.787215289,5656010.46939679,0.203644682630134,4856.11513631612
511237.787215289,5656010.46939679,0.207304637508709,4857.99649243197
511737.787215289,5656010.46939679,0.215572106622318,4862.16057956976
512237.787215289,5656010.46939679,0.234245196487586,4871.17142893327
512737.787215289,5656010.46939679,0.249317324331622,4878.09752440911
513237.787215289,5656010.46939679,0.267729407311648,4886.20223585991
513737.787215289,5656010.46939679,0.286142175559228,4893.97330671512
514237.787215289,5656010.46939679,0.310148985920393,4903.68752101852
514737.787215289,5656010.46939679,0.451372294618646,4955.15347813421
515237.787215289,5656010.46939679,0.451372294618646,4955.15347813421
515737.787215289,5656010.46939679,0.451372294618646,4955.15347813421
516237.787215289,5656010.46939679,0.508005886240932,4974.63884983595
516737.787215289,5656010.46939679,0.377944765446883,4929.26768997754
517237.787215289,5656010.46939679,0.341979399799068,4915.98242857609
517737.787215289,5656010.46939679,0.305867484016065,4901.98589346368
518237.787215289,5656010.46939679,0.286938979936324,4894.30287974488
518737.787215289,5656010.46939679,0.269477529261568,4886.95349910946
519237.787215289,5656010.46939679,0.232142146448353,4870.18169673375
519737.787215289,5656010.46939679,0.213247394857205,4861.00129953139
520237.787215289,5656010.46939679,0.186874084549585,4847.16424744025
520737.787215289,5656010.46939679,0.17133717362154,4838.31789368126
521237.787215289,5656010.46939679,0.155887589377238,4828.88348247244
521737.787215289,5656010.46939679,0.147593188332337,4823.50906746423
522237.787215289,5656010.46939679,0.145882615295986,4822.37062298577
522737.787215289,5656010.46939679,0.142406135464596,4820.0231889282
523237.787215289,5656010.46939679,0.138852417274884,4817.57489037694
523737.787215289,5656010.46939679,0.133367011864724,4813.69299004443
524237.787215289,5656010.46939679,0.129599424905885,4810.94968448017
524737.787215289,5656010.46939679,0.123767479052169,4806.5694125636
525237.787215289,5656010.46939679,0.113507248464434,4798.42300343546
525737.787215289,5656010.46939679,0.111364712407748,4796.64336514201
526237.787215289,5656010.46939679,0.113507248464434,4798.42300343546
526737.787215289,5656010.46939679,0.113507248464434,4798.42300343546
527237.787215289,5656010.46939679,0.113507248464434,4798.42300343546
527737.787215289,5656010.46939679,0.113507248464434,4798.42300343546
528237.787215289,5656010.46939679,0.111364712407748,4796.64336514201
528737.787215289,5656010.46939679,0.119749350536903,4803.44967025295
479237.787215289,5656510.46939679,0.198647935479175,4853.50671687375
479737.787215289,5656510.46939679,0.198647935479175,4853.50671687375
480237.787215289,5656510.46939679,0.17133717362154,4838.31789368126
480737.787215289,5656510.46939679,0.152619774626411,4826.79405511161
481237.787215289,5656510.46939679,0.147593188332337,4823.50906746423
481737.787215289,5656510.46939679,0.155887589377238,4828.88348247244
482237.787215289,5656510.46939679,0.162237299771293,4832.84603598985
482737.787215289,5656510.46939679,0.17133717362154,4838.31789368126
483237.787215289,5656510.46939679,0.178570213027688,4842.50903484954
483737.787215289,5656510.46939679,0.190884943178944,4849.35728175737
484237.787215289,5656510.46939679,0.198647935479175,4853.50671687375
484737.787215289,5656510.46939679,0.307305096007326,4902.55865453335
485237.787215289,5656510.46939679,0.307305096007326,4902.55865453335
485737.787215289,5656510.46939679,0.307305096007326,4902.55865453335
486237.787215289,5656510.46939679,0.307305096007326,4902.55865453335
486737.787215289,5656510.46939679,0.307305096007326,4902.55865453335
487237.787215289,5656510.46939679,0.307305096007326,4902.55865453335
487737.787215289,5656510.46939679,0.198647935479175,4853.50671687375
488237.787215289,5656510.46939679,0.190884943178944,4849.35728175737
488737.787215289,5656510.46939679,0.181381757378009,4844.10319509228
489237.787215289,5656510.46939679,0.17133717362154,4838.31789368126
489737.787215289,5656510.46939679,0.155887589377238,4828.88348247244
490237.787215289,5656510.46939679,0.162237299771293,4832.84603598985
490737.787215289,5656510.46939679,0.188221055557947,4847.9046198625
491237.787215289,5656510.46939679,0.203644682630134,4856.11513631612
491737.787215289,5656510.46939679,0.307305096007326,4902.55865453335
492237.787215289,5656510.46939679,0.307305096007326,4902.55865453335
492737.787215289,5656510.46939679,0.198647935479175,4853.50671687375
493237.787215289,5656510.46939679,0.181381757378009,4844.10319509228
493737.787215289,5656510.46939679,0.165324723549297,4834.72877437842
494237.787215289,5656510.46939679,0.149285929551669,4824.6252153441
494737.787215289,5656510.46939679,0.129599424905885,4810.94968448017
495237.787215289,5656510.46939679,0.142406135464596,4820.0231889282
495737.787215289,5656510.46939679,0.155887589377238,4828.88348247244
496237.787215289,5656510.46939679,0.165324723549297,4834.72877437842
496737.787215289,5656510.46939679,0.190884943178944,4849.35728175737
497237.787215289,5656510.46939679,0.203644682630134,4856.11513631612
497737.787215289,5656510.46939679,0.307305096007326,4902.55865453335
498237.787215289,5656510.46939679,0.307305096007326,4902.55865453335
498737.787215289,5656510.46939679,0.203644682630134,4856.11513631612
499237.787215289,5656510.46939679,0.188221055557947,4847.9046198625
499737.787215289,5656510.46939679,0.178570213027688,4842.50903484954
500237.787215289,5656510.46939679,0.177147408828393,4841.69500911152
500737.787215289,5656510.46939679,0.177147408828393,4841.69500911152
501237.787215289,5656510.46939679,0.178570213027688,4842.50903484954
501737.787215289,5656510.46939679,0.17133717362154,4838.31789368126
502237.787215289,5656510.46939679,0.177147408828393,4841.69500911152
502737.787215289,5656510.46939679,0.17133717362154,4838.31789368126
503237.787215289,5656510.46939679,0.178570213027688,4842.50903484954
503737.787215289,5656510.46939679,0.177147408828393,4841.69500911152
504237.787215289,5656510.46939679,0.178570213027688,4842.50903484954
504737.787215289,5656510.46939679,0.178570213027688,4842.50903484954
505237.787215289,5656510.46939679,0.190884943178944,4849.35728175737
505737.787215289,5656510.46939679,0.190884943178944,4849.35728175737
506237.787215289,5656510.46939679,0.190884943178944,4849.35728175737
506737.787215289,5656510.46939679,0.190884943178944,4849.35728175737
507237.787215289,5656510.46939679,0.198647935479175,4853.50671687375
507737.787215289,5656510.46939679,0.307305096007326,4902.55865453335
508237.787215289,5656510.46939679,0.307305096007326,4902.55865453335
508737.787215289,5656510.46939679,0.203644682630134,4856.11513631612
509237.787215289,5656510.46939679,0.203644682630134,4856.11513631612
509737.787215289,5656510.46939679,0.307305096007326,4902.55865453335
510237.787215289,5656510.46939679,0.307305096007326,4902.55865453335
510737.787215289,5656510.46939679,0.307305096007326,4902.55865453335
511237.787215289,5656510.46939679,0.307305096007326,4902.55865453335
511737.787215289,5656510.46939679,0.307305096007326,4902.55865453335
512237.787215289,5656510.46939679,0.307305096007326,4902.55865453335
512737.787215289,5656510.46939679,0.307305096007326,4902.55865453335
513237.787215289,5656510.46939679,0.286142175559228,4893.97330671512
513737.787215289,5656510.46939679,0.307305096007326,4902.55865453335
514237.787215289,5656510.46939679,0.321126284897789,4907.99522547319
514737.787215289,5656510.46939679,0.451372294618646,4955.15347813421
515237.787215289,5656510.46939679,0.451372294618646,4955.15347813421
515737.787215289,5656510.46939679,0.451372294618646,4955.15347813421
516237.787215289,5656510.46939679,0.508005886240932,4974.63884983595
516737.787215289,5656510.46939679,0.377944765446883,4929.26768997754
517237.787215289,5656510.46939679,0.347879665611964,4918.20087198456
517737.787215289,5656510.46939679,0.312254969260653,4904.51997554368
518237.787215289,5656510.46939679,0.289310078201249,4895.28052274906
518737.787215289,5656510.46939679,0.266849437587693,4885.82293195792
519237.787215289,5656510.46939679,0.223487337621123,4866.04327223599
519737.787215289,5656510.46939679,0.203644682630134,4856.11513631612
520237.787215289,5656510.46939679,0.178570213027688,4842.50903484954
520737.787215289,5656510.46939679,0.163788034908898,4833.79516376729
521237.787215289,5656510.46939679,0.149285929551669,4824.6252153441
521737.787215289,5656510.46939679,0.133367011864724,4813.69299004443
522237.787215289,5656510.46939679,0.131494734505549,4812.33786511467
522737.787215289,5656510.46939679,0.129599424905885,4810.94968448017
523237.787215289,5656510.46939679,0.125736608457139,4808.06732080645
523737.787215289,5656510.46939679,0.121772049325338,4805.03095871716
524237.787215289,5656510.46939679,0.117698370979219,4801.82307506073
524737.787215289,5656510.46939679,0.113507248464434,4798.42300343546
525237.787215289,5656510.46939679,0.121772049325338,4805.03095871716
525737.787215289,5656510.46939679,0.238626523415799,4873.21438940009
526237.787215289,5656510.46939679,0.125736608457139,4808.06732080645
526737.787215289,5656510.46939679,0.125736608457139,4808.06732080645
527237.787215289,5656510.46939679,0.125736608457139,4808.06732080645
527737.787215289,5656510.46939679,0.238626523415799,4873.21438940009
528237.787215289,5656510.46939679,0.123767479052169,4806.5694125636
528737.787215289,5656510.46939679,0.129599424905885,4810.94968448017
479237.787215289,5657010.46939679,0.307305096007326,4902.55865453335
479737.787215289,5657010.46939679,0.307305096007326,4902.55865453335
480237.787215289,5657010.46939679,0.178570213027688,4842.50903484954
480737.787215289,5657010.46939679,0.155887589377238,4828.88348247244
481237.787215289,5657010.46939679,0.166847714411858,4835.64739757805
481737.787215289,5657010.46939679,0.177147408828393,4841.69500911152
482237.787215289,5657010.46939679,0.181381757378009,4844.10319509228
482737.787215289,5657010.46939679,0.190884943178944,4849.35728175737
483237.787215289,5657010.46939679,0.203644682630134,4856.11513631612
483737.787215289,5657010.46939679,0.307305096007326,4902.55865453335
484237.787215289,5657010.46939679,0.238626523415799,4873.21438940009
484737.787215289,5657010.46939679,0.307305096007326,4902.55865453335
485237.787215289,5657010.46939679,0.198647935479175,4853.50671687375
485737.787215289,5657010.46939679,0.190884943178944,4849.35728175737
486237.787215289,5657010.46939679,0.190884943178944,4849.35728175737
486737.787215289,5657010.46939679,0.190884943178944,4849.35728175737
487237.787215289,5657010.46939679,0.190884943178944,4849.35728175737
487737.787215289,5657010.46939679,0.177147408828393,4841.69500911152
488237.787215289,5657010.46939679,0.166847714411858,4835.64739757805
488737.787215289,5657010.46939679,0.162237299771293,4832.84603598985
489237.787215289,5657010.46939679,0.152619774626411,4826.79405511161
489737.787215289,5657010.46939679,0.138852417274884,4817.57489037694
490237.787215289,5657010.46939679,0.149285929551669,4824.6252153441
490737.787215289,5657010.46939679,0.17133717362154,4838.31789368126
491237.787215289,5657010.46939679,0.181381757378009,4844.10319509228
491737.787215289,5657010.46939679,0.190884943178944,4849.35728175737
492237.787215289,5657010.46939679,0.307305096007326,4902.55865453335
492737.787215289,5657010.46939679,0.307305096007326,4902.55865453335
493237.787215289,5657010.46939679,0.198647935479175,4853.50671687375
493737.787215289,5657010.46939679,0.181381757378009,4844.10319509228
494237.787215289,5657010.46939679,0.165324723549297,4834.72877437842
494737.787215289,5657010.46939679,0.142406135464596,4820.0231889282
495237.787215289,5657010.46939679,0.155887589377238,4828.88348247244
495737.787215289,5657010.46939679,0.177147408828393,4841.69500911152
496237.787215289,5657010.46939679,0.181381757378009,4844.10319509228
496737.787215289,5657010.46939679,0.307305096007326,4902.55865453335
497237.787215289,5657010.46939679,0.307305096007326,4902.55865453335
497737.787215289,5657010.46939679,0.307305096007326,4902.55865453335
498237.787215289,5657010.46939679,0.198647935479175,4853.50671687375
498737.787215289,5657010.46939679,0.181381757378009,4844.10319509228
499237.787215289,5657010.46939679,0.165324723549297,4834.72877437842
499737.787215289,5657010.46939679,0.155887589377238,4828.88348247244
500237.787215289,5657010.46939679,0.155887589377238,4828.88348247244
500737.787215289,5657010.46939679,0.155887589377238,4828.88348247244
501237.787215289,5657010.46939679,0.155887589377238,4828.88348247244
501737.787215289,5657010.46939679,0.152619774626411,4826.79405511161
502237.787215289,5657010.46939679,0.155887589377238,4828.88348247244
502737.787215289,5657010.46939679,0.152619774626411,4826.79405511161
503237.787215289,5657010.46939679,0.155887589377238,4828.88348247244
503737.787215289,5657010.46939679,0.165324723549297,4834.72877437842
504237.787215289,5657010.46939679,0.177147408828393,4841.69500911152
504737.787215289,5657010.46939679,0.181381757378009,4844.10319509228
505237.787215289,5657010.46939679,0.190884943178944,4849.35728175737
505737.787215289,5657010.46939679,0.190884943178944,4849.35728175737
506237.787215289,5657010.46939679,0.190884943178944,4849.35728175737
506737.787215289,5657010.46939679,0.198647935479175,4853.50671687375
507237.787215289,5657010.46939679,0.203644682630134,4856.11513631612
507737.787215289,5657010.46939679,0.307305096007326,4902.55865453335
508237.787215289,5657010.46939679,0.203644682630134,4856.11513631612
508737.787215289,5657010.46939679,0.186874084549585,4847.16424744025
509237.787215289,5657010.46939679,0.193509897065808,4850.77405701299
509737.787215289,5657010.46939679,0.202408260311013,4855.47405872145
510237.787215289,5657010.46939679,0.215572106622318,4862.16057956976
510737.787215289,5657010.46939679,0.234245196487586,4871.17142893327
511237.787215289,5657010.46939679,0.244424492747072,4875.88002918648
511737.787215289,5657010.46939679,0.307305096007326,4902.55865453335
512237.787215289,5657010.46939679,0.270345667691848,4887.3254845476
512737.787215289,5657010.46939679,0.307305096007326,4902.55865453335
513237.787215289,5657010.46939679,0.310148985920393,4903.68752101852
513737.787215289,5657010.46939679,0.321126284897789,4907.99522547319
514237.787215289,5657010.46939679,0.451372294618646,4955.15347813421
514737.787215289,5657010.46939679,0.451372294618646,4955.15347813421
515237.787215289,5657010.46939679,0.451372294618646,4955.15347813421
515737.787215289,5657010.46939679,0.451372294618646,4955.15347813421
516237.787215289,5657010.46939679,0.377944765446883,4929.26768997754
516737.787215289,5657010.46939679,0.508005886240932,4974.63884983595
517237.787215289,5657010.46939679,0.360802369610381,4923.00331407789
517737.787215289,5657010.46939679,0.321792229327965,4908.25412470301
518237.787215289,5657010.46939679,0.296254626482713,4898.1180745183
518737.787215289,5657010.46939679,0.272927025731657,4888.4273124062
519237.787215289,5657010.46939679,0.232142146448353,4870.18169673375
519737.787215289,5657010.46939679,0.213247394857205,4861.00129953139
520237.787215289,5657010.46939679,0.186874084549585,4847.16424744025
520737.787215289,5657010.46939679,0.17133717362154,4838.31789368126
521237.787215289,5657010.46939679,0.155887589377238,4828.88348247244
521737.787215289,5657010.46939679,0.129599424905885,4810.94968448017
522237.787215289,5657010.46939679,0.119749350536903,4803.44967025295
522737.787215289,5657010.46939679,0.115618061899259,4800.14850510016
523237.787215289,5657010.46939679,0.113507248464434,4798.42300343546
523737.787215289,5657010.46939679,0.117698370979219,4801.82307506073
524237.787215289,5657010.46939679,0.121772049325338,4805.03095871716
524737.787215289,5657010.46939679,0.125736608457139,4808.06732080645
525237.787215289,5657010.46939679,0.133367011864724,4813.69299004443
525737.787215289,5657010.46939679,0.137045193870479,4816.31010566449
526237.787215289,5657010.46939679,0.140639207026501,4818.81219358092
526737.787215289,5657010.46939679,0.140639207026501,4818.81219358092
527237.787215289,5657010.46939679,0.140639207026501,4818.81219358092
527737.787215289,5657010.46939679,0.140639207026501,4818.81219358092
528237.787215289,5657010.46939679,0.137045193870479,4816.31010566449
479237.787215289,5657510.46939679,0.307305096007326,4902.55865453335
479737.787215289,5657510.46939679,0.307305096007326,4902.55865453335
480237.787215289,5657510.46939679,0.178570213027688,4842.50903484954
480737.787215289,5657510.46939679,0.165324723549297,4834.72877437842
481237.787215289,5657510.46939679,0.178570213027688,4842.50903484954
481737.787215289,5657510.46939679,0.188221055557947,4847.9046198625
482237.787215289,5657510.46939679,0.190884943178944,4849.35728175737
482737.787215289,5657510.46939679,0.203644682630134,4856.11513631612
483237.787215289,5657510.46939679,0.307305096007326,4902.55865453335
483737.787215289,5657510.46939679,0.307305096007326,4902.55865453335
484237.787215289,5657510.46939679,0.307305096007326,4902.55865453335
484737.787215289,5657510.46939679,0.307305096007326,4902.55865453335
485237.787215289,5657510.46939679,0.190884943178944,4849.35728175737
485737.787215289,5657510.46939679,0.178570213027688,4842.50903484954
486237.787215289,5657510.46939679,0.178570213027688,4842.50903484954
486737.787215289,5657510.46939679,0.178570213027688,4842.50903484954
487237.787215289,5657510.46939679,0.178570213027688,4842.50903484954
487737.787215289,5657510.46939679,0.165324723549297,4834.72877437842
488237.787215289,5657510.46939679,0.155887589377238,4828.88348247244
488737.787215289,5657510.46939679,0.238626523415799,4873.21438940009
489237.787215289,5657510.46939679,0.238626523415799,4873.21438940009
489737.787215289,5657510.46939679,0.238626523415799,4873.21438940009
490237.787215289,5657510.46939679,0.142406135464596,4820.0231889282
490737.787215289,5657510.46939679,0.162237299771293,4832.84603598985
491237.787215289,5657510.46939679,0.17133717362154,4838.31789368126
491737.787215289,5657510.46939679,0.181381757378009,4844.10319509228
492237.787215289,5657510.46939679,0.307305096007326,4902.55865453335
492737.787215289,5657510.46939679,0.307305096007326,4902.55865453335
493237.787215289,5657510.46939679,0.203644682630134,4856.11513631612
493737.787215289,5657510.46939679,0.188221055557947,4847.9046198625
494237.787215289,5657510.46939679,0.17133717362154,4838.31789368126
494737.787215289,5657510.46939679,0.149285929551669,4824.6252153441
495237.787215289,5657510.46939679,0.165324723549297,4834.72877437842
495737.787215289,5657510.46939679,0.188221055557947,4847.9046198625
496237.787215289,5657510.46939679,0.190884943178944,4849.35728175737
496737.787215289,5657510.46939679,0.307305096007326,4902.55865453335
497237.787215289,5657510.46939679,0.307305096007326,4902.55865453335
497737.787215289,5657510.46939679,0.203644682630134,4856.11513631612
498237.787215289,5657510.46939679,0.188221055557947,4847.9046198625
498737.787215289,5657510.46939679,0.17133717362154,4838.31789368126
499237.787215289,5657510.46939679,0.155887589377238,4828.88348247244
499737.787215289,5657510.46939679,0.147593188332337,4823.50906746423
500237.787215289,5657510.46939679,0.145882615295986,4822.37062298577
500737.787215289,5657510.46939679,0.145882615295986,4822.37062298577
501237.787215289,5657510.46939679,0.145882615295986,4822.37062298577
501737.787215289,5657510.46939679,0.142406135464596,4820.0231889282
502237.787215289,5657510.46939679,0.152619774626411,4826.79405511161
502737.787215289,5657510.46939679,0.155887589377238,4828.88348247244
503237.787215289,5657510.46939679,0.155887589377238,4828.88348247244
503737.787215289,5657510.46939679,0.177147408828393,4841.69500911152
504237.787215289,5657510.46939679,0.188221055557947,4847.9046198625
504737.787215289,5657510.46939679,0.190884943178944,4849.35728175737
505237.787215289,5657510.46939679,0.203644682630134,4856.11513631612
505737.787215289,5657510.46939679,0.203644682630134,4856.11513631612
506237.787215289,5657510.46939679,0.203644682630134,4856.11513631612
506737.787215289,5657510.46939679,0.203644682630134,4856.11513631612
507237.787215289,5657510.46939679,0.307305096007326,4902.55865453335
507737.787215289,5657510.46939679,0.307305096007326,4902.55865453335
508237.787215289,5657510.46939679,0.307305096007326,4902.55865453335
508737.787215289,5657510.46939679,0.196097121158405,4852.15664402634
509237.787215289,5657510.46939679,0.202408260311013,4855.47405872145
509737.787215289,5657510.46939679,0.210893193277889,4859.81817154313
510237.787215289,5657510.46939679,0.224591184783008,4866.57712867393
510737.787215289,5657510.46939679,0.242431736072177,4874.96859233584
511237.787215289,5657510.46939679,0.255028321394675,4880.65063639141
511737.787215289,5657510.46939679,0.265077311088845,4885.05673752734
512237.787215289,5657510.46939679,0.282108233105312,4892.2966099126
512737.787215289,5657510.46939679,0.307305096007326,4902.55865453335
513237.787215289,5657510.46939679,0.321126284897789,4907.99522547319
513737.787215289,5657510.46939679,0.326391007888132,4910.03476858847
514237.787215289,5657510.46939679,0.451372294618646,4955.15347813421
514737.787215289,5657510.46939679,0.326391007888132,4910.03476858847
515237.787215289,5657510.46939679,0.326391007888132,4910.03476858847
515737.787215289,5657510.46939679,0.451372294618646,4955.15347813421
516237.787215289,5657510.46939679,0.377944765446883,4929.26768997754
516737.787215289,5657510.46939679,0.508005886240932,4974.63884983595
517237.787215289,5657510.46939679,0.364035489168648,4924.19356686123
517737.787215289,5657510.46939679,0.323117263962999,4908.76846355788
518237.787215289,5657510.46939679,0.30075038244981,4899.93536169762
518737.787215289,5657510.46939679,0.277988735736272,4890.56986263401
519237.787215289,5657510.46939679,0.236325175789713,4872.14445140177
519737.787215289,5657510.46939679,0.217868047649339,4863.29691568695
520237.787215289,5657510.46939679,0.190884943178944,4849.35728175737
520737.787215289,5657510.46939679,0.174266562379123,4840.03136932925
521237.787215289,5657510.46939679,0.159092456194012,4830.89911277944
521737.787215289,5657510.46939679,0.131494734505549,4812.33786511467
522237.787215289,5657510.46939679,0.117698370979219,4801.82307506073
522737.787215289,5657510.46939679,0.111364712407748,4796.64336514201
523237.787215289,5657510.46939679,0.111364712407748,4796.64336514201
523737.787215289,5657510.46939679,0.121772049325338,4805.03095871716
524237.787215289,5657510.46939679,0.127680305801758,4809.52676206766
524737.787215289,5657510.46939679,0.131494734505549,4812.33786511467
525237.787215289,5657510.46939679,0.140639207026501,4818.81219358092
525737.787215289,5657510.46939679,0.144153779694943,4821.20899799479
526237.787215289,5657510.46939679,0.147593188332337,4823.50906746423
526737.787215289,5657510.46939679,0.147593188332337,4823.50906746423
527237.787215289,5657510.46939679,0.147593188332337,4823.50906746423
527737.787215289,5657510.46939679,0.147593188332337,4823.50906746423
528237.787215289,5657510.46939679,0.144153779694943,4821.20899799479
479737.787215289,5658010.46939679,0.203644682630134,4856.11513631612
480237.787215289,5658010.46939679,0.177147408828393,4841.69500911152
480737.787215289,5658010.46939679,0.188221055557947,4847.9046198625
481237.787215289,5658010.46939679,0.198647935479175,4853.50671687375
481737.787215289,5658010.46939679,0.203644682630134,4856.11513631612
482237.787215289,5658010.46939679,0.307305096007326,4902.55865453335
482737.787215289,5658010.46939679,0.307305096007326,4902.55865453335
483237.787215289,5658010.46939679,0.307305096007326,4902.55865453335
483737.787215289,5658010.46939679,0.203644682630134,4856.11513631612
484237.787215289,5658010.46939679,0.203644682630134,4856.11513631612
484737.787215289,5658010.46939679,0.203644682630134,4856.11513631612
485237.787215289,5658010.46939679,0.181381757378009,4844.10319509228
485737.787215289,5658010.46939679,0.155887589377238,4828.88348247244
486237.787215289,5658010.46939679,0.155887589377238,4828.88348247244
486737.787215289,5658010.46939679,0.155887589377238,4828.88348247244
487237.787215289,5658010.46939679,0.155887589377238,4828.88348247244
487737.787215289,5658010.46939679,0.147593188332337,4823.50906746423
488237.787215289,5658010.46939679,0.238626523415799,4873.21438940009
488737.787215289,5658010.46939679,0.133367011864724,4813.69299004443
489237.787215289,5658010.46939679,0.127680305801758,4809.52676206766
489737.787215289,5658010.46939679,0.115618061899259,4800.14850510016
490237.787215289,5658010.46939679,0.129599424905885,4810.94968448017
490737.787215289,5658010.46939679,0.142406135464596,4820.0231889282
491237.787215289,5658010.46939679,0.152619774626411,4826.79405511161
491737.787215289,5658010.46939679,0.238626523415799,4873.21438940009
492237.787215289,5658010.46939679,0.198647935479175,4853.50671687375
492737.787215289,5658010.46939679,0.203644682630134,4856.11513631612
493237.787215289,5658010.46939679,0.307305096007326,4902.55865453335
493737.787215289,5658010.46939679,0.203644682630134,4856.11513631612
494237.787215289,5658010.46939679,0.181381757378009,4844.10319509228
494737.787215289,5658010.46939679,0.166847714411858,4835.64739757805
495237.787215289,5658010.46939679,0.181381757378009,4844.10319509228
495737.787215289,5658010.46939679,0.203644682630134,4856.11513631612
496237.787215289,5658010.46939679,0.307305096007326,4902.55865453335
496737.787215289,5658010.46939679,0.307305096007326,4902.55865453335
497237.787215289,5658010.46939679,0.203644682630134,4856.11513631612
497737.787215289,5658010.46939679,0.188221055557947,4847.9046198625
498237.787215289,5658010.46939679,0.17133717362154,4838.31789368126
498737.787215289,5658010.46939679,0.155887589377238,4828.88348247244
499237.787215289,5658010.46939679,0.135216937551355,4815.01658702522
499737.787215289,5658010.46939679,0.131494734505549,4812.33786511467
500237.787215289,5658010.46939679,0.127680305801758,4809.52676206766
500737.787215289,5658010.46939679,0.127680305801758,4809.52676206766
501237.787215289,5658010.46939679,0.142406135464596,4820.0231889282
501737.787215289,5658010.46939679,0.155887589377238,4828.88348247244
502237.787215289,5658010.46939679,0.17133717362154,4838.31789368126
502737.787215289,5658010.46939679,0.178570213027688,4842.50903484954
503237.787215289,5658010.46939679,0.178570213027688,4842.50903484954
503737.787215289,5658010.46939679,0.198647935479175,4853.50671687375
504237.787215289,5658010.46939679,0.203644682630134,4856.11513631612
504737.787215289,5658010.46939679,0.307305096007326,4902.55865453335
505237.787215289,5658010.46939679,0.307305096007326,4902.55865453335
505737.787215289,5658010.46939679,0.307305096007326,4902.55865453335
506237.787215289,5658010.46939679,0.307305096007326,4902.55865453335
506737.787215289,5658010.46939679,0.307305096007326,4902.55865453335
507237.787215289,5658010.46939679,0.307305096007326,4902.55865453335
507737.787215289,5658010.46939679,0.307305096007326,4902.55865453335
508237.787215289,5658010.46939679,0.202408260311013,4855.47405872145
508737.787215289,5658010.46939679,0.214413407435253,4861.58387084235
509237.787215289,5658010.46939679,0.221259859267649,4864.96042115906
509737.787215289,5658010.46939679,0.228943032111607,4868.66445090253
510237.787215289,5658010.46939679,0.244424492747072,4875.88002918648
510737.787215289,5658010.46939679,0.259661135771656,4882.69519248808
511237.787215289,5658010.46939679,0.275474422164073,4889.50852206093
511737.787215289,5658010.46939679,0.286142175559228,4893.97330671512
512237.787215289,5658010.46939679,0.302226160878992,4900.52866021373
512737.787215289,5658010.46939679,0.321126284897789,4907.99522547319
513237.787215289,5658010.46939679,0.451372294618646,4955.15347813421
513737.787215289,5658010.46939679,0.451372294618646,4955.15347813421
514237.787215289,5658010.46939679,0.451372294618646,4955.15347813421
514737.787215289,5658010.46939679,0.451372294618646,4955.15347813421
515237.787215289,5658010.46939679,0.451372294618646,4955.15347813421
515737.787215289,5658010.46939679,0.341979399799068,4915.98242857609
516237.787215289,5658010.46939679,0.364035489168648,4924.19356686123
516737.787215289,5658010.46939679,0.508005886240932,4974.63884983595
517237.787215289,5658010.46939679,0.372399651658358,4927.25351097423
517737.787215289,5658010.46939679,0.334653124349829,4913.20342496646
518237.787215289,5658010.46939679,0.312254969260653,4904.51997554368
518737.787215289,5658010.46939679,0.289310078201249,4895.28052274906
519237.787215289,5658010.46939679,0.24639668522463,4876.77729065378
519737.787215289,5658010.46939679,0.226779717943195,4867.63026447861
520237.787215289,5658010.46939679,0.198647935479175,4853.50671687375
520737.787215289,5658010.46939679,0.181381757378009,4844.10319509228
521237.787215289,5658010.46939679,0.163788034908898,4833.79516376729
521737.787215289,5658010.46939679,0.137045193870479,4816.31010566449
522237.787215289,5658010.46939679,0.123767479052169,4806.5694125636
522737.787215289,5658010.46939679,0.115618061899259,4800.14850510016
523237.787215289,5658010.46939679,0.121772049325338,4805.03095871716
523737.787215289,5658010.46939679,0.135216937551355,4815.01658702522
524237.787215289,5658010.46939679,0.140639207026501,4818.81219358092
524737.787215289,5658010.46939679,0.144153779694943,4821.20899799479
525237.787215289,5658010.46939679,0.154261740620563,4827.84833209261
525737.787215289,5658010.46939679,0.159092456194012,4830.89911277944
526237.787215289,5658010.46939679,0.163788034908898,4833.79516376729
526737.787215289,5658010.46939679,0.163788034908898,4833.79516376729
527237.787215289,5658010.46939679,0.163788034908898,4833.79516376729
527737.787215289,5658010.46939679,0.163788034908898,4833.79516376729
528237.787215289,5658010.46939679,0.238626523415799,4873.21438940009
479737.787215289,5658510.46939679,0.198647935479175,4853.50671687375
480237.787215289,5658510.46939679,0.181381757378009,4844.10319509228
480737.787215289,5658510.46939679,0.198647935479175,4853.50671687375
481237.787215289,5658510.46939679,0.203644682630134,4856.11513631612
481737.787215289,5658510.46939679,0.307305096007326,4902.55865453335
482237.787215289,5658510.46939679,0.307305096007326,4902.55865453335
482737.787215289,5658510.46939679,0.307305096007326,4902.55865453335
483237.787215289,5658510.46939679,0.203644682630134,4856.11513631612
483737.787215289,5658510.46939679,0.198647935479175,4853.50671687375
484237.787215289,5658510.46939679,0.190884943178944,4849.35728175737
484737.787215289,5658510.46939679,0.190884943178944,4849.35728175737
485237.787215289,5658510.46939679,0.17133717362154,4838.31789368126
485737.787215289,5658510.46939679,0.147593188332337,4823.50906746423
486237.787215289,5658510.46939679,0.145882615295986,4822.37062298577
486737.787215289,5658510.46939679,0.145882615295986,4822.37062298577
487237.787215289,5658510.46939679,0.145882615295986,4822.37062298577
487737.787215289,5658510.46939679,0.138852417274884,4817.57489037694
488237.787215289,5658510.46939679,0.238626523415799,4873.21438940009
488737.787215289,5658510.46939679,0.125736608457139,4808.06732080645
489237.787215289,5658510.46939679,0.119749350536903,4803.44967025295
489737.787215289,5658510.46939679,0.109189145731808,4794.80607133446
490237.787215289,5658510.46939679,0.121772049325338,4805.03095871716
490737.787215289,5658510.46939679,0.135216937551355,4815.01658702522
491237.787215289,5658510.46939679,0.142406135464596,4820.0231889282
491737.787215289,5658510.46939679,0.155887589377238,4828.88348247244
492237.787215289,5658510.46939679,0.188221055557947,4847.9046198625
492737.787215289,5658510.46939679,0.198647935479175,4853.50671687375
493237.787215289,5658510.46939679,0.307305096007326,4902.55865453335
493737.787215289,5658510.46939679,0.203644682630134,4856.11513631612
494237.787215289,5658510.46939679,0.190884943178944,4849.35728175737
494737.787215289,5658510.46939679,0.178570213027688,4842.50903484954
495237.787215289,5658510.46939679,0.188221055557947,4847.9046198625
495737.787215289,5658510.46939679,0.307305096007326,4902.55865453335
496237.787215289,5658510.46939679,0.307305096007326,4902.55865453335
496737.787215289,5658510.46939679,0.203644682630134,4856.11513631612
497237.787215289,5658510.46939679,0.190884943178944,4849.35728175737
497737.787215289,5658510.46939679,0.181381757378009,4844.10319509228
498237.787215289,5658510.46939679,0.162237299771293,4832.84603598985
498737.787215289,5658510.46939679,0.149285929551669,4824.6252153441
499237.787215289,5658510.46939679,0.127680305801758,4809.52676206766
499737.787215289,5658510.46939679,0.121772049325338,4805.03095871716
500237.787215289,5658510.46939679,0.123767479052169,4806.5694125636
500737.787215289,5658510.46939679,0.135216937551355,4815.01658702522
501237.787215289,5658510.46939679,0.152619774626411,4826.79405511161
501737.787215289,5658510.46939679,0.165324723549297,4834.72877437842
502237.787215289,5658510.46939679,0.181381757378009,4844.10319509228
502737.787215289,5658510.46939679,0.190884943178944,4849.35728175737
503237.787215289,5658510.46939679,0.190884943178944,4849.35728175737
503737.787215289,5658510.46939679,0.203644682630134,4856.11513631612
504237.787215289,5658510.46939679,0.307305096007326,4902.55865453335
504737.787215289,5658510.46939679,0.307305096007326,4902.55865453335
505237.787215289,5658510.46939679,0.307305096007326,4902.55865453335
505737.787215289,5658510.46939679,0.307305096007326,4902.55865453335
506237.787215289,5658510.46939679,0.307305096007326,4902.55865453335
506737.787215289,5658510.46939679,0.307305096007326,4902.55865453335
507237.787215289,5658510.46939679,0.203644682630134,4856.11513631612
507737.787215289,5658510.46939679,0.203644682630134,4856.11513631612
508237.787215289,5658510.46939679,0.215572106622318,4862.16057956976
508737.787215289,5658510.46939679,0.224591184783008,4866.57712867393
509237.787215289,5658510.46939679,0.230015409639212,4869.17464113205
509737.787215289,5658510.46939679,0.24041790202788,4874.04249932736
510237.787215289,5658510.46939679,0.255028321394675,4880.65063639141
510737.787215289,5658510.46939679,0.270345667691848,4887.3254845476
511237.787215289,5658510.46939679,0.284538634095151,4893.30844766116
511737.787215289,5658510.46939679,0.298515468260401,4899.03383945655
512237.787215289,5658510.46939679,0.312951901558429,4904.79481382904
512737.787215289,5658510.46939679,0.326391007888132,4910.03476858847
513237.787215289,5658510.46939679,0.451372294618646,4955.15347813421
513737.787215289,5658510.46939679,0.451372294618646,4955.15347813421
514237.787215289,5658510.46939679,0.451372294618646,4955.15347813421
514737.787215289,5658510.46939679,0.451372294618646,4955.15347813421
515237.787215289,5658510.46939679,0.451372294618646,4955.15347813421
515737.787215289,5658510.46939679,0.336510826507556,4913.91073826268
516237.787215289,5658510.46939679,0.364035489168648,4924.19356686123
516737.787215289,5658510.46939679,0.508005886240932,4974.63884983595
517237.787215289,5658510.46939679,0.377944765446883,4929.26768997754
517737.787215289,5658510.46939679,0.341979399799068,4915.98242857609
518237.787215289,5658510.46939679,0.31776192456307,4906.68311064141
518737.787215289,5658510.46939679,0.293967187528718,4897.18758382535
519237.787215289,5658510.46939679,0.25123990926248,4878.96116173272
519737.787215289,5658510.46939679,0.23108179351325,4869.68038116394
520237.787215289,5658510.46939679,0.201163405294982,4854.82573582224
520737.787215289,5658510.46939679,0.182770897027725,4844.88393917518
521237.787215289,5658510.46939679,0.166847714411858,4835.64739757805
521737.787215289,5658510.46939679,0.138852417274884,4817.57489037694
522237.787215289,5658510.46939679,0.127680305801758,4809.52676206766
522737.787215289,5658510.46939679,0.119749350536903,4803.44967025295
523237.787215289,5658510.46939679,0.127680305801758,4809.52676206766
523737.787215289,5658510.46939679,0.142406135464596,4820.0231889282
524237.787215289,5658510.46939679,0.147593188332337,4823.50906746423
524737.787215289,5658510.46939679,0.150961309673497,4825.71993824739
525237.787215289,5658510.46939679,0.162237299771293,4832.84603598985
525737.787215289,5658510.46939679,0.166847714411858,4835.64739757805
526237.787215289,5658510.46939679,0.17133717362154,4838.31789368126
526737.787215289,5658510.46939679,0.238626523415799,4873.21438940009
527237.787215289,5658510.46939679,0.17133717362154,4838.31789368126
527737.787215289,5658510.46939679,0.17133717362154,4838.31789368126
528237.787215289,5658510.46939679,0.166847714411858,4835.64739757805
479737.787215289,5659010.46939679,0.198647935479175,4853.50671687375
480237.787215289,5659010.46939679,0.307305096007326,4902.55865453335
480737.787215289,5659010.46939679,0.307305096007326,4902.55865453335
481237.787215289,5659010.46939679,0.307305096007326,4902.55865453335
481737.787215289,5659010.46939679,0.203644682630134,4856.11513631612
482237.787215289,5659010.46939679,0.198647935479175,4853.50671687375
482737.787215289,5659010.46939679,0.188221055557947,4847.9046198625
483237.787215289,5659010.46939679,0.177147408828393,4841.69500911152
483737.787215289,5659010.46939679,0.165324723549297,4834.72877437842
484237.787215289,5659010.46939679,0.155887589377238,4828.88348247244
484737.787215289,5659010.46939679,0.155887589377238,4828.88348247244
485237.787215289,5659010.46939679,0.147593188332337,4823.50906746423
485737.787215289,5659010.46939679,0.129599424905885,4810.94968448017
486237.787215289,5659010.46939679,0.117698370979219,4801.82307506073
486737.787215289,5659010.46939679,0.117698370979219,4801.82307506073
487237.787215289,5659010.46939679,0.117698370979219,4801.82307506073
487737.787215289,5659010.46939679,0.238626523415799,4873.21438940009
488237.787215289,5659010.46939679,0.238626523415799,4873.21438940009
488737.787215289,5659010.46939679,0.102449388411146,4788.90720643577
489237.787215289,5659010.46939679,0.0977617182894351,4784.60294204716
489737.787215289,5659010.46939679,0.0953536467265761,4782.32142479561
490237.787215289,5659010.46939679,0.115618061899259,4800.14850510016
490737.787215289,5659010.46939679,0.135216937551355,4815.01658702522
491237.787215289,5659010.46939679,0.149285929551669,4824.6252153441
491737.787215289,5659010.46939679,0.162237299771293,4832.84603598985
492237.787215289,5659010.46939679,0.166847714411858,4835.64739757805
492737.787215289,5659010.46939679,0.181381757378009,4844.10319509228
493237.787215289,5659010.46939679,0.203644682630134,4856.11513631612
493737.787215289,5659010.46939679,0.307305096007326,4902.55865453335
494237.787215289,5659010.46939679,0.307305096007326,4902.55865453335
494737.787215289,5659010.46939679,0.307305096007326,4902.55865453335
495237.787215289,5659010.46939679,0.203644682630134,4856.11513631612
495737.787215289,5659010.46939679,0.307305096007326,4902.55865453335
496237.787215289,5659010.46939679,0.203644682630134,4856.11513631612
496737.787215289,5659010.46939679,0.181381757378009,4844.10319509228
497237.787215289,5659010.46939679,0.165324723549297,4834.72877437842
497737.787215289,5659010.46939679,0.152619774626411,4826.79405511161
498237.787215289,5659010.46939679,0.135216937551355,4815.01658702522
498737.787215289,5659010.46939679,0.127680305801758,4809.52676206766
499237.787215289,5659010.46939679,0.119749350536903,4803.44967025295
499737.787215289,5659010.46939679,0.125736608457139,4808.06732080645
500237.787215289,5659010.46939679,0.142406135464596,4820.0231889282
500737.787215289,5659010.46939679,0.155887589377238,4828.88348247244
501237.787215289,5659010.46939679,0.181381757378009,4844.10319509228
501737.787215289,5659010.46939679,0.190884943178944,4849.35728175737
502237.787215289,5659010.46939679,0.203644682630134,4856.11513631612
502737.787215289,5659010.46939679,0.307305096007326,4902.55865453335
503237.787215289,5659010.46939679,0.307305096007326,4902.55865453335
503737.787215289,5659010.46939679,0.307305096007326,4902.55865453335
504237.787215289,5659010.46939679,0.203644682630134,4856.11513631612
504737.787215289,5659010.46939679,0.190884943178944,4849.35728175737
505237.787215289,5659010.46939679,0.188221055557947,4847.9046198625
505737.787215289,5659010.46939679,0.178570213027688,4842.50903484954
506237.787215289,5659010.46939679,0.178570213027688,4842.50903484954
506737.787215289,5659010.46939679,0.185516862312438,4846.41418676895
507237.787215289,5659010.46939679,0.206092735540719,4857.37619354013
507737.787215289,5659010.46939679,0.219005516329522,4863.85678293542
508237.787215289,5659010.46939679,0.242431736072177,4874.96859233584
508737.787215289,5659010.46939679,0.255028321394675,4880.65063639141
509237.787215289,5659010.46939679,0.262388207808778,4883.88802577367
509737.787215289,5659010.46939679,0.273779863967455,4888.7899588011
510237.787215289,5659010.46939679,0.284538634095151,4893.30844766116
510737.787215289,5659010.46939679,0.302226160878992,4900.52866021373
511237.787215289,5659010.46939679,0.312951901558429,4904.79481382904
511737.787215289,5659010.46939679,0.326391007888132,4910.03476858847
512237.787215289,5659010.46939679,0.451372294618646,4955.15347813421
512737.787215289,5659010.46939679,0.451372294618646,4955.15347813421
513237.787215289,5659010.46939679,0.451372294618646,4955.15347813421
513737.787215289,5659010.46939679,0.451372294618646,4955.15347813421
514237.787215289,5659010.46939679,0.326391007888132,4910.03476858847
514737.787215289,5659010.46939679,0.312951901558429,4904.79481382904
515237.787215289,5659010.46939679,0.302226160878992,4900.52866021373
515737.787215289,5659010.46939679,0.323117263962999,4908.76846355788
516237.787215289,5659010.46939679,0.341979399799068,4915.98242857609
516737.787215289,5659010.46939679,0.377944765446883,4929.26768997754
517237.787215289,5659010.46939679,0.508005886240932,4974.63884983595
517737.787215289,5659010.46939679,0.360802369610381,4923.00331407789
518237.787215289,5659010.46939679,0.334653124349829,4913.20342496646
518737.787215289,5659010.46939679,0.308732282660222,4903.12585526009
519237.787215289,5659010.46939679,0.260574469700827,4883.09555520855
519737.787215289,5659010.46939679,0.241427491878895,4874.50741127501
520237.787215289,5659010.46939679,0.213247394857205,4861.00129953139
520737.787215289,5659010.46939679,0.194808143483786,4851.46951779249
521237.787215289,5659010.46939679,0.179981622525565,4843.31167545197
521737.787215289,5659010.46939679,0.152619774626411,4826.79405511161
522237.787215289,5659010.46939679,0.138852417274884,4817.57489037694
522737.787215289,5659010.46939679,0.135216937551355,4815.01658702522
523237.787215289,5659010.46939679,0.144153779694943,4821.20899799479
523737.787215289,5659010.46939679,0.162237299771293,4832.84603598985
524237.787215289,5659010.46939679,0.169853654171881,4837.44150704737
524737.787215289,5659010.46939679,0.177147408828393,4841.69500911152
525237.787215289,5659010.46939679,0.185516862312438,4846.41418676895
525737.787215289,5659010.46939679,0.193509897065808,4850.77405701299
526237.787215289,5659010.46939679,0.190884943178944,4849.35728175737
526737.787215289,5659010.46939679,0.190884943178944,4849.35728175737
527237.787215289,5659010.46939679,0.189557984174279,4848.6355696933
527737.787215289,5659010.46939679,0.189557984174279,4848.6355696933
528237.787215289,5659010.46939679,0.184149193605806,4845.65417241519
479737.787215289,5659510.46939679,0.203644682630134,4856.11513631612
480237.787215289,5659510.46939679,0.307305096007326,4902.55865453335
480737.787215289,5659510.46939679,0.307305096007326,4902.55865453335
481237.787215289,5659510.46939679,0.203644682630134,4856.11513631612
481737.787215289,5659510.46939679,0.190884943178944,4849.35728175737
482237.787215289,5659510.46939679,0.188221055557947,4847.9046198625
482737.787215289,5659510.46939679,0.177147408828393,4841.69500911152
483237.787215289,5659510.46939679,0.165324723549297,4834.72877437842
483737.787215289,5659510.46939679,0.155887589377238,4828.88348247244
484237.787215289,5659510.46939679,0.147593188332337,4823.50906746423
484737.787215289,5659510.46939679,0.145882615295986,4822.37062298577
485237.787215289,5659510.46939679,0.138852417274884,4817.57489037694
485737.787215289,5659510.46939679,0.123767479052169,4806.5694125636
486237.787215289,5659510.46939679,0.111364712407748,4796.64336514201
486737.787215289,5659510.46939679,0.111364712407748,4796.64336514201
487237.787215289,5659510.46939679,0.111364712407748,4796.64336514201
487737.787215289,5659510.46939679,0.10697909857011,4792.90721006812
488237.787215289,5659510.46939679,0.238626523415799,4873.21438940009
488737.787215289,5659510.46939679,0.0953536467265761,4782.32142479561
489237.787215289,5659510.46939679,0.0903973402450306,4777.46204662746
489737.787215289,5659510.46939679,0.0977617182894351,4784.60294204716
490237.787215289,5659510.46939679,0.119749350536903,4803.44967025295
490737.787215289,5659510.46939679,0.142406135464596,4820.0231889282
491237.787215289,5659510.46939679,0.155887589377238,4828.88348247244
491737.787215289,5659510.46939679,0.17133717362154,4838.31789368126
492237.787215289,5659510.46939679,0.178570213027688,4842.50903484954
492737.787215289,5659510.46939679,0.178570213027688,4842.50903484954
493237.787215289,5659510.46939679,0.198647935479175,4853.50671687375
493737.787215289,5659510.46939679,0.307305096007326,4902.55865453335
494237.787215289,5659510.46939679,0.307305096007326,4902.55865453335
494737.787215289,5659510.46939679,0.307305096007326,4902.55865453335
495237.787215289,5659510.46939679,0.307305096007326,4902.55865453335
495737.787215289,5659510.46939679,0.307305096007326,4902.55865453335
496237.787215289,5659510.46939679,0.198647935479175,4853.50671687375
496737.787215289,5659510.46939679,0.17133717362154,4838.31789368126
497237.787215289,5659510.46939679,0.155887589377238,4828.88348247244
497737.787215289,5659510.46939679,0.142406135464596,4820.0231889282
498237.787215289,5659510.46939679,0.133367011864724,4813.69299004443
498737.787215289,5659510.46939679,0.137045193870479,4816.31010566449
499237.787215289,5659510.46939679,0.127680305801758,4809.52676206766
499737.787215289,5659510.46939679,0.133367011864724,4813.69299004443
500237.787215289,5659510.46939679,0.149285929551669,4824.6252153441
500737.787215289,5659510.46939679,0.165324723549297,4834.72877437842
501237.787215289,5659510.46939679,0.190884943178944,4849.35728175737
501737.787215289,5659510.46939679,0.203644682630134,4856.11513631612
502237.787215289,5659510.46939679,0.307305096007326,4902.55865453335
502737.787215289,5659510.46939679,0.307305096007326,4902.55865453335
503237.787215289,5659510.46939679,0.307305096007326,4902.55865453335
503737.787215289,5659510.46939679,0.203644682630134,4856.11513631612
504237.787215289,5659510.46939679,0.198647935479175,4853.50671687375
504737.787215289,5659510.46939679,0.181381757378009,4844.10319509228
505237.787215289,5659510.46939679,0.177147408828393,4841.69500911152
505737.787215289,5659510.46939679,0.166847714411858,4835.64739757805
506237.787215289,5659510.46939679,0.178570213027688,4842.50903484954
506737.787215289,5659510.46939679,0.192202215583475,4850.07004913044
507237.787215289,5659510.46939679,0.213247394857205,4861.00129953139
507737.787215289,5659510.46939679,0.22786447283093,4868.14967627558
508237.787215289,5659510.46939679,0.25123990926248,4878.96116173272
508737.787215289,5659510.46939679,0.265077311088845,4885.05673752734
509237.787215289,5659510.46939679,0.273779863967455,4888.7899588011
509737.787215289,5659510.46939679,0.286142175559228,4893.97330671512
510237.787215289,5659510.46939679,0.292427151622938,4896.55884346456
510737.787215289,5659510.46939679,0.312951901558429,4904.79481382904
511237.787215289,5659510.46939679,0.326391007888132,4910.03476858847
511737.787215289,5659510.46939679,0.451372294618646,4955.15347813421
512237.787215289,5659510.46939679,0.451372294618646,4955.15347813421
512737.787215289,5659510.46939679,0.451372294618646,4955.15347813421
513237.787215289,5659510.46939679,0.451372294618646,4955.15347813421
513737.787215289,5659510.46939679,0.326391007888132,4910.03476858847
514237.787215289,5659510.46939679,0.310148985920393,4903.68752101852
514737.787215289,5659510.46939679,0.30000827928995,4899.63641909937
515237.787215289,5659510.46939679,0.292427151622938,4896.55884346456
515737.787215289,5659510.46939679,0.314338363753335,4905.34062853485
516237.787215289,5659510.46939679,0.336510826507556,4913.91073826268
516737.787215289,5659510.46939679,0.377944765446883,4929.26768997754
517237.787215289,5659510.46939679,0.508005886240932,4974.63884983595
517737.787215289,5659510.46939679,0.364035489168648,4924.19356686123
518237.787215289,5659510.46939679,0.336510826507556,4913.91073826268
518737.787215289,5659510.46939679,0.309441909482252,4903.40736305662
519237.787215289,5659510.46939679,0.266849437587693,4885.82293195792
519737.787215289,5659510.46939679,0.24639668522463,4876.77729065378
520237.787215289,5659510.46939679,0.216723625500808,4862.73155906954
520737.787215289,5659510.46939679,0.199910000267629,4854.1700082791
521237.787215289,5659510.46939679,0.185516862312438,4846.41418676895
521737.787215289,5659510.46939679,0.155887589377238,4828.88348247244
522237.787215289,5659510.46939679,0.142406135464596,4820.0231889282
522737.787215289,5659510.46939679,0.138852417274884,4817.57489037694
523237.787215289,5659510.46939679,0.149285929551669,4824.6252153441
523737.787215289,5659510.46939679,0.169853654171881,4837.44150704737
524237.787215289,5659510.46939679,0.177147408828393,4841.69500911152
524737.787215289,5659510.46939679,0.186874084549585,4847.16424744025
525237.787215289,5659510.46939679,0.193509897065808,4850.77405701299
525737.787215289,5659510.46939679,0.202408260311013,4855.47405872145
526237.787215289,5659510.46939679,0.209704763928781,4859.21734855604
526737.787215289,5659510.46939679,0.209704763928781,4859.21734855604
527237.787215289,5659510.46939679,0.209704763928781,4859.21734855604
527737.787215289,5659510.46939679,0.209704763928781,4859.21734855604
528237.787215289,5659510.46939679,0.202408260311013,4855.47405872145
479737.787215289,5660010.46939679,0.307305096007326,4902.55865453335
480237.787215289,5660010.46939679,0.307305096007326,4902.55865453335
480737.787215289,5660010.46939679,0.203644682630134,4856.11513631612
481237.787215289,5660010.46939679,0.181381757378009,4844.10319509228
481737.787215289,5660010.46939679,0.17133717362154,4838.31789368126
482237.787215289,5660010.46939679,0.165324723549297,4834.72877437842
482737.787215289,5660010.46939679,0.155887589377238,4828.88348247244
483237.787215289,5660010.46939679,0.145882615295986,4822.37062298577
483737.787215289,5660010.46939679,0.135216937551355,4815.01658702522
484237.787215289,5660010.46939679,0.131494734505549,4812.33786511467
484737.787215289,5660010.46939679,0.127680305801758,4809.52676206766
485237.787215289,5660010.46939679,0.121772049325338,4805.03095871716
485737.787215289,5660010.46939679,0.111364712407748,4796.64336514201
486237.787215289,5660010.46939679,0.0953536467265761,4782.32142479561
486737.787215289,5660010.46939679,0.0953536467265761,4782.32142479561
487237.787215289,5660010.46939679,0.0953536467265761,4782.32142479561
487737.787215289,5660010.46939679,0.0928997088112431,4779.94395285771
488237.787215289,5660010.46939679,0.0903973402450306,4777.46204662746
488737.787215289,5660010.46939679,0.0928997088112431,4779.94395285771
489237.787215289,5660010.46939679,0.0903973402450306,4777.46204662746
489737.787215289,5660010.46939679,0.102449388411146,4788.90720643577
490237.787215289,5660010.46939679,0.125736608457139,4808.06732080645
490737.787215289,5660010.46939679,0.152619774626411,4826.79405511161
491237.787215289,5660010.46939679,0.17133717362154,4838.31789368126
491737.787215289,5660010.46939679,0.188221055557947,4847.9046198625
492237.787215289,5660010.46939679,0.203644682630134,4856.11513631612
492737.787215289,5660010.46939679,0.203644682630134,4856.11513631612
493237.787215289,5660010.46939679,0.190884943178944,4849.35728175737
493737.787215289,5660010.46939679,0.190884943178944,4849.35728175737
494237.787215289,5660010.46939679,0.198647935479175,4853.50671687375
494737.787215289,5660010.46939679,0.307305096007326,4902.55865453335
495237.787215289,5660010.46939679,0.307305096007326,4902.55865453335
495737.787215289,5660010.46939679,0.198647935479175,4853.50671687375
496237.787215289,5660010.46939679,0.181381757378009,4844.10319509228
496737.787215289,5660010.46939679,0.152619774626411,4826.79405511161
497237.787215289,5660010.46939679,0.142406135464596,4820.0231889282
497737.787215289,5660010.46939679,0.145882615295986,4822.37062298577
498237.787215289,5660010.46939679,0.152619774626411,4826.79405511161
498737.787215289,5660010.46939679,0.155887589377238,4828.88348247244
499237.787215289,5660010.46939679,0.145882615295986,4822.37062298577
499737.787215289,5660010.46939679,0.152619774626411,4826.79405511161
500237.787215289,5660010.46939679,0.165324723549297,4834.72877437842
500737.787215289,5660010.46939679,0.181381757378009,4844.10319509228
501237.787215289,5660010.46939679,0.307305096007326,4902.55865453335
501737.787215289,5660010.46939679,0.307305096007326,4902.55865453335
502237.787215289,5660010.46939679,0.307305096007326,4902.55865453335
502737.787215289,5660010.46939679,0.203644682630134,4856.11513631612
503237.787215289,5660010.46939679,0.198647935479175,4853.50671687375
503737.787215289,5660010.46939679,0.188221055557947,4847.9046198625
504237.787215289,5660010.46939679,0.177147408828393,4841.69500911152
504737.787215289,5660010.46939679,0.165324723549297,4834.72877437842
505237.787215289,5660010.46939679,0.155887589377238,4828.88348247244
505737.787215289,5660010.46939679,0.166847714411858,4835.64739757805
506237.787215289,5660010.46939679,0.189557984174279,4848.6355696933
506737.787215289,5660010.46939679,0.204872797011721,4856.74912806425
507237.787215289,5660010.46939679,0.22786447283093,4868.14967627558
507737.787215289,5660010.46939679,0.242431736072177,4874.96859233584
508237.787215289,5660010.46939679,0.270345667691848,4887.3254845476
508737.787215289,5660010.46939679,0.284538634095151,4893.30844766116
509237.787215289,5660010.46939679,0.298515468260401,4899.03383945655
509737.787215289,5660010.46939679,0.310148985920393,4903.68752101852
510237.787215289,5660010.46939679,0.312951901558429,4904.79481382904
510737.787215289,5660010.46939679,0.451372294618646,4955.15347813421
511237.787215289,5660010.46939679,0.451372294618646,4955.15347813421
511737.787215289,5660010.46939679,0.451372294618646,4955.15347813421
512237.787215289,5660010.46939679,0.451372294618646,4955.15347813421
512737.787215289,5660010.46939679,0.451372294618646,4955.15347813421
513237.787215289,5660010.46939679,0.321126284897789,4907.99522547319
513737.787215289,5660010.46939679,0.310148985920393,4903.68752101852
514237.787215289,5660010.46939679,0.286142175559228,4893.97330671512
514737.787215289,5660010.46939679,0.275474422164073,4889.50852206093
515237.787215289,5660010.46939679,0.272070420450488,4888.06237811629
515737.787215289,5660010.46939679,0.309441909482252,4903.40736305662
516237.787215289,5660010.46939679,0.336510826507556,4913.91073826268
516737.787215289,5660010.46939679,0.377944765446883,4929.26768997754
517237.787215289,5660010.46939679,0.508005886240932,4974.63884983595
517737.787215289,5660010.46939679,0.364035489168648,4924.19356686123
518237.787215289,5660010.46939679,0.341979399799068,4915.98242857609
518737.787215289,5660010.46939679,0.323117263962999,4908.76846355788
519237.787215289,5660010.46939679,0.277988735736272,4890.56986263401
519737.787215289,5660010.46939679,0.255028321394675,4880.65063639141
520237.787215289,5660010.46939679,0.228943032111607,4868.66445090253
520737.787215289,5660010.46939679,0.212074049106039,4860.41278652435
521237.787215289,5660010.46939679,0.196097121158405,4852.15664402634
521737.787215289,5660010.46939679,0.163788034908898,4833.79516376729
522237.787215289,5660010.46939679,0.149285929551669,4824.6252153441
522737.787215289,5660010.46939679,0.149285929551669,4824.6252153441
523237.787215289,5660010.46939679,0.160672201504363,4831.88086186033
523737.787215289,5660010.46939679,0.184149193605806,4845.65417241519
524237.787215289,5660010.46939679,0.193509897065808,4850.77405701299
524737.787215289,5660010.46939679,0.204872797011721,4856.74912806425
525237.787215289,5660010.46939679,0.210893193277889,4859.81817154313
525737.787215289,5660010.46939679,0.221259859267649,4864.96042115906
526237.787215289,5660010.46939679,0.220136069363564,4864.41124020741
526737.787215289,5660010.46939679,0.220136069363564,4864.41124020741
527237.787215289,5660010.46939679,0.220136069363564,4864.41124020741
527737.787215289,5660010.46939679,0.219005516329522,4863.85678293542
528237.787215289,5660010.46939679,0.210893193277889,4859.81817154313
479237.787215289,5660510.46939679,0.307305096007326,4902.55865453335
479737.787215289,5660510.46939679,0.307305096007326,4902.55865453335
480237.787215289,5660510.46939679,0.203644682630134,4856.11513631612
480737.787215289,5660510.46939679,0.190884943178944,4849.35728175737
481237.787215289,5660510.46939679,0.17133717362154,4838.31789368126
481737.787215289,5660510.46939679,0.162237299771293,4832.84603598985
482237.787215289,5660510.46939679,0.155887589377238,4828.88348247244
482737.787215289,5660510.46939679,0.145882615295986,4822.37062298577
483237.787215289,5660510.46939679,0.238626523415799,4873.21438940009
483737.787215289,5660510.46939679,0.127680305801758,4809.52676206766
484237.787215289,5660510.46939679,0.121772049325338,4805.03095871716
484737.787215289,5660510.46939679,0.238626523415799,4873.21438940009
485237.787215289,5660510.46939679,0.115618061899259,4800.14850510016
485737.787215289,5660510.46939679,0.104733074980408,4790.94251763655
486237.787215289,5660510.46939679,0.0903973402450306,4777.46204662746
486737.787215289,5660510.46939679,0.0903973402450306,4777.46204662746
487237.787215289,5660510.46939679,0.0903973402450306,4777.46204662746
487737.787215289,5660510.46939679,0.0928997088112431,4779.94395285771
488237.787215289,5660510.46939679,0.0953536467265761,4782.32142479561
488737.787215289,5660510.46939679,0.238626523415799,4873.21438940009
489237.787215289,5660510.46939679,0.0977617182894351,4784.60294204716
489737.787215289,5660510.46939679,0.104733074980408,4790.94251763655
490237.787215289,5660510.46939679,0.127680305801758,4809.52676206766
490737.787215289,5660510.46939679,0.155887589377238,4828.88348247244
491237.787215289,5660510.46939679,0.177147408828393,4841.69500911152
491737.787215289,5660510.46939679,0.198647935479175,4853.50671687375
492237.787215289,5660510.46939679,0.307305096007326,4902.55865453335
492737.787215289,5660510.46939679,0.307305096007326,4902.55865453335
493237.787215289,5660510.46939679,0.203644682630134,4856.11513631612
493737.787215289,5660510.46939679,0.203644682630134,4856.11513631612
494237.787215289,5660510.46939679,0.203644682630134,4856.11513631612
494737.787215289,5660510.46939679,0.307305096007326,4902.55865453335
495237.787215289,5660510.46939679,0.307305096007326,4902.55865453335
495737.787215289,5660510.46939679,0.190884943178944,4849.35728175737
496237.787215289,5660510.46939679,0.17133717362154,4838.31789368126
496737.787215289,5660510.46939679,0.142406135464596,4820.0231889282
497237.787215289,5660510.46939679,0.147593188332337,4823.50906746423
497737.787215289,5660510.46939679,0.155887589377238,4828.88348247244
498237.787215289,5660510.46939679,0.162237299771293,4832.84603598985
498737.787215289,5660510.46939679,0.166847714411858,4835.64739757805
499237.787215289,5660510.46939679,0.155887589377238,4828.88348247244
499737.787215289,5660510.46939679,0.162237299771293,4832.84603598985
500237.787215289,5660510.46939679,0.17133717362154,4838.31789368126
500737.787215289,5660510.46939679,0.188221055557947,4847.9046198625
501237.787215289,5660510.46939679,0.307305096007326,4902.55865453335
501737.787215289,5660510.46939679,0.307305096007326,4902.55865453335
502237.787215289,5660510.46939679,0.203644682630134,4856.11513631612
502737.787215289,5660510.46939679,0.190884943178944,4849.35728175737
503237.787215289,5660510.46939679,0.188221055557947,4847.9046198625
503737.787215289,5660510.46939679,0.177147408828393,4841.69500911152
504237.787215289,5660510.46939679,0.165324723549297,4834.72877437842
504737.787215289,5660510.46939679,0.155887589377238,4828.88348247244
505237.787215289,5660510.46939679,0.147593188332337,4823.50906746423
505737.787215289,5660510.46939679,0.169853654171881,4837.44150704737
506237.787215289,5660510.46939679,0.193509897065808,4850.77405701299
506737.787215289,5660510.46939679,0.210893193277889,4859.81817154313
507237.787215289,5660510.46939679,0.235288062351894,4871.66000576993
507737.787215289,5660510.46939679,0.25123990926248,4878.96116173272
508237.787215289,5660510.46939679,0.282108233105312,4892.2966099126
508737.787215289,5660510.46939679,0.292427151622938,4896.55884346456
509237.787215289,5660510.46939679,0.310148985920393,4903.68752101852
509737.787215289,5660510.46939679,0.321126284897789,4907.99522547319
510237.787215289,5660510.46939679,0.326391007888132,4910.03476858847
510737.787215289,5660510.46939679,0.451372294618646,4955.15347813421
511237.787215289,5660510.46939679,0.451372294618646,4955.15347813421
511737.787215289,5660510.46939679,0.451372294618646,4955.15347813421
512237.787215289,5660510.46939679,0.451372294618646,4955.15347813421
512737.787215289,5660510.46939679,0.451372294618646,4955.15347813421
513237.787215289,5660510.46939679,0.310148985920393,4903.68752101852
513737.787215289,5660510.46939679,0.298515468260401,4899.03383945655
514237.787215289,5660510.46939679,0.275474422164073,4889.50852206093
514737.787215289,5660510.46939679,0.263288770177419,4884.28024111535
515237.787215289,5660510.46939679,0.271209955730475,4887.69510198609
515737.787215289,5660510.46939679,0.308732282660222,4903.12585526009
516237.787215289,5660510.46939679,0.334653124349829,4913.20342496646
516737.787215289,5660510.46939679,0.372399651658358,4927.25351097423
517237.787215289,5660510.46939679,0.508005886240932,4974.63884983595
517737.787215289,5660510.46939679,0.372399651658358,4927.25351097423
518237.787215289,5660510.46939679,0.352473461712511,4919.91662545167
518737.787215289,5660510.46939679,0.330248040936831,4911.51874429858
519237.787215289,5660510.46939679,0.281291322387851,4891.95537073613
519737.787215289,5660510.46939679,0.261483467595255,4883.49314839128
520237.787215289,5660510.46939679,0.235288062351894,4871.66000576993
520737.787215289,5660510.46939679,0.217868047649339,4863.29691568695
521237.787215289,5660510.46939679,0.199910000267629,4854.1700082791
521737.787215289,5660510.46939679,0.166847714411858,4835.64739757805
522237.787215289,5660510.46939679,0.152619774626411,4826.79405511161
522737.787215289,5660510.46939679,0.155887589377238,4828.88348247244
523237.787215289,5660510.46939679,0.166847714411858,4835.64739757805
523737.787215289,5660510.46939679,0.190884943178944,4849.35728175737
524237.787215289,5660510.46939679,0.202408260311013,4855.47405872145
524737.787215289,5660510.46939679,0.214413407435253,4861.58387084235
525237.787215289,5660510.46939679,0.219005516329522,4863.85678293542
525737.787215289,5660510.46939679,0.230015409639212,4869.17464113205
526237.787215289,5660510.46939679,0.24041790202788,4874.04249932736
526737.787215289,5660510.46939679,0.24041790202788,4874.04249932736
527237.787215289,5660510.46939679,0.238626523415799,4873.21438940009
527737.787215289,5660510.46939679,0.24041790202788,4874.04249932736
479237.787215289,5661010.46939679,0.203644682630134,4856.11513631612
479737.787215289,5661010.46939679,0.190884943178944,4849.35728175737
480237.787215289,5661010.46939679,0.188221055557947,4847.9046198625
480737.787215289,5661010.46939679,0.17133717362154,4838.31789368126
481237.787215289,5661010.46939679,0.155887589377238,4828.88348247244
481737.787215289,5661010.46939679,0.142406135464596,4820.0231889282
482237.787215289,5661010.46939679,0.135216937551355,4815.01658702522
482737.787215289,5661010.46939679,0.127680305801758,4809.52676206766
483237.787215289,5661010.46939679,0.119749350536903,4803.44967025295
483737.787215289,5661010.46939679,0.111364712407748,4796.64336514201
484237.787215289,5661010.46939679,0.10697909857011,4792.90721006812
484737.787215289,5661010.46939679,0.102449388411146,4788.90720643577
485237.787215289,5661010.46939679,0.100126245656772,4786.79598008351
485737.787215289,5661010.46939679,0.0928997088112431,4779.94395285771
486237.787215289,5661010.46939679,0.0825696990156871,4769.28574756161
486737.787215289,5661010.46939679,0.0852356557120317,4772.14486226844
487237.787215289,5661010.46939679,0.0953536467265761,4782.32142479561
487737.787215289,5661010.46939679,0.10697909857011,4792.90721006812
488237.787215289,5661010.46939679,0.109189145731808,4794.80607133446
488737.787215289,5661010.46939679,0.111364712407748,4796.64336514201
489237.787215289,5661010.46939679,0.113507248464434,4798.42300343546
489737.787215289,5661010.46939679,0.111364712407748,4796.64336514201
490237.787215289,5661010.46939679,0.129599424905885,4810.94968448017
490737.787215289,5661010.46939679,0.155887589377238,4828.88348247244
491237.787215289,5661010.46939679,0.177147408828393,4841.69500911152
491737.787215289,5661010.46939679,0.198647935479175,4853.50671687375
492237.787215289,5661010.46939679,0.307305096007326,4902.55865453335
492737.787215289,5661010.46939679,0.307305096007326,4902.55865453335
493237.787215289,5661010.46939679,0.307305096007326,4902.55865453335
493737.787215289,5661010.46939679,0.307305096007326,4902.55865453335
494237.787215289,5661010.46939679,0.307305096007326,4902.55865453335
494737.787215289,5661010.46939679,0.307305096007326,4902.55865453335
495237.787215289,5661010.46939679,0.307305096007326,4902.55865453335
495737.787215289,5661010.46939679,0.181381757378009,4844.10319509228
496237.787215289,5661010.46939679,0.162237299771293,4832.84603598985
496737.787215289,5661010.46939679,0.162237299771293,4832.84603598985
497237.787215289,5661010.46939679,0.166847714411858,4835.64739757805
497737.787215289,5661010.46939679,0.177147408828393,4841.69500911152
498237.787215289,5661010.46939679,0.181381757378009,4844.10319509228
498737.787215289,5661010.46939679,0.190884943178944,4849.35728175737
499237.787215289,5661010.46939679,0.178570213027688,4842.50903484954
499737.787215289,5661010.46939679,0.181381757378009,4844.10319509228
500237.787215289,5661010.46939679,0.190884943178944,4849.35728175737
500737.787215289,5661010.46939679,0.203644682630134,4856.11513631612
501237.787215289,5661010.46939679,0.307305096007326,4902.55865453335
501737.787215289,5661010.46939679,0.198647935479175,4853.50671687375
502237.787215289,5661010.46939679,0.188221055557947,4847.9046198625
502737.787215289,5661010.46939679,0.17133717362154,4838.31789368126
503237.787215289,5661010.46939679,0.165324723549297,4834.72877437842
503737.787215289,5661010.46939679,0.155887589377238,4828.88348247244
504237.787215289,5661010.46939679,0.147593188332337,4823.50906746423
504737.787215289,5661010.46939679,0.138852417274884,4817.57489037694
505237.787215289,5661010.46939679,0.150961309673497,4825.71993824739
505737.787215289,5661010.46939679,0.175712918185514,4840.86922644503
506237.787215289,5661010.46939679,0.202408260311013,4855.47405872145
506737.787215289,5661010.46939679,0.221259859267649,4864.96042115906
507237.787215289,5661010.46939679,0.249317324331622,4878.09752440911
507737.787215289,5661010.46939679,0.267729407311648,4886.20223585991
508237.787215289,5661010.46939679,0.302226160878992,4900.52866021373
508737.787215289,5661010.46939679,0.312951901558429,4904.79481382904
509237.787215289,5661010.46939679,0.326391007888132,4910.03476858847
509737.787215289,5661010.46939679,0.451372294618646,4955.15347813421
510237.787215289,5661010.46939679,0.451372294618646,4955.15347813421
510737.787215289,5661010.46939679,0.451372294618646,4955.15347813421
511237.787215289,5661010.46939679,0.326391007888132,4910.03476858847
511737.787215289,5661010.46939679,0.326391007888132,4910.03476858847
512237.787215289,5661010.46939679,0.451372294618646,4955.15347813421
512737.787215289,5661010.46939679,0.321126284897789,4907.99522547319
513237.787215289,5661010.46939679,0.292427151622938,4896.55884346456
513737.787215289,5661010.46939679,0.275474422164073,4889.50852206093
514237.787215289,5661010.46939679,0.258743450804885,4882.29203371565
514737.787215289,5661010.46939679,0.244424492747072,4875.88002918648
515237.787215289,5661010.46939679,0.266849437587693,4885.82293195792
515737.787215289,5661010.46939679,0.30075038244981,4899.93536169762
516237.787215289,5661010.46939679,0.323117263962999,4908.76846355788
516737.787215289,5661010.46939679,0.360802369610381,4923.00331407789
517237.787215289,5661010.46939679,0.508005886240932,4974.63884983595
517737.787215289,5661010.46939679,0.508005886240932,4974.63884983595
518237.787215289,5661010.46939679,0.364035489168648,4924.19356686123
518737.787215289,5661010.46939679,0.336510826507556,4913.91073826268
519237.787215289,5661010.46939679,0.296254626482713,4898.1180745183
519737.787215289,5661010.46939679,0.277154275782714,4890.21825460221
520237.787215289,5661010.46939679,0.24639668522463,4876.77729065378
520737.787215289,5661010.46939679,0.226779717943195,4867.63026447861
521237.787215289,5661010.46939679,0.208508596078889,4858.61015747088
521737.787215289,5661010.46939679,0.174266562379123,4840.03136932925
522237.787215289,5661010.46939679,0.159092456194012,4830.89911277944
522737.787215289,5661010.46939679,0.166847714411858,4835.64739757805
523237.787215289,5661010.46939679,0.179981622525565,4843.31167545197
523737.787215289,5661010.46939679,0.206092735540719,4857.37619354013
524237.787215289,5661010.46939679,0.219005516329522,4863.85678293542
524737.787215289,5661010.46939679,0.234245196487586,4871.17142893327
525237.787215289,5661010.46939679,0.24041790202788,4874.04249932736
525737.787215289,5661010.46939679,0.249317324331622,4878.09752440911
526237.787215289,5661010.46939679,0.263288770177419,4884.28024111535
526737.787215289,5661010.46939679,0.263288770177419,4884.28024111535
527237.787215289,5661010.46939679,0.263288770177419,4884.28024111535
527737.787215289,5661010.46939679,0.263288770177419,4884.28024111535
479237.787215289,5661510.46939679,0.178570213027688,4842.50903484954
479737.787215289,5661510.46939679,0.17133717362154,4838.31789368126
480237.787215289,5661510.46939679,0.165324723549297,4834.72877437842
480737.787215289,5661510.46939679,0.152619774626411,4826.79405511161
481237.787215289,5661510.46939679,0.145882615295986,4822.37062298577
481737.787215289,5661510.46939679,0.142406135464596,4820.0231889282
482237.787215289,5661510.46939679,0.135216937551355,4815.01658702522
482737.787215289,5661510.46939679,0.121772049325338,4805.03095871716
483237.787215289,5661510.46939679,0.104733074980408,4790.94251763655
483737.787215289,5661510.46939679,0.0977617182894351,4784.60294204716
484237.787215289,5661510.46939679,0.238626523415799,4873.21438940009
484737.787215289,5661510.46939679,0.0903973402450306,4777.46204662746
485237.787215289,5661510.46939679,0.0878437035976753,4774.86604049991
485737.787215289,5661510.46939679,0.238626523415799,4873.21438940009
486237.787215289,5661510.46939679,0.0852356557120317,4772.14486226844
486737.787215289,5661510.46939679,0.0953536467265761,4782.32142479561
487237.787215289,5661510.46939679,0.104733074980408,4790.94251763655
487737.787215289,5661510.46939679,0.121772049325338,4805.03095871716
488237.787215289,5661510.46939679,0.127680305801758,4809.52676206766
488737.787215289,5661510.46939679,0.127680305801758,4809.52676206766
489237.787215289,5661510.46939679,0.131494734505549,4812.33786511467
489737.787215289,5661510.46939679,0.238626523415799,4873.21438940009
490237.787215289,5661510.46939679,0.238626523415799,4873.21438940009
490737.787215289,5661510.46939679,0.238626523415799,4873.21438940009
491237.787215289,5661510.46939679,0.165324723549297,4834.72877437842
491737.787215289,5661510.46939679,0.181381757378009,4844.10319509228
492237.787215289,5661510.46939679,0.190884943178944,4849.35728175737
492737.787215289,5661510.46939679,0.198647935479175,4853.50671687375
493237.787215289,5661510.46939679,0.203644682630134,4856.11513631612
493737.787215289,5661510.46939679,0.307305096007326,4902.55865453335
494237.787215289,5661510.46939679,0.307305096007326,4902.55865453335
494737.787215289,5661510.46939679,0.307305096007326,4902.55865453335
495237.787215289,5661510.46939679,0.203644682630134,4856.11513631612
495737.787215289,5661510.46939679,0.177147408828393,4841.69500911152
496237.787215289,5661510.46939679,0.155887589377238,4828.88348247244
496737.787215289,5661510.46939679,0.181381757378009,4844.10319509228
497237.787215289,5661510.46939679,0.190884943178944,4849.35728175737
497737.787215289,5661510.46939679,0.198647935479175,4853.50671687375
498237.787215289,5661510.46939679,0.203644682630134,4856.11513631612
498737.787215289,5661510.46939679,0.307305096007326,4902.55865453335
499237.787215289,5661510.46939679,0.203644682630134,4856.11513631612
499737.787215289,5661510.46939679,0.203644682630134,4856.11513631612
500237.787215289,5661510.46939679,0.307305096007326,4902.55865453335
500737.787215289,5661510.46939679,0.307305096007326,4902.55865453335
501237.787215289,5661510.46939679,0.307305096007326,4902.55865453335
501737.787215289,5661510.46939679,0.307305096007326,4902.55865453335
502237.787215289,5661510.46939679,0.203644682630134,4856.11513631612
502737.787215289,5661510.46939679,0.188221055557947,4847.9046198625
503237.787215289,5661510.46939679,0.177147408828393,4841.69500911152
503737.787215289,5661510.46939679,0.155887589377238,4828.88348247244
504237.787215289,5661510.46939679,0.155887589377238,4828.88348247244
504737.787215289,5661510.46939679,0.147593188332337,4823.50906746423
505237.787215289,5661510.46939679,0.154261740620563,4827.84833209261
505737.787215289,5661510.46939679,0.179981622525565,4843.31167545197
506237.787215289,5661510.46939679,0.207304637508709,4857.99649243197
506737.787215289,5661510.46939679,0.22786447283093,4868.14967627558
507237.787215289,5661510.46939679,0.259661135771656,4882.69519248808
507737.787215289,5661510.46939679,0.282108233105312,4892.2966099126
508237.787215289,5661510.46939679,0.321126284897789,4907.99522547319
508737.787215289,5661510.46939679,0.451372294618646,4955.15347813421
509237.787215289,5661510.46939679,0.451372294618646,4955.15347813421
509737.787215289,5661510.46939679,0.451372294618646,4955.15347813421
510237.787215289,5661510.46939679,0.326391007888132,4910.03476858847
510737.787215289,5661510.46939679,0.321126284897789,4907.99522547319
511237.787215289,5661510.46939679,0.312951901558429,4904.79481382904
511737.787215289,5661510.46939679,0.451372294618646,4955.15347813421
512237.787215289,5661510.46939679,0.451372294618646,4955.15347813421
512737.787215289,5661510.46939679,0.30000827928995,4899.63641909937
513237.787215289,5661510.46939679,0.275474422164073,4889.50852206093
513737.787215289,5661510.46939679,0.258743450804885,4882.29203371565
514237.787215289,5661510.46939679,0.24041790202788,4874.04249932736
514737.787215289,5661510.46939679,0.236325175789713,4872.14445140177
515237.787215289,5661510.46939679,0.256894849400978,4881.47716763472
515737.787215289,5661510.46939679,0.289310078201249,4895.28052274906
516237.787215289,5661510.46939679,0.312254969260653,4904.51997554368
516737.787215289,5661510.46939679,0.341979399799068,4915.98242857609
517237.787215289,5661510.46939679,0.377944765446883,4929.26768997754
517737.787215289,5661510.46939679,0.508005886240932,4974.63884983595
518237.787215289,5661510.46939679,0.372399651658358,4927.25351097423
518737.787215289,5661510.46939679,0.352473461712511,4919.91662545167
519237.787215289,5661510.46939679,0.312254969260653,4904.51997554368
519737.787215289,5661510.46939679,0.289310078201249,4895.28052274906
520237.787215289,5661510.46939679,0.256894849400978,4881.47716763472
520737.787215289,5661510.46939679,0.236325175789713,4872.14445140177
521237.787215289,5661510.46939679,0.216723625500808,4862.73155906954
521737.787215289,5661510.46939679,0.181381757378009,4844.10319509228
522237.787215289,5661510.46939679,0.163788034908898,4833.79516376729
522737.787215289,5661510.46939679,0.177147408828393,4841.69500911152
523237.787215289,5661510.46939679,0.190884943178944,4849.35728175737
523737.787215289,5661510.46939679,0.220136069363564,4864.41124020741
524237.787215289,5661510.46939679,0.235288062351894,4871.66000576993
524737.787215289,5661510.46939679,0.255028321394675,4880.65063639141
525237.787215289,5661510.46939679,0.262388207808778,4883.88802577367
525737.787215289,5661510.46939679,0.267729407311648,4886.20223585991
526237.787215289,5661510.46939679,0.287732548822459,4894.63059337455
526737.787215289,5661510.46939679,0.287732548822459,4894.63059337455
527237.787215289,5661510.46939679,0.287732548822459,4894.63059337455
527737.787215289,5661510.46939679,0.287732548822459,4894.63059337455
479237.787215289,5662010.46939679,0.17133717362154,4838.31789368126
479737.787215289,5662010.46939679,0.162237299771293,4832.84603598985
480237.787215289,5662010.46939679,0.155887589377238,4828.88348247244
480737.787215289,5662010.46939679,0.155887589377238,4828.88348247244
481237.787215289,5662010.46939679,0.155887589377238,4828.88348247244
481737.787215289,5662010.46939679,0.152619774626411,4826.79405511161
482237.787215289,5662010.46939679,0.142406135464596,4820.0231889282
482737.787215289,5662010.46939679,0.129599424905885,4810.94968448017
483237.787215289,5662010.46939679,0.111364712407748,4796.64336514201
483737.787215289,5662010.46939679,0.0977617182894351,4784.60294204716
484237.787215289,5662010.46939679,0.0928997088112431,4779.94395285771
484737.787215289,5662010.46939679,0.0878437035976753,4774.86604049991
485237.787215289,5662010.46939679,0.238626523415799,4873.21438940009
485737.787215289,5662010.46939679,0.238626523415799,4873.21438940009
486237.787215289,5662010.46939679,0.238626523415799,4873.21438940009
486737.787215289,5662010.46939679,0.100126245656772,4786.79598008351
487237.787215289,5662010.46939679,0.111364712407748,4796.64336514201
487737.787215289,5662010.46939679,0.131494734505549,4812.33786511467
488237.787215289,5662010.46939679,0.135216937551355,4815.01658702522
488737.787215289,5662010.46939679,0.137045193870479,4816.31010566449
489237.787215289,5662010.46939679,0.135216937551355,4815.01658702522
489737.787215289,5662010.46939679,0.138852417274884,4817.57489037694
490237.787215289,5662010.46939679,0.138852417274884,4817.57489037694
490737.787215289,5662010.46939679,0.150961309673497,4825.71993824739
491237.787215289,5662010.46939679,0.165324723549297,4834.72877437842
491737.787215289,5662010.46939679,0.177147408828393,4841.69500911152
492237.787215289,5662010.46939679,0.181381757378009,4844.10319509228
492737.787215289,5662010.46939679,0.190884943178944,4849.35728175737
493237.787215289,5662010.46939679,0.198647935479175,4853.50671687375
493737.787215289,5662010.46939679,0.307305096007326,4902.55865453335
494237.787215289,5662010.46939679,0.597755383646907,5006.0310551469
494737.787215289,5662010.46939679,0.203644682630134,4856.11513631612
495237.787215289,5662010.46939679,0.198647935479175,4853.50671687375
495737.787215289,5662010.46939679,0.17133717362154,4838.31789368126
496237.787215289,5662010.46939679,0.162237299771293,4832.84603598985
496737.787215289,5662010.46939679,0.188221055557947,4847.9046198625
497237.787215289,5662010.46939679,0.203644682630134,4856.11513631612
497737.787215289,5662010.46939679,0.203644682630134,4856.11513631612
498237.787215289,5662010.46939679,0.307305096007326,4902.55865453335
498737.787215289,5662010.46939679,0.307305096007326,4902.55865453335
499237.787215289,5662010.46939679,0.307305096007326,4902.55865453335
499737.787215289,5662010.46939679,0.307305096007326,4902.55865453335
500237.787215289,5662010.46939679,0.307305096007326,4902.55865453335
500737.787215289,5662010.46939679,0.307305096007326,4902.55865453335
501237.787215289,5662010.46939679,0.307305096007326,4902.55865453335
501737.787215289,5662010.46939679,0.307305096007326,4902.55865453335
502237.787215289,5662010.46939679,0.307305096007326,4902.55865453335
502737.787215289,5662010.46939679,0.198647935479175,4853.50671687375
503237.787215289,5662010.46939679,0.188221055557947,4847.9046198625
503737.787215289,5662010.46939679,0.166847714411858,4835.64739757805
504237.787215289,5662010.46939679,0.165324723549297,4834.72877437842
504737.787215289,5662010.46939679,0.155887589377238,4828.88348247244
505237.787215289,5662010.46939679,0.155887589377238,4828.88348247244
505737.787215289,5662010.46939679,0.179981622525565,4843.31167545197
506237.787215289,5662010.46939679,0.208508596078889,4858.61015747088
506737.787215289,5662010.46939679,0.228943032111607,4868.66445090253
507237.787215289,5662010.46939679,0.262388207808778,4883.88802577367
507737.787215289,5662010.46939679,0.286142175559228,4893.97330671512
508237.787215289,5662010.46939679,0.326391007888132,4910.03476858847
508737.787215289,5662010.46939679,0.451372294618646,4955.15347813421
509237.787215289,5662010.46939679,0.451372294618646,4955.15347813421
509737.787215289,5662010.46939679,0.326391007888132,4910.03476858847
510237.787215289,5662010.46939679,0.312951901558429,4904.79481382904
510737.787215289,5662010.46939679,0.310148985920393,4903.68752101852
511237.787215289,5662010.46939679,0.321126284897789,4907.99522547319
511737.787215289,5662010.46939679,0.451372294618646,4955.15347813421
512237.787215289,5662010.46939679,0.326391007888132,4910.03476858847
512737.787215289,5662010.46939679,0.298515468260401,4899.03383945655
513237.787215289,5662010.46939679,0.267729407311648,4886.20223585991
513737.787215289,5662010.46939679,0.25123990926248,4878.96116173272
514237.787215289,5662010.46939679,0.230015409639212,4869.17464113205
514737.787215289,5662010.46939679,0.232142146448353,4870.18169673375
515237.787215289,5662010.46939679,0.262388207808778,4883.88802577367
515737.787215289,5662010.46939679,0.283731884078207,4892.97313515893
516237.787215289,5662010.46939679,0.304419097658285,4901.40738286466
516737.787215289,5662010.46939679,0.336510826507556,4913.91073826268
517237.787215289,5662010.46939679,0.377944765446883,4929.26768997754
517737.787215289,5662010.46939679,0.508005886240932,4974.63884983595
518237.787215289,5662010.46939679,0.377944765446883,4929.26768997754
518737.787215289,5662010.46939679,0.360802369610381,4923.00331407789
519237.787215289,5662010.46939679,0.31776192456307,4906.68311064141
519737.787215289,5662010.46939679,0.293967187528718,4897.18758382535
520237.787215289,5662010.46939679,0.262388207808778,4883.88802577367
520737.787215289,5662010.46939679,0.241427491878895,4874.50741127501
521237.787215289,5662010.46939679,0.210893193277889,4859.81817154313
521737.787215289,5662010.46939679,0.182770897027725,4844.88393917518
522237.787215289,5662010.46939679,0.165324723549297,4834.72877437842
522737.787215289,5662010.46939679,0.181381757378009,4844.10319509228
523237.787215289,5662010.46939679,0.197377006695931,4852.83564843817
523737.787215289,5662010.46939679,0.22786447283093,4868.14967627558
524237.787215289,5662010.46939679,0.242431736072177,4874.96859233584
524737.787215289,5662010.46939679,0.265077311088845,4885.05673752734
525237.787215289,5662010.46939679,0.273779863967455,4888.7899588011
525737.787215289,5662010.46939679,0.275474422164073,4889.50852206093
526237.787215289,5662010.46939679,0.30000827928995,4899.63641909937
526737.787215289,5662010.46939679,0.30000827928995,4899.63641909937
527237.787215289,5662010.46939679,0.30000827928995,4899.63641909937
527737.787215289,5662010.46939679,0.30000827928995,4899.63641909937
479237.787215289,5662510.46939679,0.188221055557947,4847.9046198625
479737.787215289,5662510.46939679,0.178570213027688,4842.50903484954
480237.787215289,5662510.46939679,0.178570213027688,4842.50903484954
480737.787215289,5662510.46939679,0.178570213027688,4842.50903484954
481237.787215289,5662510.46939679,0.178570213027688,4842.50903484954
481737.787215289,5662510.46939679,0.17133717362154,4838.31789368126
482237.787215289,5662510.46939679,0.162237299771293,4832.84603598985
482737.787215289,5662510.46939679,0.142406135464596,4820.0231889282
483237.787215289,5662510.46939679,0.123767479052169,4806.5694125636
483737.787215289,5662510.46939679,0.111364712407748,4796.64336514201
484237.787215289,5662510.46939679,0.104733074980408,4790.94251763655
484737.787215289,5662510.46939679,0.100126245656772,4786.79598008351
485237.787215289,5662510.46939679,0.0928997088112431,4779.94395285771
485737.787215289,5662510.46939679,0.0825696990156871,4769.28574756161
486237.787215289,5662510.46939679,0.0977617182894351,4784.60294204716
486737.787215289,5662510.46939679,0.111364712407748,4796.64336514201
487237.787215289,5662510.46939679,0.123767479052169,4806.5694125636
487737.787215289,5662510.46939679,0.238626523415799,4873.21438940009
488237.787215289,5662510.46939679,0.155887589377238,4828.88348247244
488737.787215289,5662510.46939679,0.155887589377238,4828.88348247244
489237.787215289,5662510.46939679,0.155887589377238,4828.88348247244
489737.787215289,5662510.46939679,0.238626523415799,4873.21438940009
490237.787215289,5662510.46939679,0.238626523415799,4873.21438940009
490737.787215289,5662510.46939679,0.166847714411858,4835.64739757805
491237.787215289,5662510.46939679,0.181381757378009,4844.10319509228
491737.787215289,5662510.46939679,0.198647935479175,4853.50671687375
492237.787215289,5662510.46939679,0.203644682630134,4856.11513631612
492737.787215289,5662510.46939679,0.307305096007326,4902.55865453335
493237.787215289,5662510.46939679,0.307305096007326,4902.55865453335
493737.787215289,5662510.46939679,0.307305096007326,4902.55865453335
494237.787215289,5662510.46939679,0.307305096007326,4902.55865453335
494737.787215289,5662510.46939679,0.203644682630134,4856.11513631612
495237.787215289,5662510.46939679,0.190884943178944,4849.35728175737
495737.787215289,5662510.46939679,0.190884943178944,4849.35728175737
496237.787215289,5662510.46939679,0.181381757378009,4844.10319509228
496737.787215289,5662510.46939679,0.203644682630134,4856.11513631612
497237.787215289,5662510.46939679,0.307305096007326,4902.55865453335
497737.787215289,5662510.46939679,0.307305096007326,4902.55865453335
498237.787215289,5662510.46939679,0.307305096007326,4902.55865453335
498737.787215289,5662510.46939679,0.307305096007326,4902.55865453335
499237.787215289,5662510.46939679,0.307305096007326,4902.55865453335
499737.787215289,5662510.46939679,0.307305096007326,4902.55865453335
500237.787215289,5662510.46939679,0.203644682630134,4856.11513631612
500737.787215289,5662510.46939679,0.203644682630134,4856.11513631612
501237.787215289,5662510.46939679,0.198647935479175,4853.50671687375
501737.787215289,5662510.46939679,0.203644682630134,4856.11513631612
502237.787215289,5662510.46939679,0.307305096007326,4902.55865453335
502737.787215289,5662510.46939679,0.307305096007326,4902.55865453335
503237.787215289,5662510.46939679,0.203644682630134,4856.11513631612
503737.787215289,5662510.46939679,0.190884943178944,4849.35728175737
504237.787215289,5662510.46939679,0.188221055557947,4847.9046198625
504737.787215289,5662510.46939679,0.178570213027688,4842.50903484954
505237.787215289,5662510.46939679,0.178570213027688,4842.50903484954
505737.787215289,5662510.46939679,0.179981622525565,4843.31167545197
506237.787215289,5662510.46939679,0.208508596078889,4858.61015747088
506737.787215289,5662510.46939679,0.228943032111607,4868.66445090253
507237.787215289,5662510.46939679,0.262388207808778,4883.88802577367
507737.787215289,5662510.46939679,0.286142175559228,4893.97330671512
508237.787215289,5662510.46939679,0.326391007888132,4910.03476858847
508737.787215289,5662510.46939679,0.326391007888132,4910.03476858847
509237.787215289,5662510.46939679,0.321126284897789,4907.99522547319
509737.787215289,5662510.46939679,0.302226160878992,4900.52866021373
510237.787215289,5662510.46939679,0.310148985920393,4903.68752101852
510737.787215289,5662510.46939679,0.326391007888132,4910.03476858847
511237.787215289,5662510.46939679,0.451372294618646,4955.15347813421
511737.787215289,5662510.46939679,0.451372294618646,4955.15347813421
512237.787215289,5662510.46939679,0.321126284897789,4907.99522547319
512737.787215289,5662510.46939679,0.286142175559228,4893.97330671512
513237.787215289,5662510.46939679,0.255028321394675,4880.65063639141
513737.787215289,5662510.46939679,0.235288062351894,4871.66000576993
514237.787215289,5662510.46939679,0.213247394857205,4861.00129953139
514737.787215289,5662510.46939679,0.222376876400309,4865.50437820353
515237.787215289,5662510.46939679,0.25123990926248,4878.96116173272
515737.787215289,5662510.46939679,0.269477529261568,4886.95349910946
516237.787215289,5662510.46939679,0.2931987162634,4896.8740765772
516737.787215289,5662510.46939679,0.330248040936831,4911.51874429858
517237.787215289,5662510.46939679,0.360802369610381,4923.00331407789
517737.787215289,5662510.46939679,0.508005886240932,4974.63884983595
518237.787215289,5662510.46939679,0.508005886240932,4974.63884983595
518737.787215289,5662510.46939679,0.377944765446883,4929.26768997754
519237.787215289,5662510.46939679,0.330248040936831,4911.51874429858
519737.787215289,5662510.46939679,0.305867484016065,4901.98589346368
520237.787215289,5662510.46939679,0.269477529261568,4886.95349910946
520737.787215289,5662510.46939679,0.24639668522463,4876.77729065378
521237.787215289,5662510.46939679,0.215572106622318,4862.16057956976
521737.787215289,5662510.46939679,0.186874084549585,4847.16424744025
522237.787215289,5662510.46939679,0.169853654171881,4837.44150704737
522737.787215289,5662510.46939679,0.189557984174279,4848.6355696933
523237.787215289,5662510.46939679,0.207304637508709,4857.99649243197
523737.787215289,5662510.46939679,0.242431736072177,4874.96859233584
524237.787215289,5662510.46939679,0.258743450804885,4882.29203371565
524737.787215289,5662510.46939679,0.284538634095151,4893.30844766116
525237.787215289,5662510.46939679,0.298515468260401,4899.03383945655
525737.787215289,5662510.46939679,0.30000827928995,4899.63641909937
526237.787215289,5662510.46939679,0.326391007888132,4910.03476858847
526737.787215289,5662510.46939679,0.326391007888132,4910.03476858847
527237.787215289,5662510.46939679,0.326391007888132,4910.03476858847
479237.787215289,5663010.46939679,0.198647935479175,4853.50671687375
479737.787215289,5663010.46939679,0.190884943178944,4849.35728175737
480237.787215289,5663010.46939679,0.190884943178944,4849.35728175737
480737.787215289,5663010.46939679,0.190884943178944,4849.35728175737
481237.787215289,5663010.46939679,0.190884943178944,4849.35728175737
481737.787215289,5663010.46939679,0.181381757378009,4844.10319509228
482237.787215289,5663010.46939679,0.17133717362154,4838.31789368126
482737.787215289,5663010.46939679,0.149285929551669,4824.6252153441
483237.787215289,5663010.46939679,0.131494734505549,4812.33786511467
483737.787215289,5663010.46939679,0.119749350536903,4803.44967025295
484237.787215289,5663010.46939679,0.111364712407748,4796.64336514201
484737.787215289,5663010.46939679,0.10697909857011,4792.90721006812
485237.787215289,5663010.46939679,0.0977617182894351,4784.60294204716
485737.787215289,5663010.46939679,0.0903973402450306,4777.46204662746
486237.787215289,5663010.46939679,0.102449388411146,4788.90720643577
486737.787215289,5663010.46939679,0.115618061899259,4800.14850510016
487237.787215289,5663010.46939679,0.129599424905885,4810.94968448017
487737.787215289,5663010.46939679,0.238626523415799,4873.21438940009
488237.787215289,5663010.46939679,0.165324723549297,4834.72877437842
488737.787215289,5663010.46939679,0.166847714411858,4835.64739757805
489237.787215289,5663010.46939679,0.165324723549297,4834.72877437842
489737.787215289,5663010.46939679,0.168357252224023,4836.5514828355
490237.787215289,5663010.46939679,0.168357252224023,4836.5514828355
490737.787215289,5663010.46939679,0.178570213027688,4842.50903484954
491237.787215289,5663010.46939679,0.189557984174279,4848.6355696933
491737.787215289,5663010.46939679,0.203644682630134,4856.11513631612
492237.787215289,5663010.46939679,0.307305096007326,4902.55865453335
492737.787215289,5663010.46939679,0.307305096007326,4902.55865453335
493237.787215289,5663010.46939679,0.30801998330313,4902.84294323281
493737.787215289,5663010.46939679,0.307305096007326,4902.55865453335
494237.787215289,5663010.46939679,0.307305096007326,4902.55865453335
494737.787215289,5663010.46939679,0.307305096007326,4902.55865453335
495237.787215289,5663010.46939679,0.203644682630134,4856.11513631612
495737.787215289,5663010.46939679,0.203644682630134,4856.11513631612
496237.787215289,5663010.46939679,0.190884943178944,4849.35728175737
496737.787215289,5663010.46939679,0.203644682630134,4856.11513631612
497237.787215289,5663010.46939679,0.307305096007326,4902.55865453335
497737.787215289,5663010.46939679,0.307305096007326,4902.55865453335
498237.787215289,5663010.46939679,0.203644682630134,4856.11513631612
498737.787215289,5663010.46939679,0.203644682630134,4856.11513631612
499237.787215289,5663010.46939679,0.203644682630134,4856.11513631612
499737.787215289,5663010.46939679,0.203644682630134,4856.11513631612
500237.787215289,5663010.46939679,0.198647935479175,4853.50671687375
500737.787215289,5663010.46939679,0.190884943178944,4849.35728175737
501237.787215289,5663010.46939679,0.188221055557947,4847.9046198625
501737.787215289,5663010.46939679,0.198647935479175,4853.50671687375
502237.787215289,5663010.46939679,0.203644682630134,4856.11513631612
502737.787215289,5663010.46939679,0.307305096007326,4902.55865453335
503237.787215289,5663010.46939679,0.307305096007326,4902.55865453335
503737.787215289,5663010.46939679,0.203644682630134,4856.11513631612
504237.787215289,5663010.46939679,0.198647935479175,4853.50671687375
504737.787215289,5663010.46939679,0.190884943178944,4849.35728175737
505237.787215289,5663010.46939679,0.190884943178944,4849.35728175737
505737.787215289,5663010.46939679,0.179981622525565,4843.31167545197
506237.787215289,5663010.46939679,0.207304637508709,4857.99649243197
506737.787215289,5663010.46939679,0.22786447283093,4868.14967627558
507237.787215289,5663010.46939679,0.259661135771656,4882.69519248808
507737.787215289,5663010.46939679,0.307305096007326,4902.55865453335
508237.787215289,5663010.46939679,0.321126284897789,4907.99522547319
508737.787215289,5663010.46939679,0.321126284897789,4907.99522547319
509237.787215289,5663010.46939679,0.310148985920393,4903.68752101852
509737.787215289,5663010.46939679,0.292427151622938,4896.55884346456
510237.787215289,5663010.46939679,0.321126284897789,4907.99522547319
510737.787215289,5663010.46939679,0.451372294618646,4955.15347813421
511237.787215289,5663010.46939679,0.451372294618646,4955.15347813421
511737.787215289,5663010.46939679,0.451372294618646,4955.15347813421
512237.787215289,5663010.46939679,0.310148985920393,4903.68752101852
512737.787215289,5663010.46939679,0.282108233105312,4892.2966099126
513237.787215289,5663010.46939679,0.249317324331622,4878.09752440911
513737.787215289,5663010.46939679,0.230015409639212,4869.17464113205
514237.787215289,5663010.46939679,0.206092735540719,4857.37619354013
514737.787215289,5663010.46939679,0.217868047649339,4863.29691568695
515237.787215289,5663010.46939679,0.244424492747072,4875.88002918648
515737.787215289,5663010.46939679,0.266849437587693,4885.82293195792
516237.787215289,5663010.46939679,0.289310078201249,4895.28052274906
516737.787215289,5663010.46939679,0.323117263962999,4908.76846355788
517237.787215289,5663010.46939679,0.352473461712511,4919.91662545167
517737.787215289,5663010.46939679,0.377944765446883,4929.26768997754
518237.787215289,5663010.46939679,0.508005886240932,4974.63884983595
518737.787215289,5663010.46939679,0.377944765446883,4929.26768997754
519237.787215289,5663010.46939679,0.334653124349829,4913.20342496646
519737.787215289,5663010.46939679,0.308732282660222,4903.12585526009
520237.787215289,5663010.46939679,0.271209955730475,4887.69510198609
520737.787215289,5663010.46939679,0.248348738851505,4877.66080364877
521237.787215289,5663010.46939679,0.216723625500808,4862.73155906954
521737.787215289,5663010.46939679,0.189557984174279,4848.6355696933
522237.787215289,5663010.46939679,0.172808042556193,4839.18103967451
522737.787215289,5663010.46939679,0.193509897065808,4850.77405701299
523237.787215289,5663010.46939679,0.210893193277889,4859.81817154313
523737.787215289,5663010.46939679,0.249317324331622,4878.09752440911
524237.787215289,5663010.46939679,0.267729407311648,4886.20223585991
524737.787215289,5663010.46939679,0.292427151622938,4896.55884346456
525237.787215289,5663010.46939679,0.310148985920393,4903.68752101852
525737.787215289,5663010.46939679,0.312951901558429,4904.79481382904
526237.787215289,5663010.46939679,0.451372294618646,4955.15347813421
526737.787215289,5663010.46939679,0.451372294618646,4955.15347813421
527237.787215289,5663010.46939679,0.451372294618646,4955.15347813421
479237.787215289,5663510.46939679,0.307305096007326,4902.55865453335
479737.787215289,5663510.46939679,0.307305096007326,4902.55865453335
480237.787215289,5663510.46939679,0.307305096007326,4902.55865453335
480737.787215289,5663510.46939679,0.307305096007326,4902.55865453335
481237.787215289,5663510.46939679,0.307305096007326,4902.55865453335
481737.787215289,5663510.46939679,0.238626523415799,4873.21438940009
482237.787215289,5663510.46939679,0.198647935479175,4853.50671687375
482737.787215289,5663510.46939679,0.17133717362154,4838.31789368126
483237.787215289,5663510.46939679,0.238626523415799,4873.21438940009
483737.787215289,5663510.46939679,0.142406135464596,4820.0231889282
484237.787215289,5663510.46939679,0.135216937551355,4815.01658702522
484737.787215289,5663510.46939679,0.131494734505549,4812.33786511467
485237.787215289,5663510.46939679,0.119749350536903,4803.44967025295
485737.787215289,5663510.46939679,0.109189145731808,4794.80607133446
486237.787215289,5663510.46939679,0.109189145731808,4794.80607133446
486737.787215289,5663510.46939679,0.125736608457139,4808.06732080645
487237.787215289,5663510.46939679,0.142406135464596,4820.0231889282
487737.787215289,5663510.46939679,0.181381757378009,4844.10319509228
488237.787215289,5663510.46939679,0.238626523415799,4873.21438940009
488737.787215289,5663510.46939679,0.238626523415799,4873.21438940009
489237.787215289,5663510.46939679,0.198647935479175,4853.50671687375
489737.787215289,5663510.46939679,0.198647935479175,4853.50671687375
490237.787215289,5663510.46939679,0.206092735540719,4857.37619354013
490737.787215289,5663510.46939679,0.204872797011721,4856.74912806425
491237.787215289,5663510.46939679,0.30801998330313,4902.84294323281
491737.787215289,5663510.46939679,0.30801998330313,4902.84294323281
492237.787215289,5663510.46939679,0.203644682630134,4856.11513631612
492737.787215289,5663510.46939679,0.30801998330313,4902.84294323281
493237.787215289,5663510.46939679,0.204872797011721,4856.74912806425
493737.787215289,5663510.46939679,0.189557984174279,4848.6355696933
494237.787215289,5663510.46939679,0.190884943178944,4849.35728175737
494737.787215289,5663510.46939679,0.307305096007326,4902.55865453335
495237.787215289,5663510.46939679,0.307305096007326,4902.55865453335
495737.787215289,5663510.46939679,0.307305096007326,4902.55865453335
496237.787215289,5663510.46939679,0.307305096007326,4902.55865453335
496737.787215289,5663510.46939679,0.307305096007326,4902.55865453335
497237.787215289,5663510.46939679,0.203644682630134,4856.11513631612
497737.787215289,5663510.46939679,0.198647935479175,4853.50671687375
498237.787215289,5663510.46939679,0.177147408828393,4841.69500911152
498737.787215289,5663510.46939679,0.166847714411858,4835.64739757805
499237.787215289,5663510.46939679,0.166847714411858,4835.64739757805
499737.787215289,5663510.46939679,0.166847714411858,4835.64739757805
500237.787215289,5663510.46939679,0.165324723549297,4834.72877437842
500737.787215289,5663510.46939679,0.155887589377238,4828.88348247244
501237.787215289,5663510.46939679,0.155887589377238,4828.88348247244
501737.787215289,5663510.46939679,0.165324723549297,4834.72877437842
502237.787215289,5663510.46939679,0.181381757378009,4844.10319509228
502737.787215289,5663510.46939679,0.198647935479175,4853.50671687375
503237.787215289,5663510.46939679,0.203644682630134,4856.11513631612
503737.787215289,5663510.46939679,0.307305096007326,4902.55865453335
504237.787215289,5663510.46939679,0.307305096007326,4902.55865453335
504737.787215289,5663510.46939679,0.307305096007326,4902.55865453335
505237.787215289,5663510.46939679,0.307305096007326,4902.55865453335
505737.787215289,5663510.46939679,0.307305096007326,4902.55865453335
506237.787215289,5663510.46939679,0.307305096007326,4902.55865453335
506737.787215289,5663510.46939679,0.307305096007326,4902.55865453335
507237.787215289,5663510.46939679,0.307305096007326,4902.55865453335
507737.787215289,5663510.46939679,0.258743450804885,4882.29203371565
508237.787215289,5663510.46939679,0.286142175559228,4893.97330671512
508737.787215289,5663510.46939679,0.286142175559228,4893.97330671512
509237.787215289,5663510.46939679,0.302226160878992,4900.52866021373
509737.787215289,5663510.46939679,0.326391007888132,4910.03476858847
510237.787215289,5663510.46939679,0.451372294618646,4955.15347813421
510737.787215289,5663510.46939679,0.451372294618646,4955.15347813421
511237.787215289,5663510.46939679,0.326391007888132,4910.03476858847
511737.787215289,5663510.46939679,0.321126284897789,4907.99522547319
512237.787215289,5663510.46939679,0.292427151622938,4896.55884346456
512737.787215289,5663510.46939679,0.259661135771656,4882.69519248808
513237.787215289,5663510.46939679,0.234245196487586,4871.17142893327
513737.787215289,5663510.46939679,0.215572106622318,4862.16057956976
514237.787215289,5663510.46939679,0.189557984174279,4848.6355696933
514737.787215289,5663510.46939679,0.203644682630134,4856.11513631612
515237.787215289,5663510.46939679,0.232142146448353,4870.18169673375
515737.787215289,5663510.46939679,0.25123990926248,4878.96116173272
516237.787215289,5663510.46939679,0.269477529261568,4886.95349910946
516737.787215289,5663510.46939679,0.296254626482713,4898.1180745183
517237.787215289,5663510.46939679,0.323117263962999,4908.76846355788
517737.787215289,5663510.46939679,0.364035489168648,4924.19356686123
518237.787215289,5663510.46939679,0.508005886240932,4974.63884983595
518737.787215289,5663510.46939679,0.508005886240932,4974.63884983595
519237.787215289,5663510.46939679,0.341979399799068,4915.98242857609
519737.787215289,5663510.46939679,0.31776192456307,4906.68311064141
520237.787215289,5663510.46939679,0.281291322387851,4891.95537073613
520737.787215289,5663510.46939679,0.257821339046659,4881.88602519235
521237.787215289,5663510.46939679,0.225688643276516,4867.10610854305
521737.787215289,5663510.46939679,0.203644682630134,4856.11513631612
522237.787215289,5663510.46939679,0.190884943178944,4849.35728175737
522737.787215289,5663510.46939679,0.198647935479175,4853.50671687375
523237.787215289,5663510.46939679,0.219005516329522,4863.85678293542
523737.787215289,5663510.46939679,0.262388207808778,4883.88802577367
524237.787215289,5663510.46939679,0.286142175559228,4893.97330671512
524737.787215289,5663510.46939679,0.321126284897789,4907.99522547319
525237.787215289,5663510.46939679,0.451372294618646,4955.15347813421
525737.787215289,5663510.46939679,0.451372294618646,4955.15347813421
526237.787215289,5663510.46939679,0.451372294618646,4955.15347813421
526737.787215289,5663510.46939679,0.451372294618646,4955.15347813421
479237.787215289,5664010.46939679,0.307305096007326,4902.55865453335
479737.787215289,5664010.46939679,0.307305096007326,4902.55865453335
480237.787215289,5664010.46939679,0.30801998330313,4902.84294323281
480737.787215289,5664010.46939679,0.30801998330313,4902.84294323281
481237.787215289,5664010.46939679,0.307305096007326,4902.55865453335
481737.787215289,5664010.46939679,0.307305096007326,4902.55865453335
482237.787215289,5664010.46939679,0.238626523415799,4873.21438940009
482737.787215289,5664010.46939679,0.181381757378009,4844.10319509228
483237.787215289,5664010.46939679,0.165324723549297,4834.72877437842
483737.787215289,5664010.46939679,0.149285929551669,4824.6252153441
484237.787215289,5664010.46939679,0.145882615295986,4822.37062298577
484737.787215289,5664010.46939679,0.138852417274884,4817.57489037694
485237.787215289,5664010.46939679,0.127680305801758,4809.52676206766
485737.787215289,5664010.46939679,0.117698370979219,4801.82307506073
486237.787215289,5664010.46939679,0.111364712407748,4796.64336514201
486737.787215289,5664010.46939679,0.127680305801758,4809.52676206766
487237.787215289,5664010.46939679,0.145882615295986,4822.37062298577
487737.787215289,5664010.46939679,0.188221055557947,4847.9046198625
488237.787215289,5664010.46939679,0.238626523415799,4873.21438940009
488737.787215289,5664010.46939679,0.307305096007326,4902.55865453335
489237.787215289,5664010.46939679,0.203644682630134,4856.11513631612
489737.787215289,5664010.46939679,0.203644682630134,4856.11513631612
490237.787215289,5664010.46939679,0.30801998330313,4902.84294323281
490737.787215289,5664010.46939679,0.30801998330313,4902.84294323281
491237.787215289,5664010.46939679,0.30801998330313,4902.84294323281
491737.787215289,5664010.46939679,0.30801998330313,4902.84294323281
492237.787215289,5664010.46939679,0.203644682630134,4856.11513631612
492737.787215289,5664010.46939679,0.30801998330313,4902.84294323281
493237.787215289,5664010.46939679,0.204872797011721,4856.74912806425
493737.787215289,5664010.46939679,0.189557984174279,4848.6355696933
494237.787215289,5664010.46939679,0.192202215583475,4850.07004913044
494737.787215289,5664010.46939679,0.203644682630134,4856.11513631612
495237.787215289,5664010.46939679,0.203644682630134,4856.11513631612
495737.787215289,5664010.46939679,0.307305096007326,4902.55865453335
496237.787215289,5664010.46939679,0.307305096007326,4902.55865453335
496737.787215289,5664010.46939679,0.307305096007326,4902.55865453335
497237.787215289,5664010.46939679,0.307305096007326,4902.55865453335
497737.787215289,5664010.46939679,0.203644682630134,4856.11513631612
498237.787215289,5664010.46939679,0.188221055557947,4847.9046198625
498737.787215289,5664010.46939679,0.17133717362154,4838.31789368126
499237.787215289,5664010.46939679,0.155887589377238,4828.88348247244
499737.787215289,5664010.46939679,0.155887589377238,4828.88348247244
500237.787215289,5664010.46939679,0.155887589377238,4828.88348247244
500737.787215289,5664010.46939679,0.147593188332337,4823.50906746423
501237.787215289,5664010.46939679,0.147593188332337,4823.50906746423
501737.787215289,5664010.46939679,0.155887589377238,4828.88348247244
502237.787215289,5664010.46939679,0.17133717362154,4838.31789368126
502737.787215289,5664010.46939679,0.188221055557947,4847.9046198625
503237.787215289,5664010.46939679,0.198647935479175,4853.50671687375
503737.787215289,5664010.46939679,0.203644682630134,4856.11513631612
504237.787215289,5664010.46939679,0.307305096007326,4902.55865453335
504737.787215289,5664010.46939679,0.307305096007326,4902.55865453335
505237.787215289,5664010.46939679,0.307305096007326,4902.55865453335
505737.787215289,5664010.46939679,0.307305096007326,4902.55865453335
506237.787215289,5664010.46939679,0.307305096007326,4902.55865453335
506737.787215289,5664010.46939679,0.307305096007326,4902.55865453335
507237.787215289,5664010.46939679,0.24041790202788,4874.04249932736
507737.787215289,5664010.46939679,0.25123990926248,4878.96116173272
508237.787215289,5664010.46939679,0.273779863967455,4888.7899588011
508737.787215289,5664010.46939679,0.286142175559228,4893.97330671512
509237.787215289,5664010.46939679,0.310148985920393,4903.68752101852
509737.787215289,5664010.46939679,0.451372294618646,4955.15347813421
510237.787215289,5664010.46939679,0.451372294618646,4955.15347813421
510737.787215289,5664010.46939679,0.326391007888132,4910.03476858847
511237.787215289,5664010.46939679,0.312951901558429,4904.79481382904
511737.787215289,5664010.46939679,0.310148985920393,4903.68752101852
512237.787215289,5664010.46939679,0.284538634095151,4893.30844766116
512737.787215289,5664010.46939679,0.255028321394675,4880.65063639141
513237.787215289,5664010.46939679,0.22786447283093,4868.14967627558
513737.787215289,5664010.46939679,0.210893193277889,4859.81817154313
514237.787215289,5664010.46939679,0.185516862312438,4846.41418676895
514737.787215289,5664010.46939679,0.199910000267629,4854.1700082791
515237.787215289,5664010.46939679,0.226779717943195,4867.63026447861
515737.787215289,5664010.46939679,0.244424492747072,4875.88002918648
516237.787215289,5664010.46939679,0.261483467595255,4883.49314839128
516737.787215289,5664010.46939679,0.286938979936324,4894.30287974488
517237.787215289,5664010.46939679,0.323117263962999,4908.76846355788
517737.787215289,5664010.46939679,0.364035489168648,4924.19356686123
518237.787215289,5664010.46939679,0.508005886240932,4974.63884983595
518737.787215289,5664010.46939679,0.508005886240932,4974.63884983595
519237.787215289,5664010.46939679,0.347879665611964,4918.20087198456
519737.787215289,5664010.46939679,0.321792229327965,4908.25412470301
520237.787215289,5664010.46939679,0.283731884078207,4892.97313515893
520737.787215289,5664010.46939679,0.259661135771656,4882.69519248808
521237.787215289,5664010.46939679,0.226779717943195,4867.63026447861
521737.787215289,5664010.46939679,0.213247394857205,4861.00129953139
522237.787215289,5664010.46939679,0.198647935479175,4853.50671687375
522737.787215289,5664010.46939679,0.198647935479175,4853.50671687375
523237.787215289,5664010.46939679,0.219005516329522,4863.85678293542
523737.787215289,5664010.46939679,0.263288770177419,4884.28024111535
524237.787215289,5664010.46939679,0.287732548822459,4894.63059337455
524737.787215289,5664010.46939679,0.326391007888132,4910.03476858847
525237.787215289,5664010.46939679,0.451372294618646,4955.15347813421
525737.787215289,5664010.46939679,0.451372294618646,4955.15347813421
526237.787215289,5664010.46939679,0.326391007888132,4910.03476858847
526737.787215289,5664010.46939679,0.312951901558429,4904.79481382904
479237.787215289,5664510.46939679,0.190884943178944,4849.35728175737
479737.787215289,5664510.46939679,0.190884943178944,4849.35728175737
480237.787215289,5664510.46939679,0.192202215583475,4850.07004913044
480737.787215289,5664510.46939679,0.192202215583475,4850.07004913044
481237.787215289,5664510.46939679,0.199910000267629,4854.1700082791
481737.787215289,5664510.46939679,0.30801998330313,4902.84294323281
482237.787215289,5664510.46939679,0.307305096007326,4902.55865453335
482737.787215289,5664510.46939679,0.203644682630134,4856.11513631612
483237.787215289,5664510.46939679,0.188221055557947,4847.9046198625
483737.787215289,5664510.46939679,0.17133717362154,4838.31789368126
484237.787215289,5664510.46939679,0.165324723549297,4834.72877437842
484737.787215289,5664510.46939679,0.155887589377238,4828.88348247244
485237.787215289,5664510.46939679,0.238626523415799,4873.21438940009
485737.787215289,5664510.46939679,0.135216937551355,4815.01658702522
486237.787215289,5664510.46939679,0.127680305801758,4809.52676206766
486737.787215289,5664510.46939679,0.127680305801758,4809.52676206766
487237.787215289,5664510.46939679,0.145882615295986,4822.37062298577
487737.787215289,5664510.46939679,0.188221055557947,4847.9046198625
488237.787215289,5664510.46939679,0.203644682630134,4856.11513631612
488737.787215289,5664510.46939679,0.307305096007326,4902.55865453335
489237.787215289,5664510.46939679,0.307305096007326,4902.55865453335
489737.787215289,5664510.46939679,0.307305096007326,4902.55865453335
490237.787215289,5664510.46939679,0.307305096007326,4902.55865453335
490737.787215289,5664510.46939679,0.307305096007326,4902.55865453335
491237.787215289,5664510.46939679,0.204872797011721,4856.74912806425
491737.787215289,5664510.46939679,0.204872797011721,4856.74912806425
492237.787215289,5664510.46939679,0.30801998330313,4902.84294323281
492737.787215289,5664510.46939679,0.30801998330313,4902.84294323281
493237.787215289,5664510.46939679,0.199910000267629,4854.1700082791
493737.787215289,5664510.46939679,0.204872797011721,4856.74912806425
494237.787215289,5664510.46939679,0.30801998330313,4902.84294323281
494737.787215289,5664510.46939679,0.307305096007326,4902.55865453335
495237.787215289,5664510.46939679,0.307305096007326,4902.55865453335
495737.787215289,5664510.46939679,0.307305096007326,4902.55865453335
496237.787215289,5664510.46939679,0.203644682630134,4856.11513631612
496737.787215289,5664510.46939679,0.203644682630134,4856.11513631612
497237.787215289,5664510.46939679,0.307305096007326,4902.55865453335
497737.787215289,5664510.46939679,0.307305096007326,4902.55865453335
498237.787215289,5664510.46939679,0.203644682630134,4856.11513631612
498737.787215289,5664510.46939679,0.190884943178944,4849.35728175737
499237.787215289,5664510.46939679,0.177147408828393,4841.69500911152
499737.787215289,5664510.46939679,0.165324723549297,4834.72877437842
500237.787215289,5664510.46939679,0.147593188332337,4823.50906746423
500737.787215289,5664510.46939679,0.138852417274884,4817.57489037694
501237.787215289,5664510.46939679,0.131494734505549,4812.33786511467
501737.787215289,5664510.46939679,0.142406135464596,4820.0231889282
502237.787215289,5664510.46939679,0.152619774626411,4826.79405511161
502737.787215289,5664510.46939679,0.165324723549297,4834.72877437842
503237.787215289,5664510.46939679,0.177147408828393,4841.69500911152
503737.787215289,5664510.46939679,0.188221055557947,4847.9046198625
504237.787215289,5664510.46939679,0.190884943178944,4849.35728175737
504737.787215289,5664510.46939679,0.190884943178944,4849.35728175737
505237.787215289,5664510.46939679,0.203644682630134,4856.11513631612
505737.787215289,5664510.46939679,0.307305096007326,4902.55865453335
506237.787215289,5664510.46939679,0.220136069363564,4864.41124020741
506737.787215289,5664510.46939679,0.235288062351894,4871.66000576993
507237.787215289,5664510.46939679,0.258743450804885,4882.29203371565
507737.787215289,5664510.46939679,0.270345667691848,4887.3254845476
508237.787215289,5664510.46939679,0.298515468260401,4899.03383945655
508737.787215289,5664510.46939679,0.302226160878992,4900.52866021373
509237.787215289,5664510.46939679,0.321126284897789,4907.99522547319
509737.787215289,5664510.46939679,0.451372294618646,4955.15347813421
510237.787215289,5664510.46939679,0.326391007888132,4910.03476858847
510737.787215289,5664510.46939679,0.302226160878992,4900.52866021373
511237.787215289,5664510.46939679,0.292427151622938,4896.55884346456
511737.787215289,5664510.46939679,0.286142175559228,4893.97330671512
512237.787215289,5664510.46939679,0.267729407311648,4886.20223585991
512737.787215289,5664510.46939679,0.242431736072177,4874.96859233584
513237.787215289,5664510.46939679,0.215572106622318,4862.16057956976
513737.787215289,5664510.46939679,0.198647935479175,4853.50671687375
514237.787215289,5664510.46939679,0.177147408828393,4841.69500911152
514737.787215289,5664510.46939679,0.190884943178944,4849.35728175737
515237.787215289,5664510.46939679,0.214413407435253,4861.58387084235
515737.787215289,5664510.46939679,0.230015409639212,4869.17464113205
516237.787215289,5664510.46939679,0.24639668522463,4876.77729065378
516737.787215289,5664510.46939679,0.281291322387851,4891.95537073613
517237.787215289,5664510.46939679,0.31776192456307,4906.68311064141
517737.787215289,5664510.46939679,0.352473461712511,4919.91662545167
518237.787215289,5664510.46939679,0.377944765446883,4929.26768997754
518737.787215289,5664510.46939679,0.508005886240932,4974.63884983595
519237.787215289,5664510.46939679,0.350190260319063,4919.06508682073
519737.787215289,5664510.46939679,0.323117263962999,4908.76846355788
520237.787215289,5664510.46939679,0.284538634095151,4893.30844766116
520737.787215289,5664510.46939679,0.260574469700827,4883.09555520855
521237.787215289,5664510.46939679,0.24639668522463,4876.77729065378
521737.787215289,5664510.46939679,0.232142146448353,4870.18169673375
522237.787215289,5664510.46939679,0.216723625500808,4862.73155906954
522737.787215289,5664510.46939679,0.208508596078889,4858.61015747088
523237.787215289,5664510.46939679,0.216723625500808,4862.73155906954
523737.787215289,5664510.46939679,0.259661135771656,4882.69519248808
524237.787215289,5664510.46939679,0.282108233105312,4892.2966099126
524737.787215289,5664510.46939679,0.310148985920393,4903.68752101852
525237.787215289,5664510.46939679,0.326391007888132,4910.03476858847
525737.787215289,5664510.46939679,0.451372294618646,4955.15347813421
526237.787215289,5664510.46939679,0.326391007888132,4910.03476858847
479237.787215289,5665010.46939679,0.178570213027688,4842.50903484954
479737.787215289,5665010.46939679,0.178570213027688,4842.50903484954
480237.787215289,5665010.46939679,0.178570213027688,4842.50903484954
480737.787215289,5665010.46939679,0.179981622525565,4843.31167545197
481237.787215289,5665010.46939679,0.189557984174279,4848.6355696933
481737.787215289,5665010.46939679,0.206092735540719,4857.37619354013
482237.787215289,5665010.46939679,0.30801998330313,4902.84294323281
482737.787215289,5665010.46939679,0.307305096007326,4902.55865453335
483237.787215289,5665010.46939679,0.198647935479175,4853.50671687375
483737.787215289,5665010.46939679,0.181381757378009,4844.10319509228
484237.787215289,5665010.46939679,0.177147408828393,4841.69500911152
484737.787215289,5665010.46939679,0.165324723549297,4834.72877437842
485237.787215289,5665010.46939679,0.152619774626411,4826.79405511161
485737.787215289,5665010.46939679,0.145882615295986,4822.37062298577
486237.787215289,5665010.46939679,0.135216937551355,4815.01658702522
486737.787215289,5665010.46939679,0.127680305801758,4809.52676206766
487237.787215289,5665010.46939679,0.142406135464596,4820.0231889282
487737.787215289,5665010.46939679,0.181381757378009,4844.10319509228
488237.787215289,5665010.46939679,0.203644682630134,4856.11513631612
488737.787215289,5665010.46939679,0.307305096007326,4902.55865453335
489237.787215289,5665010.46939679,0.307305096007326,4902.55865453335
489737.787215289,5665010.46939679,0.307305096007326,4902.55865453335
490237.787215289,5665010.46939679,0.203644682630134,4856.11513631612
490737.787215289,5665010.46939679,0.203644682630134,4856.11513631612
491237.787215289,5665010.46939679,0.307305096007326,4902.55865453335
491737.787215289,5665010.46939679,0.307305096007326,4902.55865453335
492237.787215289,5665010.46939679,0.30801998330313,4902.84294323281
492737.787215289,5665010.46939679,0.30801998330313,4902.84294323281
493237.787215289,5665010.46939679,0.193509897065808,4850.77405701299
493737.787215289,5665010.46939679,0.308732282660222,4903.12585526009
494237.787215289,5665010.46939679,0.308732282660222,4903.12585526009
494737.787215289,5665010.46939679,0.307305096007326,4902.55865453335
495237.787215289,5665010.46939679,0.307305096007326,4902.55865453335
495737.787215289,5665010.46939679,0.307305096007326,4902.55865453335
496237.787215289,5665010.46939679,0.198647935479175,4853.50671687375
496737.787215289,5665010.46939679,0.198647935479175,4853.50671687375
497237.787215289,5665010.46939679,0.203644682630134,4856.11513631612
497737.787215289,5665010.46939679,0.307305096007326,4902.55865453335
498237.787215289,5665010.46939679,0.307305096007326,4902.55865453335
498737.787215289,5665010.46939679,0.203644682630134,4856.11513631612
499237.787215289,5665010.46939679,0.188221055557947,4847.9046198625
499737.787215289,5665010.46939679,0.17133717362154,4838.31789368126
500237.787215289,5665010.46939679,0.155887589377238,4828.88348247244
500737.787215289,5665010.46939679,0.147593188332337,4823.50906746423
501237.787215289,5665010.46939679,0.137045193870479,4816.31010566449
501737.787215289,5665010.46939679,0.144153779694943,4821.20899799479
502237.787215289,5665010.46939679,0.150961309673497,4825.71993824739
502737.787215289,5665010.46939679,0.159092456194012,4830.89911277944
503237.787215289,5665010.46939679,0.165324723549297,4834.72877437842
503737.787215289,5665010.46939679,0.177147408828393,4841.69500911152
504237.787215289,5665010.46939679,0.178570213027688,4842.50903484954
504737.787215289,5665010.46939679,0.178570213027688,4842.50903484954
505237.787215289,5665010.46939679,0.190884943178944,4849.35728175737
505737.787215289,5665010.46939679,0.206092735540719,4857.37619354013
506237.787215289,5665010.46939679,0.22786447283093,4868.14967627558
506737.787215289,5665010.46939679,0.242431736072177,4874.96859233584
507237.787215289,5665010.46939679,0.267729407311648,4886.20223585991
507737.787215289,5665010.46939679,0.282108233105312,4892.2966099126
508237.787215289,5665010.46939679,0.310148985920393,4903.68752101852
508737.787215289,5665010.46939679,0.312951901558429,4904.79481382904
509237.787215289,5665010.46939679,0.326391007888132,4910.03476858847
509737.787215289,5665010.46939679,0.451372294618646,4955.15347813421
510237.787215289,5665010.46939679,0.321126284897789,4907.99522547319
510737.787215289,5665010.46939679,0.292427151622938,4896.55884346456
511237.787215289,5665010.46939679,0.282108233105312,4892.2966099126
511737.787215289,5665010.46939679,0.273779863967455,4888.7899588011
512237.787215289,5665010.46939679,0.258743450804885,4882.29203371565
512737.787215289,5665010.46939679,0.235288062351894,4871.66000576993
513237.787215289,5665010.46939679,0.210893193277889,4859.81817154313
513737.787215289,5665010.46939679,0.193509897065808,4850.77405701299
514237.787215289,5665010.46939679,0.17133717362154,4838.31789368126
514737.787215289,5665010.46939679,0.185516862312438,4846.41418676895
515237.787215289,5665010.46939679,0.207304637508709,4857.99649243197
515737.787215289,5665010.46939679,0.225688643276516,4867.10610854305
516237.787215289,5665010.46939679,0.24639668522463,4876.77729065378
516737.787215289,5665010.46939679,0.281291322387851,4891.95537073613
517237.787215289,5665010.46939679,0.31776192456307,4906.68311064141
517737.787215289,5665010.46939679,0.352473461712511,4919.91662545167
518237.787215289,5665010.46939679,0.238626523415799,4873.21438940009
518737.787215289,5665010.46939679,0.508005886240932,4974.63884983595
519237.787215289,5665010.46939679,0.350190260319063,4919.06508682073
519737.787215289,5665010.46939679,0.323117263962999,4908.76846355788
520237.787215289,5665010.46939679,0.284538634095151,4893.30844766116
520737.787215289,5665010.46939679,0.269477529261568,4886.95349910946
521237.787215289,5665010.46939679,0.256894849400978,4881.47716763472
521737.787215289,5665010.46939679,0.241427491878895,4874.50741127501
522237.787215289,5665010.46939679,0.226779717943195,4867.63026447861
522737.787215289,5665010.46939679,0.217868047649339,4863.29691568695
523237.787215289,5665010.46939679,0.214413407435253,4861.58387084235
523737.787215289,5665010.46939679,0.255028321394675,4880.65063639141
524237.787215289,5665010.46939679,0.275474422164073,4889.50852206093
524737.787215289,5665010.46939679,0.302226160878992,4900.52866021373
525237.787215289,5665010.46939679,0.321126284897789,4907.99522547319
525737.787215289,5665010.46939679,0.451372294618646,4955.15347813421
479737.787215289,5665510.46939679,0.238626523415799,4873.21438940009
480237.787215289,5665510.46939679,0.238626523415799,4873.21438940009
480737.787215289,5665510.46939679,0.157497684905857,4829.90018002585
481237.787215289,5665510.46939679,0.166847714411858,4835.64739757805
481737.787215289,5665510.46939679,0.238626523415799,4873.21438940009
482237.787215289,5665510.46939679,0.206092735540719,4857.37619354013
482737.787215289,5665510.46939679,0.308732282660222,4903.12585526009
483237.787215289,5665510.46939679,0.307305096007326,4902.55865453335
483737.787215289,5665510.46939679,0.203644682630134,4856.11513631612
484237.787215289,5665510.46939679,0.198647935479175,4853.50671687375
484737.787215289,5665510.46939679,0.188221055557947,4847.9046198625
485237.787215289,5665510.46939679,0.17133717362154,4838.31789368126
485737.787215289,5665510.46939679,0.165324723549297,4834.72877437842
486237.787215289,5665510.46939679,0.152619774626411,4826.79405511161
486737.787215289,5665510.46939679,0.142406135464596,4820.0231889282
487237.787215289,5665510.46939679,0.137045193870479,4816.31010566449
487737.787215289,5665510.46939679,0.178570213027688,4842.50903484954
488237.787215289,5665510.46939679,0.203644682630134,4856.11513631612
488737.787215289,5665510.46939679,0.307305096007326,4902.55865453335
489237.787215289,5665510.46939679,0.203644682630134,4856.11513631612
489737.787215289,5665510.46939679,0.190884943178944,4849.35728175737
490237.787215289,5665510.46939679,0.203644682630134,4856.11513631612
490737.787215289,5665510.46939679,0.307305096007326,4902.55865453335
491237.787215289,5665510.46939679,0.307305096007326,4902.55865453335
491737.787215289,5665510.46939679,0.307305096007326,4902.55865453335
492237.787215289,5665510.46939679,0.310148985920393,4903.68752101852
492737.787215289,5665510.46939679,0.203644682630134,4856.11513631612
493237.787215289,5665510.46939679,0.194808143483786,4851.46951779249
493737.787215289,5665510.46939679,0.308732282660222,4903.12585526009
494237.787215289,5665510.46939679,0.308732282660222,4903.12585526009
494737.787215289,5665510.46939679,0.201163405294982,4854.82573582224
495237.787215289,5665510.46939679,0.204872797011721,4856.74912806425
495737.787215289,5665510.46939679,0.192202215583475,4850.07004913044
496237.787215289,5665510.46939679,0.198647935479175,4853.50671687375
496737.787215289,5665510.46939679,0.307305096007326,4902.55865453335
497237.787215289,5665510.46939679,0.307305096007326,4902.55865453335
497737.787215289,5665510.46939679,0.307305096007326,4902.55865453335
498237.787215289,5665510.46939679,0.307305096007326,4902.55865453335
498737.787215289,5665510.46939679,0.307305096007326,4902.55865453335
499237.787215289,5665510.46939679,0.203644682630134,4856.11513631612
499737.787215289,5665510.46939679,0.190884943178944,4849.35728175737
500237.787215289,5665510.46939679,0.177147408828393,4841.69500911152
500737.787215289,5665510.46939679,0.165324723549297,4834.72877437842
501237.787215289,5665510.46939679,0.149285929551669,4824.6252153441
501737.787215289,5665510.46939679,0.157497684905857,4829.90018002585
502237.787215289,5665510.46939679,0.166847714411858,4835.64739757805
502737.787215289,5665510.46939679,0.175712918185514,4840.86922644503
503237.787215289,5665510.46939679,0.179981622525565,4843.31167545197
503737.787215289,5665510.46939679,0.186874084549585,4847.16424744025
504237.787215289,5665510.46939679,0.189557984174279,4848.6355696933
504737.787215289,5665510.46939679,0.193509897065808,4850.77405701299
505237.787215289,5665510.46939679,0.204872797011721,4856.74912806425
505737.787215289,5665510.46939679,0.219005516329522,4863.85678293542
506237.787215289,5665510.46939679,0.242431736072177,4874.96859233584
506737.787215289,5665510.46939679,0.258743450804885,4882.29203371565
507237.787215289,5665510.46939679,0.284538634095151,4893.30844766116
507737.787215289,5665510.46939679,0.302226160878992,4900.52866021373
508237.787215289,5665510.46939679,0.326391007888132,4910.03476858847
508737.787215289,5665510.46939679,0.451372294618646,4955.15347813421
509237.787215289,5665510.46939679,0.451372294618646,4955.15347813421
509737.787215289,5665510.46939679,0.326391007888132,4910.03476858847
510237.787215289,5665510.46939679,0.302226160878992,4900.52866021373
510737.787215289,5665510.46939679,0.275474422164073,4889.50852206093
511237.787215289,5665510.46939679,0.259661135771656,4882.69519248808
511737.787215289,5665510.46939679,0.25123990926248,4878.96116173272
512237.787215289,5665510.46939679,0.24041790202788,4874.04249932736
512737.787215289,5665510.46939679,0.220136069363564,4864.41124020741
513237.787215289,5665510.46939679,0.198647935479175,4853.50671687375
513737.787215289,5665510.46939679,0.184149193605806,4845.65417241519
514237.787215289,5665510.46939679,0.174266562379123,4840.03136932925
514737.787215289,5665510.46939679,0.184149193605806,4845.65417241519
515237.787215289,5665510.46939679,0.206092735540719,4857.37619354013
515737.787215289,5665510.46939679,0.226779717943195,4867.63026447861
516237.787215289,5665510.46939679,0.249317324331622,4878.09752440911
516737.787215289,5665510.46939679,0.284538634095151,4893.30844766116
517237.787215289,5665510.46939679,0.323117263962999,4908.76846355788
517737.787215289,5665510.46939679,0.364035489168648,4924.19356686123
518237.787215289,5665510.46939679,0.508005886240932,4974.63884983595
518737.787215289,5665510.46939679,0.508005886240932,4974.63884983595
519237.787215289,5665510.46939679,0.350190260319063,4919.06508682073
519737.787215289,5665510.46939679,0.323117263962999,4908.76846355788
520237.787215289,5665510.46939679,0.297011178238159,4898.42494791278
520737.787215289,5665510.46939679,0.2931987162634,4896.8740765772
521237.787215289,5665510.46939679,0.277988735736272,4890.56986263401
521737.787215289,5665510.46939679,0.260574469700827,4883.09555520855
522237.787215289,5665510.46939679,0.24639668522463,4876.77729065378
522737.787215289,5665510.46939679,0.235288062351894,4871.66000576993
523237.787215289,5665510.46939679,0.222376876400309,4865.50437820353
523737.787215289,5665510.46939679,0.242431736072177,4874.96859233584
524237.787215289,5665510.46939679,0.258743450804885,4882.29203371565
524737.787215289,5665510.46939679,0.284538634095151,4893.30844766116
525237.787215289,5665510.46939679,0.302226160878992,4900.52866021373
525737.787215289,5665510.46939679,0.326391007888132,4910.03476858847
479737.787215289,5666010.46939679,0.137045193870479,4816.31010566449
480237.787215289,5666010.46939679,0.137045193870479,4816.31010566449
480737.787215289,5666010.46939679,0.138852417274884,4817.57489037694
481237.787215289,5666010.46939679,0.150961309673497,4825.71993824739
481737.787215289,5666010.46939679,0.174266562379123,4840.03136932925
482237.787215289,5666010.46939679,0.184149193605806,4845.65417241519
482737.787215289,5666010.46939679,0.202408260311013,4855.47405872145
483237.787215289,5666010.46939679,0.310853496776716,4903.9663289126
483737.787215289,5666010.46939679,0.307305096007326,4902.55865453335
484237.787215289,5666010.46939679,0.307305096007326,4902.55865453335
484737.787215289,5666010.46939679,0.203644682630134,4856.11513631612
485237.787215289,5666010.46939679,0.190884943178944,4849.35728175737
485737.787215289,5666010.46939679,0.188221055557947,4847.9046198625
486237.787215289,5666010.46939679,0.17133717362154,4838.31789368126
486737.787215289,5666010.46939679,0.162237299771293,4832.84603598985
487237.787215289,5666010.46939679,0.155887589377238,4828.88348247244
487737.787215289,5666010.46939679,0.177147408828393,4841.69500911152
488237.787215289,5666010.46939679,0.198647935479175,4853.50671687375
488737.787215289,5666010.46939679,0.238626523415799,4873.21438940009
489237.787215289,5666010.46939679,0.203644682630134,4856.11513631612
489737.787215289,5666010.46939679,0.307305096007326,4902.55865453335
490237.787215289,5666010.46939679,0.307305096007326,4902.55865453335
490737.787215289,5666010.46939679,0.307305096007326,4902.55865453335
491237.787215289,5666010.46939679,0.203644682630134,4856.11513631612
491737.787215289,5666010.46939679,0.198647935479175,4853.50671687375
492237.787215289,5666010.46939679,0.309441909482252,4903.40736305662
492737.787215289,5666010.46939679,0.309441909482252,4903.40736305662
493237.787215289,5666010.46939679,0.206092735540719,4857.37619354013
493737.787215289,5666010.46939679,0.308732282660222,4903.12585526009
494237.787215289,5666010.46939679,0.308732282660222,4903.12585526009
494737.787215289,5666010.46939679,0.179981622525565,4843.31167545197
495237.787215289,5666010.46939679,0.182770897027725,4844.88393917518
495737.787215289,5666010.46939679,0.204872797011721,4856.74912806425
496237.787215289,5666010.46939679,0.30801998330313,4902.84294323281
496737.787215289,5666010.46939679,0.307305096007326,4902.55865453335
497237.787215289,5666010.46939679,0.307305096007326,4902.55865453335
497737.787215289,5666010.46939679,0.203644682630134,4856.11513631612
498237.787215289,5666010.46939679,0.203644682630134,4856.11513631612
498737.787215289,5666010.46939679,0.203644682630134,4856.11513631612
499237.787215289,5666010.46939679,0.307305096007326,4902.55865453335
499737.787215289,5666010.46939679,0.307305096007326,4902.55865453335
500237.787215289,5666010.46939679,0.198647935479175,4853.50671687375
500737.787215289,5666010.46939679,0.181381757378009,4844.10319509228
501237.787215289,5666010.46939679,0.160672201504363,4831.88086186033
501737.787215289,5666010.46939679,0.17133717362154,4838.31789368126
502237.787215289,5666010.46939679,0.181381757378009,4844.10319509228
502737.787215289,5666010.46939679,0.193509897065808,4850.77405701299
503237.787215289,5666010.46939679,0.197377006695931,4852.83564843817
503737.787215289,5666010.46939679,0.204872797011721,4856.74912806425
504237.787215289,5666010.46939679,0.208508596078889,4858.61015747088
504737.787215289,5666010.46939679,0.210893193277889,4859.81817154313
505237.787215289,5666010.46939679,0.224591184783008,4866.57712867393
505737.787215289,5666010.46939679,0.234245196487586,4871.17142893327
506237.787215289,5666010.46939679,0.258743450804885,4882.29203371565
506737.787215289,5666010.46939679,0.275474422164073,4889.50852206093
507237.787215289,5666010.46939679,0.302226160878992,4900.52866021373
507737.787215289,5666010.46939679,0.321126284897789,4907.99522547319
508237.787215289,5666010.46939679,0.451372294618646,4955.15347813421
508737.787215289,5666010.46939679,0.451372294618646,4955.15347813421
509237.787215289,5666010.46939679,0.451372294618646,4955.15347813421
509737.787215289,5666010.46939679,0.310148985920393,4903.68752101852
510237.787215289,5666010.46939679,0.284538634095151,4893.30844766116
510737.787215289,5666010.46939679,0.258743450804885,4882.29203371565
511237.787215289,5666010.46939679,0.242431736072177,4874.96859233584
511737.787215289,5666010.46939679,0.230015409639212,4869.17464113205
512237.787215289,5666010.46939679,0.221259859267649,4864.96042115906
512737.787215289,5666010.46939679,0.204872797011721,4856.74912806425
513237.787215289,5666010.46939679,0.185516862312438,4846.41418676895
513737.787215289,5666010.46939679,0.172808042556193,4839.18103967451
514237.787215289,5666010.46939679,0.189557984174279,4848.6355696933
514737.787215289,5666010.46939679,0.202408260311013,4855.47405872145
515237.787215289,5666010.46939679,0.208508596078889,4858.61015747088
515737.787215289,5666010.46939679,0.226779717943195,4867.63026447861
516237.787215289,5666010.46939679,0.249317324331622,4878.09752440911
516737.787215289,5666010.46939679,0.284538634095151,4893.30844766116
517237.787215289,5666010.46939679,0.323117263962999,4908.76846355788
517737.787215289,5666010.46939679,0.364035489168648,4924.19356686123
518237.787215289,5666010.46939679,0.508005886240932,4974.63884983595
518737.787215289,5666010.46939679,0.508967592337069,4974.96958666453
519237.787215289,5666010.46939679,0.360802369610381,4923.00331407789
519737.787215289,5666010.46939679,0.341979399799068,4915.98242857609
520237.787215289,5666010.46939679,0.323117263962999,4908.76846355788
520737.787215289,5666010.46939679,0.31776192456307,4906.68311064141
521237.787215289,5666010.46939679,0.30075038244981,4899.93536169762
521737.787215289,5666010.46939679,0.281291322387851,4891.95537073613
522237.787215289,5666010.46939679,0.266849437587693,4885.82293195792
522737.787215289,5666010.46939679,0.253143482292768,4879.81209252755
523237.787215289,5666010.46939679,0.241427491878895,4874.50741127501
523737.787215289,5666010.46939679,0.22786447283093,4868.14967627558
524237.787215289,5666010.46939679,0.242431736072177,4874.96859233584
524737.787215289,5666010.46939679,0.275474422164073,4889.50852206093
525237.787215289,5666010.46939679,0.30000827928995,4899.63641909937
479737.787215289,5666510.46939679,0.127680305801758,4809.52676206766
480237.787215289,5666510.46939679,0.127680305801758,4809.52676206766
480737.787215289,5666510.46939679,0.127680305801758,4809.52676206766
481237.787215289,5666510.46939679,0.144153779694943,4821.20899799479
481737.787215289,5666510.46939679,0.165324723549297,4834.72877437842
482237.787215289,5666510.46939679,0.174266562379123,4840.03136932925
482737.787215289,5666510.46939679,0.184149193605806,4845.65417241519
483237.787215289,5666510.46939679,0.310148985920393,4903.68752101852
483737.787215289,5666510.46939679,0.551011637208881,4989.50721450601
484237.787215289,5666510.46939679,0.307305096007326,4902.55865453335
484737.787215289,5666510.46939679,0.307305096007326,4902.55865453335
485237.787215289,5666510.46939679,0.203644682630134,4856.11513631612
485737.787215289,5666510.46939679,0.198647935479175,4853.50671687375
486237.787215289,5666510.46939679,0.181381757378009,4844.10319509228
486737.787215289,5666510.46939679,0.17133717362154,4838.31789368126
487237.787215289,5666510.46939679,0.166847714411858,4835.64739757805
487737.787215289,5666510.46939679,0.17133717362154,4838.31789368126
488237.787215289,5666510.46939679,0.190884943178944,4849.35728175737
488737.787215289,5666510.46939679,0.307305096007326,4902.55865453335
489237.787215289,5666510.46939679,0.307305096007326,4902.55865453335
489737.787215289,5666510.46939679,0.307305096007326,4902.55865453335
490237.787215289,5666510.46939679,0.307305096007326,4902.55865453335
490737.787215289,5666510.46939679,0.203644682630134,4856.11513631612
491237.787215289,5666510.46939679,0.190884943178944,4849.35728175737
491737.787215289,5666510.46939679,0.188221055557947,4847.9046198625
492237.787215289,5666510.46939679,0.309441909482252,4903.40736305662
492737.787215289,5666510.46939679,0.309441909482252,4903.40736305662
493237.787215289,5666510.46939679,0.308732282660222,4903.12585526009
493737.787215289,5666510.46939679,0.30801998330313,4902.84294323281
494237.787215289,5666510.46939679,0.30801998330313,4902.84294323281
494737.787215289,5666510.46939679,0.172808042556193,4839.18103967451
495237.787215289,5666510.46939679,0.189557984174279,4848.6355696933
495737.787215289,5666510.46939679,0.30801998330313,4902.84294323281
496237.787215289,5666510.46939679,0.307305096007326,4902.55865453335
496737.787215289,5666510.46939679,0.203644682630134,4856.11513631612
497237.787215289,5666510.46939679,0.203644682630134,4856.11513631612
497737.787215289,5666510.46939679,0.190884943178944,4849.35728175737
498237.787215289,5666510.46939679,0.190884943178944,4849.35728175737
498737.787215289,5666510.46939679,0.198647935479175,4853.50671687375
499237.787215289,5666510.46939679,0.307305096007326,4902.55865453335
499737.787215289,5666510.46939679,0.307305096007326,4902.55865453335
500237.787215289,5666510.46939679,0.203644682630134,4856.11513631612
500737.787215289,5666510.46939679,0.188221055557947,4847.9046198625
501237.787215289,5666510.46939679,0.166847714411858,4835.64739757805
501737.787215289,5666510.46939679,0.178570213027688,4842.50903484954
502237.787215289,5666510.46939679,0.189557984174279,4848.6355696933
502737.787215289,5666510.46939679,0.202408260311013,4855.47405872145
503237.787215289,5666510.46939679,0.207304637508709,4857.99649243197
503737.787215289,5666510.46939679,0.214413407435253,4861.58387084235
504237.787215289,5666510.46939679,0.219005516329522,4863.85678293542
504737.787215289,5666510.46939679,0.221259859267649,4864.96042115906
505237.787215289,5666510.46939679,0.234245196487586,4871.17142893327
505737.787215289,5666510.46939679,0.244424492747072,4875.88002918648
506237.787215289,5666510.46939679,0.265077311088845,4885.05673752734
506737.787215289,5666510.46939679,0.284538634095151,4893.30844766116
507237.787215289,5666510.46939679,0.310148985920393,4903.68752101852
507737.787215289,5666510.46939679,0.326391007888132,4910.03476858847
508237.787215289,5666510.46939679,0.451372294618646,4955.15347813421
508737.787215289,5666510.46939679,0.326391007888132,4910.03476858847
509237.787215289,5666510.46939679,0.326391007888132,4910.03476858847
509737.787215289,5666510.46939679,0.302226160878992,4900.52866021373
510237.787215289,5666510.46939679,0.275474422164073,4889.50852206093
510737.787215289,5666510.46939679,0.25123990926248,4878.96116173272
511237.787215289,5666510.46939679,0.235288062351894,4871.66000576993
511737.787215289,5666510.46939679,0.221259859267649,4864.96042115906
512237.787215289,5666510.46939679,0.210893193277889,4859.81817154313
512737.787215289,5666510.46939679,0.197377006695931,4852.83564843817
513237.787215289,5666510.46939679,0.179981622525565,4843.31167545197
513737.787215289,5666510.46939679,0.179981622525565,4843.31167545197
514237.787215289,5666510.46939679,0.197377006695931,4852.83564843817
514737.787215289,5666510.46939679,0.210893193277889,4859.81817154313
515237.787215289,5666510.46939679,0.219005516329522,4863.85678293542
515737.787215289,5666510.46939679,0.226779717943195,4867.63026447861
516237.787215289,5666510.46939679,0.248348738851505,4877.66080364877
516737.787215289,5666510.46939679,0.283731884078207,4892.97313515893
517237.787215289,5666510.46939679,0.321792229327965,4908.25412470301
517737.787215289,5666510.46939679,0.360802369610381,4923.00331407789
518237.787215289,5666510.46939679,0.377944765446883,4929.26768997754
518737.787215289,5666510.46939679,0.509685222559027,4975.21641331541
519237.787215289,5666510.46939679,0.372399651658358,4927.25351097423
519737.787215289,5666510.46939679,0.352473461712511,4919.91662545167
520237.787215289,5666510.46939679,0.336510826507556,4913.91073826268
520737.787215289,5666510.46939679,0.330248040936831,4911.51874429858
521237.787215289,5666510.46939679,0.312254969260653,4904.51997554368
521737.787215289,5666510.46939679,0.2931987162634,4896.8740765772
522237.787215289,5666510.46939679,0.277154275782714,4890.21825460221
522737.787215289,5666510.46939679,0.262388207808778,4883.88802577367
523237.787215289,5666510.46939679,0.25123990926248,4878.96116173272
523737.787215289,5666510.46939679,0.226779717943195,4867.63026447861
524237.787215289,5666510.46939679,0.24041790202788,4874.04249932736
524737.787215289,5666510.46939679,0.273779863967455,4888.7899588011
480237.787215289,5667010.46939679,0.111364712407748,4796.64336514201
480737.787215289,5667010.46939679,0.111364712407748,4796.64336514201
481237.787215289,5667010.46939679,0.131494734505549,4812.33786511467
481737.787215289,5667010.46939679,0.145882615295986,4822.37062298577
482237.787215289,5667010.46939679,0.155887589377238,4828.88348247244
482737.787215289,5667010.46939679,0.168357252224023,4836.5514828355
483237.787215289,5667010.46939679,0.194808143483786,4851.46951779249
483737.787215289,5667010.46939679,0.194808143483786,4851.46951779249
484237.787215289,5667010.46939679,0.208508596078889,4858.61015747088
484737.787215289,5667010.46939679,0.309441909482252,4903.40736305662
485237.787215289,5667010.46939679,0.307305096007326,4902.55865453335
485737.787215289,5667010.46939679,0.307305096007326,4902.55865453335
486237.787215289,5667010.46939679,0.203644682630134,4856.11513631612
486737.787215289,5667010.46939679,0.190884943178944,4849.35728175737
487237.787215289,5667010.46939679,0.190884943178944,4849.35728175737
487737.787215289,5667010.46939679,0.190884943178944,4849.35728175737
488237.787215289,5667010.46939679,0.190884943178944,4849.35728175737
488737.787215289,5667010.46939679,0.307305096007326,4902.55865453335
489237.787215289,5667010.46939679,0.307305096007326,4902.55865453335
489737.787215289,5667010.46939679,0.307305096007326,4902.55865453335
490237.787215289,5667010.46939679,0.190884943178944,4849.35728175737
490737.787215289,5667010.46939679,0.188221055557947,4847.9046198625
491237.787215289,5667010.46939679,0.17133717362154,4838.31789368126
491737.787215289,5667010.46939679,0.166847714411858,4835.64739757805
492237.787215289,5667010.46939679,0.309441909482252,4903.40736305662
492737.787215289,5667010.46939679,0.309441909482252,4903.40736305662
493237.787215289,5667010.46939679,0.308732282660222,4903.12585526009
493737.787215289,5667010.46939679,0.204872797011721,4856.74912806425
494237.787215289,5667010.46939679,0.199910000267629,4854.1700082791
494737.787215289,5667010.46939679,0.189557984174279,4848.6355696933
495237.787215289,5667010.46939679,0.204872797011721,4856.74912806425
495737.787215289,5667010.46939679,0.307305096007326,4902.55865453335
496237.787215289,5667010.46939679,0.203644682630134,4856.11513631612
496737.787215289,5667010.46939679,0.181381757378009,4844.10319509228
497237.787215289,5667010.46939679,0.178570213027688,4842.50903484954
497737.787215289,5667010.46939679,0.17133717362154,4838.31789368126
498237.787215289,5667010.46939679,0.166847714411858,4835.64739757805
498737.787215289,5667010.46939679,0.177147408828393,4841.69500911152
499237.787215289,5667010.46939679,0.203644682630134,4856.11513631612
499737.787215289,5667010.46939679,0.307305096007326,4902.55865453335
500237.787215289,5667010.46939679,0.307305096007326,4902.55865453335
500737.787215289,5667010.46939679,0.203644682630134,4856.11513631612
501237.787215289,5667010.46939679,0.179981622525565,4843.31167545197
501737.787215289,5667010.46939679,0.192202215583475,4850.07004913044
502237.787215289,5667010.46939679,0.204872797011721,4856.74912806425
502737.787215289,5667010.46939679,0.221259859267649,4864.96042115906
503237.787215289,5667010.46939679,0.22786447283093,4868.14967627558
503737.787215289,5667010.46939679,0.234245196487586,4871.17142893327
504237.787215289,5667010.46939679,0.24041790202788,4874.04249932736
504737.787215289,5667010.46939679,0.24041790202788,4874.04249932736
505237.787215289,5667010.46939679,0.255028321394675,4880.65063639141
505737.787215289,5667010.46939679,0.265077311088845,4885.05673752734
506237.787215289,5667010.46939679,0.282108233105312,4892.2966099126
506737.787215289,5667010.46939679,0.298515468260401,4899.03383945655
507237.787215289,5667010.46939679,0.326391007888132,4910.03476858847
507737.787215289,5667010.46939679,0.451372294618646,4955.15347813421
508237.787215289,5667010.46939679,0.326391007888132,4910.03476858847
508737.787215289,5667010.46939679,0.310148985920393,4903.68752101852
509237.787215289,5667010.46939679,0.30000827928995,4899.63641909937
509737.787215289,5667010.46939679,0.284538634095151,4893.30844766116
510237.787215289,5667010.46939679,0.258743450804885,4882.29203371565
510737.787215289,5667010.46939679,0.235288062351894,4871.66000576993
511237.787215289,5667010.46939679,0.220136069363564,4864.41124020741
511737.787215289,5667010.46939679,0.206092735540719,4857.37619354013
512237.787215289,5667010.46939679,0.193509897065808,4850.77405701299
512737.787215289,5667010.46939679,0.181381757378009,4844.10319509228
513237.787215289,5667010.46939679,0.178570213027688,4842.50903484954
513737.787215289,5667010.46939679,0.192202215583475,4850.07004913044
514237.787215289,5667010.46939679,0.213247394857205,4861.00129953139
514737.787215289,5667010.46939679,0.230015409639212,4869.17464113205
515237.787215289,5667010.46939679,0.24041790202788,4874.04249932736
515737.787215289,5667010.46939679,0.24041790202788,4874.04249932736
516237.787215289,5667010.46939679,0.249317324331622,4878.09752440911
516737.787215289,5667010.46939679,0.277988735736272,4890.56986263401
517237.787215289,5667010.46939679,0.312254969260653,4904.51997554368
517737.787215289,5667010.46939679,0.341979399799068,4915.98242857609
518237.787215289,5667010.46939679,0.360802369610381,4923.00331407789
518737.787215289,5667010.46939679,0.379921823053662,4929.98319372776
519237.787215289,5667010.46939679,0.238626523415799,4873.21438940009
519737.787215289,5667010.46939679,0.37494016184586,4928.1776884379
520237.787215289,5667010.46939679,0.364035489168648,4924.19356686123
520737.787215289,5667010.46939679,0.352473461712511,4919.91662545167
521237.787215289,5667010.46939679,0.332777406930651,4912.48737329806
521737.787215289,5667010.46939679,0.31776192456307,4906.68311064141
522237.787215289,5667010.46939679,0.296254626482713,4898.1180745183
522737.787215289,5667010.46939679,0.283731884078207,4892.97313515893
523237.787215289,5667010.46939679,0.269477529261568,4886.95349910946
523737.787215289,5667010.46939679,0.244424492747072,4875.88002918648
524237.787215289,5667010.46939679,0.234245196487586,4871.17142893327
524737.787215289,5667010.46939679,0.265077311088845,4885.05673752734
480237.787215289,5667510.46939679,0.102449388411146,4788.90720643577
480737.787215289,5667510.46939679,0.104733074980408,4790.94251763655
481237.787215289,5667510.46939679,0.121772049325338,4805.03095871716
481737.787215289,5667510.46939679,0.137045193870479,4816.31010566449
482237.787215289,5667510.46939679,0.145882615295986,4822.37062298577
482737.787215289,5667510.46939679,0.159092456194012,4830.89911277944
483237.787215289,5667510.46939679,0.181381757378009,4844.10319509228
483737.787215289,5667510.46939679,0.184149193605806,4845.65417241519
484237.787215289,5667510.46939679,0.194808143483786,4851.46951779249
484737.787215289,5667510.46939679,0.207304637508709,4857.99649243197
485237.787215289,5667510.46939679,0.30801998330313,4902.84294323281
485737.787215289,5667510.46939679,0.307305096007326,4902.55865453335
486237.787215289,5667510.46939679,0.307305096007326,4902.55865453335
486737.787215289,5667510.46939679,0.203644682630134,4856.11513631612
487237.787215289,5667510.46939679,0.203644682630134,4856.11513631612
487737.787215289,5667510.46939679,0.203644682630134,4856.11513631612
488237.787215289,5667510.46939679,0.203644682630134,4856.11513631612
488737.787215289,5667510.46939679,0.203644682630134,4856.11513631612
489237.787215289,5667510.46939679,0.238626523415799,4873.21438940009
489737.787215289,5667510.46939679,0.307305096007326,4902.55865453335
490237.787215289,5667510.46939679,0.181381757378009,4844.10319509228
490737.787215289,5667510.46939679,0.177147408828393,4841.69500911152
491237.787215289,5667510.46939679,0.162237299771293,4832.84603598985
491737.787215289,5667510.46939679,0.166847714411858,4835.64739757805
492237.787215289,5667510.46939679,0.309441909482252,4903.40736305662
492737.787215289,5667510.46939679,0.309441909482252,4903.40736305662
493237.787215289,5667510.46939679,0.206092735540719,4857.37619354013
493737.787215289,5667510.46939679,0.201163405294982,4854.82573582224
494237.787215289,5667510.46939679,0.190884943178944,4849.35728175737
494737.787215289,5667510.46939679,0.199910000267629,4854.1700082791
495237.787215289,5667510.46939679,0.30801998330313,4902.84294323281
495737.787215289,5667510.46939679,0.307305096007326,4902.55865453335
496237.787215289,5667510.46939679,0.198647935479175,4853.50671687375
496737.787215289,5667510.46939679,0.17133717362154,4838.31789368126
497237.787215289,5667510.46939679,0.166847714411858,4835.64739757805
497737.787215289,5667510.46939679,0.162237299771293,4832.84603598985
498237.787215289,5667510.46939679,0.155887589377238,4828.88348247244
498737.787215289,5667510.46939679,0.165324723549297,4834.72877437842
499237.787215289,5667510.46939679,0.190884943178944,4849.35728175737
499737.787215289,5667510.46939679,0.203644682630134,4856.11513631612
500237.787215289,5667510.46939679,0.307305096007326,4902.55865453335
500737.787215289,5667510.46939679,0.307305096007326,4902.55865453335
501237.787215289,5667510.46939679,0.185516862312438,4846.41418676895
501737.787215289,5667510.46939679,0.198647935479175,4853.50671687375
502237.787215289,5667510.46939679,0.213247394857205,4861.00129953139
502737.787215289,5667510.46939679,0.230015409639212,4869.17464113205
503237.787215289,5667510.46939679,0.238382569487151,4873.10129703684
503737.787215289,5667510.46939679,0.244424492747072,4875.88002918648
504237.787215289,5667510.46939679,0.25123990926248,4878.96116173272
504737.787215289,5667510.46939679,0.252194093416622,4879.38821246933
505237.787215289,5667510.46939679,0.265077311088845,4885.05673752734
505737.787215289,5667510.46939679,0.275474422164073,4889.50852206093
506237.787215289,5667510.46939679,0.292427151622938,4896.55884346456
506737.787215289,5667510.46939679,0.302226160878992,4900.52866021373
507237.787215289,5667510.46939679,0.451372294618646,4955.15347813421
507737.787215289,5667510.46939679,0.451372294618646,4955.15347813421
508237.787215289,5667510.46939679,0.312951901558429,4904.79481382904
508737.787215289,5667510.46939679,0.302226160878992,4900.52866021373
509237.787215289,5667510.46939679,0.287732548822459,4894.63059337455
509737.787215289,5667510.46939679,0.275474422164073,4889.50852206093
510237.787215289,5667510.46939679,0.25123990926248,4878.96116173272
510737.787215289,5667510.46939679,0.22786447283093,4868.14967627558
511237.787215289,5667510.46939679,0.213247394857205,4861.00129953139
511737.787215289,5667510.46939679,0.198647935479175,4853.50671687375
512237.787215289,5667510.46939679,0.184149193605806,4845.65417241519
512737.787215289,5667510.46939679,0.174266562379123,4840.03136932925
513237.787215289,5667510.46939679,0.184149193605806,4845.65417241519
513737.787215289,5667510.46939679,0.198647935479175,4853.50671687375
514237.787215289,5667510.46939679,0.220136069363564,4864.41124020741
514737.787215289,5667510.46939679,0.24041790202788,4874.04249932736
515237.787215289,5667510.46939679,0.25123990926248,4878.96116173272
515737.787215289,5667510.46939679,0.252194093416622,4879.38821246933
516237.787215289,5667510.46939679,0.259661135771656,4882.69519248808
516737.787215289,5667510.46939679,0.275474422164073,4889.50852206093
517237.787215289,5667510.46939679,0.304419097658285,4901.40738286466
517737.787215289,5667510.46939679,0.332777406930651,4912.48737329806
518237.787215289,5667510.46939679,0.352473461712511,4919.91662545167
518737.787215289,5667510.46939679,0.372399651658358,4927.25351097423
519237.787215289,5667510.46939679,0.508246862603905,4974.72171906263
519737.787215289,5667510.46939679,0.378440927891259,4929.44738008275
520237.787215289,5667510.46939679,0.377944765446883,4929.26768997754
520737.787215289,5667510.46939679,0.364035489168648,4924.19356686123
521237.787215289,5667510.46939679,0.341979399799068,4915.98242857609
521737.787215289,5667510.46939679,0.330248040936831,4911.51874429858
522237.787215289,5667510.46939679,0.305867484016065,4901.98589346368
522737.787215289,5667510.46939679,0.293967187528718,4897.18758382535
523237.787215289,5667510.46939679,0.278819681404288,4890.91937053944
523737.787215289,5667510.46939679,0.253143482292768,4879.81209252755
524237.787215289,5667510.46939679,0.23735662748729,4872.62484602728
480737.787215289,5668010.46939679,0.0903973402450306,4777.46204662746
481237.787215289,5668010.46939679,0.102449388411146,4788.90720643577
481737.787215289,5668010.46939679,0.113507248464434,4798.42300343546
482237.787215289,5668010.46939679,0.125736608457139,4808.06732080645
482737.787215289,5668010.46939679,0.138852417274884,4817.57489037694
483237.787215289,5668010.46939679,0.149285929551669,4824.6252153441
483737.787215289,5668010.46939679,0.155887589377238,4828.88348247244
484237.787215289,5668010.46939679,0.165324723549297,4834.72877437842
484737.787215289,5668010.46939679,0.172808042556193,4839.18103967451
485237.787215289,5668010.46939679,0.184149193605806,4845.65417241519
485737.787215289,5668010.46939679,0.201163405294982,4854.82573582224
486237.787215289,5668010.46939679,0.207304637508709,4857.99649243197
486737.787215289,5668010.46939679,0.309441909482252,4903.40736305662
487237.787215289,5668010.46939679,0.310148985920393,4903.68752101852
487737.787215289,5668010.46939679,0.310853496776716,4903.9663289126
488237.787215289,5668010.46939679,0.310148985920393,4903.68752101852
488737.787215289,5668010.46939679,0.307305096007326,4902.55865453335
489237.787215289,5668010.46939679,0.307305096007326,4902.55865453335
489737.787215289,5668010.46939679,0.198647935479175,4853.50671687375
490237.787215289,5668010.46939679,0.162237299771293,4832.84603598985
490737.787215289,5668010.46939679,0.145882615295986,4822.37062298577
491237.787215289,5668010.46939679,0.145882615295986,4822.37062298577
491737.787215289,5668010.46939679,0.165324723549297,4834.72877437842
492237.787215289,5668010.46939679,0.207304637508709,4857.99649243197
492737.787215289,5668010.46939679,0.308732282660222,4903.12585526009
493237.787215289,5668010.46939679,0.206092735540719,4857.37619354013
493737.787215289,5668010.46939679,0.193509897065808,4850.77405701299
494237.787215289,5668010.46939679,0.204872797011721,4856.74912806425
494737.787215289,5668010.46939679,0.30801998330313,4902.84294323281
495237.787215289,5668010.46939679,0.307305096007326,4902.55865453335
495737.787215289,5668010.46939679,0.188221055557947,4847.9046198625
496237.787215289,5668010.46939679,0.17133717362154,4838.31789368126
496737.787215289,5668010.46939679,0.142406135464596,4820.0231889282
497237.787215289,5668010.46939679,0.137045193870479,4816.31010566449
497737.787215289,5668010.46939679,0.142406135464596,4820.0231889282
498237.787215289,5668010.46939679,0.155887589377238,4828.88348247244
498737.787215289,5668010.46939679,0.155887589377238,4828.88348247244
499237.787215289,5668010.46939679,0.165324723549297,4834.72877437842
499737.787215289,5668010.46939679,0.177147408828393,4841.69500911152
500237.787215289,5668010.46939679,0.203644682630134,4856.11513631612
500737.787215289,5668010.46939679,0.307305096007326,4902.55865453335
501237.787215289,5668010.46939679,0.307305096007326,4902.55865453335
501737.787215289,5668010.46939679,0.219005516329522,4863.85678293542
502237.787215289,5668010.46939679,0.235288062351894,4871.66000576993
502737.787215289,5668010.46939679,0.258743450804885,4882.29203371565
503237.787215289,5668010.46939679,0.270345667691848,4887.3254845476
503737.787215289,5668010.46939679,0.275474422164073,4889.50852206093
504237.787215289,5668010.46939679,0.286142175559228,4893.97330671512
504737.787215289,5668010.46939679,0.287732548822459,4894.63059337455
505237.787215289,5668010.46939679,0.298515468260401,4899.03383945655
505737.787215289,5668010.46939679,0.312951901558429,4904.79481382904
506237.787215289,5668010.46939679,0.326391007888132,4910.03476858847
506737.787215289,5668010.46939679,0.451372294618646,4955.15347813421
507237.787215289,5668010.46939679,0.451372294618646,4955.15347813421
507737.787215289,5668010.46939679,0.326391007888132,4910.03476858847
508237.787215289,5668010.46939679,0.286142175559228,4893.97330671512
508737.787215289,5668010.46939679,0.270345667691848,4887.3254845476
509237.787215289,5668010.46939679,0.258743450804885,4882.29203371565
509737.787215289,5668010.46939679,0.244424492747072,4875.88002918648
510237.787215289,5668010.46939679,0.22786447283093,4868.14967627558
510737.787215289,5668010.46939679,0.206092735540719,4857.37619354013
511237.787215289,5668010.46939679,0.192202215583475,4850.07004913044
511737.787215289,5668010.46939679,0.179981622525565,4843.31167545197
512237.787215289,5668010.46939679,0.160672201504363,4831.88086186033
512737.787215289,5668010.46939679,0.172808042556193,4839.18103967451
513237.787215289,5668010.46939679,0.198647935479175,4853.50671687375
513737.787215289,5668010.46939679,0.215572106622318,4862.16057956976
514237.787215289,5668010.46939679,0.242431736072177,4874.96859233584
514737.787215289,5668010.46939679,0.267729407311648,4886.20223585991
515237.787215289,5668010.46939679,0.286142175559228,4893.97330671512
515737.787215289,5668010.46939679,0.287732548822459,4894.63059337455
516237.787215289,5668010.46939679,0.292427151622938,4896.55884346456
516737.787215289,5668010.46939679,0.310148985920393,4903.68752101852
517237.787215289,5668010.46939679,0.326391007888132,4910.03476858847
517737.787215289,5668010.46939679,0.451372294618646,4955.15347813421
518237.787215289,5668010.46939679,0.451372294618646,4955.15347813421
518737.787215289,5668010.46939679,0.451372294618646,4955.15347813421
519237.787215289,5668010.46939679,0.508005886240932,4974.63884983595
519737.787215289,5668010.46939679,0.508005886240932,4974.63884983595
520237.787215289,5668010.46939679,0.508727675449941,4974.8870736248
520737.787215289,5668010.46939679,0.508005886240932,4974.63884983595
521237.787215289,5668010.46939679,0.372399651658358,4927.25351097423
521737.787215289,5668010.46939679,0.360802369610381,4923.00331407789
522237.787215289,5668010.46939679,0.341979399799068,4915.98242857609
522737.787215289,5668010.46939679,0.323117263962999,4908.76846355788
523237.787215289,5668010.46939679,0.312254969260653,4904.51997554368
480737.787215289,5668510.46939679,0.0852356557120317,4772.14486226844
481237.787215289,5668510.46939679,0.0953536467265761,4782.32142479561
481737.787215289,5668510.46939679,0.104733074980408,4790.94251763655
482237.787215289,5668510.46939679,0.119749350536903,4803.44967025295
482737.787215289,5668510.46939679,0.131494734505549,4812.33786511467
483237.787215289,5668510.46939679,0.140639207026501,4818.81219358092
483737.787215289,5668510.46939679,0.145882615295986,4822.37062298577
484237.787215289,5668510.46939679,0.154261740620563,4827.84833209261
484737.787215289,5668510.46939679,0.165324723549297,4834.72877437842
485237.787215289,5668510.46939679,0.174266562379123,4840.03136932925
485737.787215289,5668510.46939679,0.190884943178944,4849.35728175737
486237.787215289,5668510.46939679,0.202408260311013,4855.47405872145
486737.787215289,5668510.46939679,0.207304637508709,4857.99649243197
487237.787215289,5668510.46939679,0.208508596078889,4858.61015747088
487737.787215289,5668510.46939679,0.208508596078889,4858.61015747088
488237.787215289,5668510.46939679,0.208508596078889,4858.61015747088
488737.787215289,5668510.46939679,0.327685191744068,4910.5336451914
489237.787215289,5668510.46939679,0.307305096007326,4902.55865453335
489737.787215289,5668510.46939679,0.198647935479175,4853.50671687375
490237.787215289,5668510.46939679,0.165324723549297,4834.72877437842
490737.787215289,5668510.46939679,0.147593188332337,4823.50906746423
491237.787215289,5668510.46939679,0.142406135464596,4820.0231889282
491737.787215289,5668510.46939679,0.162237299771293,4832.84603598985
492237.787215289,5668510.46939679,0.201163405294982,4854.82573582224
492737.787215289,5668510.46939679,0.309441909482252,4903.40736305662
493237.787215289,5668510.46939679,0.206092735540719,4857.37619354013
493737.787215289,5668510.46939679,0.204872797011721,4856.74912806425
494237.787215289,5668510.46939679,0.30801998330313,4902.84294323281
494737.787215289,5668510.46939679,0.30801998330313,4902.84294323281
495237.787215289,5668510.46939679,0.203644682630134,4856.11513631612
495737.787215289,5668510.46939679,0.181381757378009,4844.10319509228
496237.787215289,5668510.46939679,0.165324723549297,4834.72877437842
496737.787215289,5668510.46939679,0.135216937551355,4815.01658702522
497237.787215289,5668510.46939679,0.142406135464596,4820.0231889282
497737.787215289,5668510.46939679,0.152619774626411,4826.79405511161
498237.787215289,5668510.46939679,0.165324723549297,4834.72877437842
498737.787215289,5668510.46939679,0.166847714411858,4835.64739757805
499237.787215289,5668510.46939679,0.177147408828393,4841.69500911152
499737.787215289,5668510.46939679,0.178570213027688,4842.50903484954
500237.787215289,5668510.46939679,0.198647935479175,4853.50671687375
500737.787215289,5668510.46939679,0.307305096007326,4902.55865453335
501237.787215289,5668510.46939679,0.307305096007326,4902.55865453335
501737.787215289,5668510.46939679,0.224591184783008,4866.57712867393
502237.787215289,5668510.46939679,0.242431736072177,4874.96859233584
502737.787215289,5668510.46939679,0.267729407311648,4886.20223585991
503237.787215289,5668510.46939679,0.282108233105312,4892.2966099126
503737.787215289,5668510.46939679,0.287732548822459,4894.63059337455
504237.787215289,5668510.46939679,0.298515468260401,4899.03383945655
504737.787215289,5668510.46939679,0.30000827928995,4899.63641909937
505237.787215289,5668510.46939679,0.310148985920393,4903.68752101852
505737.787215289,5668510.46939679,0.326391007888132,4910.03476858847
506237.787215289,5668510.46939679,0.451372294618646,4955.15347813421
506737.787215289,5668510.46939679,0.451372294618646,4955.15347813421
507237.787215289,5668510.46939679,0.451372294618646,4955.15347813421
507737.787215289,5668510.46939679,0.321126284897789,4907.99522547319
508237.787215289,5668510.46939679,0.282108233105312,4892.2966099126
508737.787215289,5668510.46939679,0.259661135771656,4882.69519248808
509237.787215289,5668510.46939679,0.249317324331622,4878.09752440911
509737.787215289,5668510.46939679,0.234245196487586,4871.17142893327
510237.787215289,5668510.46939679,0.219005516329522,4863.85678293542
510737.787215289,5668510.46939679,0.198647935479175,4853.50671687375
511237.787215289,5668510.46939679,0.185516862312438,4846.41418676895
511737.787215289,5668510.46939679,0.172808042556193,4839.18103967451
512237.787215289,5668510.46939679,0.155887589377238,4828.88348247244
512737.787215289,5668510.46939679,0.175712918185514,4840.86922644503
513237.787215289,5668510.46939679,0.202408260311013,4855.47405872145
513737.787215289,5668510.46939679,0.221259859267649,4864.96042115906
514237.787215289,5668510.46939679,0.249317324331622,4878.09752440911
514737.787215289,5668510.46939679,0.275474422164073,4889.50852206093
515237.787215289,5668510.46939679,0.298515468260401,4899.03383945655
515737.787215289,5668510.46939679,0.30000827928995,4899.63641909937
516237.787215289,5668510.46939679,0.302226160878992,4900.52866021373
516737.787215289,5668510.46939679,0.321126284897789,4907.99522547319
517237.787215289,5668510.46939679,0.451372294618646,4955.15347813421
517737.787215289,5668510.46939679,0.451372294618646,4955.15347813421
518237.787215289,5668510.46939679,0.451372294618646,4955.15347813421
518737.787215289,5668510.46939679,0.451372294618646,4955.15347813421
519237.787215289,5668510.46939679,0.377944765446883,4929.26768997754
519737.787215289,5668510.46939679,0.508005886240932,4974.63884983595
520237.787215289,5668510.46939679,0.508005886240932,4974.63884983595
520737.787215289,5668510.46939679,0.508005886240932,4974.63884983595
521237.787215289,5668510.46939679,0.377944765446883,4929.26768997754
521737.787215289,5668510.46939679,0.372399651658358,4927.25351097423
522237.787215289,5668510.46939679,0.352473461712511,4919.91662545167
522737.787215289,5668510.46939679,0.334653124349829,4913.20342496646
481237.787215289,5669010.46939679,0.0825696990156871,4769.28574756161
481737.787215289,5669010.46939679,0.0953536467265761,4782.32142479561
482237.787215289,5669010.46939679,0.104733074980408,4790.94251763655
482737.787215289,5669010.46939679,0.113507248464434,4798.42300343546
483237.787215289,5669010.46939679,0.123767479052169,4806.5694125636
483737.787215289,5669010.46939679,0.129599424905885,4810.94968448017
484237.787215289,5669010.46939679,0.138852417274884,4817.57489037694
484737.787215289,5669010.46939679,0.145882615295986,4822.37062298577
485237.787215289,5669010.46939679,0.155887589377238,4828.88348247244
485737.787215289,5669010.46939679,0.168357252224023,4836.5514828355
486237.787215289,5669010.46939679,0.179981622525565,4843.31167545197
486737.787215289,5669010.46939679,0.181381757378009,4844.10319509228
487237.787215289,5669010.46939679,0.192202215583475,4850.07004913044
487737.787215289,5669010.46939679,0.192202215583475,4850.07004913044
488237.787215289,5669010.46939679,0.185516862312438,4846.41418676895
488737.787215289,5669010.46939679,0.309441909482252,4903.40736305662
489237.787215289,5669010.46939679,0.309441909482252,4903.40736305662
489737.787215289,5669010.46939679,0.308732282660222,4903.12585526009
490237.787215289,5669010.46939679,0.177147408828393,4841.69500911152
490737.787215289,5669010.46939679,0.155887589377238,4828.88348247244
491237.787215289,5669010.46939679,0.142406135464596,4820.0231889282
491737.787215289,5669010.46939679,0.149285929551669,4824.6252153441
492237.787215289,5669010.46939679,0.188221055557947,4847.9046198625
492737.787215289,5669010.46939679,0.206092735540719,4857.37619354013
493237.787215289,5669010.46939679,0.482274150681004,4965.79746493425
493737.787215289,5669010.46939679,0.307305096007326,4902.55865453335
494237.787215289,5669010.46939679,0.30801998330313,4902.84294323281
494737.787215289,5669010.46939679,0.203644682630134,4856.11513631612
495237.787215289,5669010.46939679,0.188221055557947,4847.9046198625
495737.787215289,5669010.46939679,0.165324723549297,4834.72877437842
496237.787215289,5669010.46939679,0.149285929551669,4824.6252153441
496737.787215289,5669010.46939679,0.149285929551669,4824.6252153441
497237.787215289,5669010.46939679,0.162237299771293,4832.84603598985
497737.787215289,5669010.46939679,0.17133717362154,4838.31789368126
498237.787215289,5669010.46939679,0.188221055557947,4847.9046198625
498737.787215289,5669010.46939679,0.190884943178944,4849.35728175737
499237.787215289,5669010.46939679,0.198647935479175,4853.50671687375
499737.787215289,5669010.46939679,0.203644682630134,4856.11513631612
500237.787215289,5669010.46939679,0.307305096007326,4902.55865453335
500737.787215289,5669010.46939679,0.203644682630134,4856.11513631612
501237.787215289,5669010.46939679,0.307305096007326,4902.55865453335
501737.787215289,5669010.46939679,0.307305096007326,4902.55865453335
502237.787215289,5669010.46939679,0.255028321394675,4880.65063639141
502737.787215289,5669010.46939679,0.284538634095151,4893.30844766116
503237.787215289,5669010.46939679,0.302226160878992,4900.52866021373
503737.787215289,5669010.46939679,0.312951901558429,4904.79481382904
504237.787215289,5669010.46939679,0.321126284897789,4907.99522547319
504737.787215289,5669010.46939679,0.326391007888132,4910.03476858847
505237.787215289,5669010.46939679,0.326391007888132,4910.03476858847
505737.787215289,5669010.46939679,0.451372294618646,4955.15347813421
506237.787215289,5669010.46939679,0.451372294618646,4955.15347813421
506737.787215289,5669010.46939679,0.451372294618646,4955.15347813421
507237.787215289,5669010.46939679,0.321126284897789,4907.99522547319
507737.787215289,5669010.46939679,0.302226160878992,4900.52866021373
508237.787215289,5669010.46939679,0.267729407311648,4886.20223585991
508737.787215289,5669010.46939679,0.249317324331622,4878.09752440911
509237.787215289,5669010.46939679,0.230015409639212,4869.17464113205
509737.787215289,5669010.46939679,0.214413407435253,4861.58387084235
510237.787215289,5669010.46939679,0.202408260311013,4855.47405872145
510737.787215289,5669010.46939679,0.185516862312438,4846.41418676895
511237.787215289,5669010.46939679,0.172808042556193,4839.18103967451
511737.787215289,5669010.46939679,0.155887589377238,4828.88348247244
512237.787215289,5669010.46939679,0.165324723549297,4834.72877437842
512737.787215289,5669010.46939679,0.179981622525565,4843.31167545197
513237.787215289,5669010.46939679,0.207304637508709,4857.99649243197
513737.787215289,5669010.46939679,0.22786447283093,4868.14967627558
514237.787215289,5669010.46939679,0.259661135771656,4882.69519248808
514737.787215289,5669010.46939679,0.292427151622938,4896.55884346456
515237.787215289,5669010.46939679,0.321126284897789,4907.99522547319
515737.787215289,5669010.46939679,0.326391007888132,4910.03476858847
516237.787215289,5669010.46939679,0.326391007888132,4910.03476858847
516737.787215289,5669010.46939679,0.451372294618646,4955.15347813421
517237.787215289,5669010.46939679,0.451372294618646,4955.15347813421
517737.787215289,5669010.46939679,0.326391007888132,4910.03476858847
518237.787215289,5669010.46939679,0.321126284897789,4907.99522547319
518737.787215289,5669010.46939679,0.332777406930651,4912.48737329806
519237.787215289,5669010.46939679,0.352473461712511,4919.91662545167
519737.787215289,5669010.46939679,0.364035489168648,4924.19356686123
520237.787215289,5669010.46939679,0.364035489168648,4924.19356686123
520737.787215289,5669010.46939679,0.377944765446883,4929.26768997754
521237.787215289,5669010.46939679,0.508005886240932,4974.63884983595
521737.787215289,5669010.46939679,0.508005886240932,4974.63884983595
481737.787215289,5669510.46939679,0.0903973402450306,4777.46204662746
482237.787215289,5669510.46939679,0.0977617182894351,4784.60294204716
482737.787215289,5669510.46939679,0.104733074980408,4790.94251763655
483237.787215289,5669510.46939679,0.115618061899259,4800.14850510016
483737.787215289,5669510.46939679,0.121772049325338,4805.03095871716
484237.787215289,5669510.46939679,0.131494734505549,4812.33786511467
484737.787215289,5669510.46939679,0.137045193870479,4816.31010566449
485237.787215289,5669510.46939679,0.145882615295986,4822.37062298577
485737.787215289,5669510.46939679,0.159092456194012,4830.89911277944
486237.787215289,5669510.46939679,0.168357252224023,4836.5514828355
486737.787215289,5669510.46939679,0.169853654171881,4837.44150704737
487237.787215289,5669510.46939679,0.179981622525565,4843.31167545197
487737.787215289,5669510.46939679,0.181381757378009,4844.10319509228
488237.787215289,5669510.46939679,0.179981622525565,4843.31167545197
488737.787215289,5669510.46939679,0.207304637508709,4857.99649243197
489237.787215289,5669510.46939679,0.308732282660222,4903.12585526009
489737.787215289,5669510.46939679,0.308732282660222,4903.12585526009
490237.787215289,5669510.46939679,0.181381757378009,4844.10319509228
490737.787215289,5669510.46939679,0.165324723549297,4834.72877437842
491237.787215289,5669510.46939679,0.149285929551669,4824.6252153441
491737.787215289,5669510.46939679,0.149285929551669,4824.6252153441
492237.787215289,5669510.46939679,0.181381757378009,4844.10319509228
492737.787215289,5669510.46939679,0.201163405294982,4854.82573582224
493237.787215289,5669510.46939679,0.30801998330313,4902.84294323281
493737.787215289,5669510.46939679,0.307305096007326,4902.55865453335
494237.787215289,5669510.46939679,0.203644682630134,4856.11513631612
494737.787215289,5669510.46939679,0.190884943178944,4849.35728175737
495237.787215289,5669510.46939679,0.181381757378009,4844.10319509228
495737.787215289,5669510.46939679,0.155887589377238,4828.88348247244
496237.787215289,5669510.46939679,0.155887589377238,4828.88348247244
496737.787215289,5669510.46939679,0.155887589377238,4828.88348247244
497237.787215289,5669510.46939679,0.17133717362154,4838.31789368126
497737.787215289,5669510.46939679,0.181381757378009,4844.10319509228
498237.787215289,5669510.46939679,0.198647935479175,4853.50671687375
498737.787215289,5669510.46939679,0.203644682630134,4856.11513631612
499237.787215289,5669510.46939679,0.203644682630134,4856.11513631612
499737.787215289,5669510.46939679,0.307305096007326,4902.55865453335
500237.787215289,5669510.46939679,0.307305096007326,4902.55865453335
500737.787215289,5669510.46939679,0.307305096007326,4902.55865453335
501237.787215289,5669510.46939679,0.307305096007326,4902.55865453335
501737.787215289,5669510.46939679,0.307305096007326,4902.55865453335
502237.787215289,5669510.46939679,0.307305096007326,4902.55865453335
502737.787215289,5669510.46939679,0.292427151622938,4896.55884346456
503237.787215289,5669510.46939679,0.310148985920393,4903.68752101852
503737.787215289,5669510.46939679,0.326391007888132,4910.03476858847
504237.787215289,5669510.46939679,0.326391007888132,4910.03476858847
504737.787215289,5669510.46939679,0.451372294618646,4955.15347813421
505237.787215289,5669510.46939679,0.451372294618646,4955.15347813421
505737.787215289,5669510.46939679,0.451372294618646,4955.15347813421
506237.787215289,5669510.46939679,0.326391007888132,4910.03476858847
506737.787215289,5669510.46939679,0.326391007888132,4910.03476858847
507237.787215289,5669510.46939679,0.310148985920393,4903.68752101852
507737.787215289,5669510.46939679,0.292427151622938,4896.55884346456
508237.787215289,5669510.46939679,0.258743450804885,4882.29203371565
508737.787215289,5669510.46939679,0.242431736072177,4874.96859233584
509237.787215289,5669510.46939679,0.224591184783008,4866.57712867393
509737.787215289,5669510.46939679,0.204872797011721,4856.74912806425
510237.787215289,5669510.46939679,0.193509897065808,4850.77405701299
510737.787215289,5669510.46939679,0.178570213027688,4842.50903484954
511237.787215289,5669510.46939679,0.166847714411858,4835.64739757805
511737.787215289,5669510.46939679,0.166847714411858,4835.64739757805
512237.787215289,5669510.46939679,0.177147408828393,4841.69500911152
512737.787215289,5669510.46939679,0.188221055557947,4847.9046198625
513237.787215289,5669510.46939679,0.208508596078889,4858.61015747088
513737.787215289,5669510.46939679,0.228943032111607,4868.66445090253
514237.787215289,5669510.46939679,0.262388207808778,4883.88802577367
514737.787215289,5669510.46939679,0.307305096007326,4902.55865453335
515237.787215289,5669510.46939679,0.326391007888132,4910.03476858847
515737.787215289,5669510.46939679,0.451372294618646,4955.15347813421
516237.787215289,5669510.46939679,0.451372294618646,4955.15347813421
516737.787215289,5669510.46939679,0.451372294618646,4955.15347813421
517237.787215289,5669510.46939679,0.451372294618646,4955.15347813421
517737.787215289,5669510.46939679,0.312951901558429,4904.79481382904
518237.787215289,5669510.46939679,0.310148985920393,4903.68752101852
518737.787215289,5669510.46939679,0.323117263962999,4908.76846355788
519237.787215289,5669510.46939679,0.341979399799068,4915.98242857609
519737.787215289,5669510.46939679,0.350190260319063,4919.06508682073
520237.787215289,5669510.46939679,0.352473461712511,4919.91662545167
520737.787215289,5669510.46939679,0.372399651658358,4927.25351097423
481737.787215289,5670010.46939679,0.0798419208535041,4766.27387658088
482237.787215289,5670010.46939679,0.0852356557120317,4772.14486226844
482737.787215289,5670010.46939679,0.0903973402450306,4777.46204662746
483237.787215289,5670010.46939679,0.0977617182894351,4784.60294204716
483737.787215289,5670010.46939679,0.104733074980408,4790.94251763655
484237.787215289,5670010.46939679,0.115618061899259,4800.14850510016
484737.787215289,5670010.46939679,0.121772049325338,4805.03095871716
485237.787215289,5670010.46939679,0.131494734505549,4812.33786511467
485737.787215289,5670010.46939679,0.138852417274884,4817.57489037694
486237.787215289,5670010.46939679,0.150961309673497,4825.71993824739
486737.787215289,5670010.46939679,0.150961309673497,4825.71993824739
487237.787215289,5670010.46939679,0.159092456194012,4830.89911277944
487737.787215289,5670010.46939679,0.159092456194012,4830.89911277944
488237.787215289,5670010.46939679,0.168357252224023,4836.5514828355
488737.787215289,5670010.46939679,0.190884943178944,4849.35728175737
489237.787215289,5670010.46939679,0.206092735540719,4857.37619354013
489737.787215289,5670010.46939679,0.308732282660222,4903.12585526009
490237.787215289,5670010.46939679,0.198647935479175,4853.50671687375
490737.787215289,5670010.46939679,0.188221055557947,4847.9046198625
491237.787215289,5670010.46939679,0.165324723549297,4834.72877437842
491737.787215289,5670010.46939679,0.165324723549297,4834.72877437842
492237.787215289,5670010.46939679,0.198647935479175,4853.50671687375
492737.787215289,5670010.46939679,0.307305096007326,4902.55865453335
493237.787215289,5670010.46939679,0.307305096007326,4902.55865453335
493737.787215289,5670010.46939679,0.198647935479175,4853.50671687375
494237.787215289,5670010.46939679,0.188221055557947,4847.9046198625
494737.787215289,5670010.46939679,0.17133717362154,4838.31789368126
495237.787215289,5670010.46939679,0.166847714411858,4835.64739757805
495737.787215289,5670010.46939679,0.177147408828393,4841.69500911152
496237.787215289,5670010.46939679,0.178570213027688,4842.50903484954
496737.787215289,5670010.46939679,0.178570213027688,4842.50903484954
497237.787215289,5670010.46939679,0.198647935479175,4853.50671687375
497737.787215289,5670010.46939679,0.307305096007326,4902.55865453335
498237.787215289,5670010.46939679,0.307305096007326,4902.55865453335
498737.787215289,5670010.46939679,0.307305096007326,4902.55865453335
499237.787215289,5670010.46939679,0.307305096007326,4902.55865453335
499737.787215289,5670010.46939679,0.203644682630134,4856.11513631612
500237.787215289,5670010.46939679,0.203644682630134,4856.11513631612
500737.787215289,5670010.46939679,0.203644682630134,4856.11513631612
501237.787215289,5670010.46939679,0.219005516329522,4863.85678293542
501737.787215289,5670010.46939679,0.24041790202788,4874.04249932736
502237.787215289,5670010.46939679,0.262388207808778,4883.88802577367
502737.787215289,5670010.46939679,0.307305096007326,4902.55865453335
503237.787215289,5670010.46939679,0.326391007888132,4910.03476858847
503737.787215289,5670010.46939679,0.451372294618646,4955.15347813421
504237.787215289,5670010.46939679,0.451372294618646,4955.15347813421
504737.787215289,5670010.46939679,0.451372294618646,4955.15347813421
505237.787215289,5670010.46939679,0.451372294618646,4955.15347813421
505737.787215289,5670010.46939679,0.326391007888132,4910.03476858847
506237.787215289,5670010.46939679,0.310148985920393,4903.68752101852
506737.787215289,5670010.46939679,0.30000827928995,4899.63641909937
507237.787215289,5670010.46939679,0.286142175559228,4893.97330671512
507737.787215289,5670010.46939679,0.275474422164073,4889.50852206093
508237.787215289,5670010.46939679,0.307305096007326,4902.55865453335
508737.787215289,5670010.46939679,0.307305096007326,4902.55865453335
509237.787215289,5670010.46939679,0.213247394857205,4861.00129953139
509737.787215289,5670010.46939679,0.198647935479175,4853.50671687375
510237.787215289,5670010.46939679,0.177147408828393,4841.69500911152
510737.787215289,5670010.46939679,0.178570213027688,4842.50903484954
511237.787215289,5670010.46939679,0.188221055557947,4847.9046198625
511737.787215289,5670010.46939679,0.190884943178944,4849.35728175737
512237.787215289,5670010.46939679,0.198647935479175,4853.50671687375
512737.787215289,5670010.46939679,0.203644682630134,4856.11513631612
513237.787215289,5670010.46939679,0.307305096007326,4902.55865453335
513737.787215289,5670010.46939679,0.307305096007326,4902.55865453335
514237.787215289,5670010.46939679,0.307305096007326,4902.55865453335
514737.787215289,5670010.46939679,0.307305096007326,4902.55865453335
515237.787215289,5670010.46939679,0.326391007888132,4910.03476858847
515737.787215289,5670010.46939679,0.451372294618646,4955.15347813421
516237.787215289,5670010.46939679,0.451706261244193,4955.26893057577
516737.787215289,5670010.46939679,0.326391007888132,4910.03476858847
517237.787215289,5670010.46939679,0.312951901558429,4904.79481382904
517737.787215289,5670010.46939679,0.292427151622938,4896.55884346456
518237.787215289,5670010.46939679,0.286142175559228,4893.97330671512
518737.787215289,5670010.46939679,0.30075038244981,4899.93536169762
482237.787215289,5670510.46939679,0.0770478836456125,4763.09186751537
482737.787215289,5670510.46939679,0.0798419208535041,4766.27387658088
483237.787215289,5670510.46939679,0.0852356557120317,4772.14486226844
483737.787215289,5670510.46939679,0.0903973402450306,4777.46204662746
484237.787215289,5670510.46939679,0.100126245656772,4786.79598008351
484737.787215289,5670510.46939679,0.104733074980408,4790.94251763655
485237.787215289,5670510.46939679,0.115618061899259,4800.14850510016
485737.787215289,5670510.46939679,0.123767479052169,4806.5694125636
486237.787215289,5670510.46939679,0.131494734505549,4812.33786511467
486737.787215289,5670510.46939679,0.135216937551355,4815.01658702522
487237.787215289,5670510.46939679,0.138852417274884,4817.57489037694
487737.787215289,5670510.46939679,0.140639207026501,4818.81219358092
488237.787215289,5670510.46939679,0.152619774626411,4826.79405511161
488737.787215289,5670510.46939679,0.174266562379123,4840.03136932925
489237.787215289,5670510.46939679,0.192202215583475,4850.07004913044
489737.787215289,5670510.46939679,0.207304637508709,4857.99649243197
490237.787215289,5670510.46939679,0.30801998330313,4902.84294323281
490737.787215289,5670510.46939679,0.203644682630134,4856.11513631612
491237.787215289,5670510.46939679,0.181381757378009,4844.10319509228
491737.787215289,5670510.46939679,0.181381757378009,4844.10319509228
492237.787215289,5670510.46939679,0.307305096007326,4902.55865453335
492737.787215289,5670510.46939679,0.307305096007326,4902.55865453335
493237.787215289,5670510.46939679,0.198647935479175,4853.50671687375
493737.787215289,5670510.46939679,0.181381757378009,4844.10319509228
494237.787215289,5670510.46939679,0.178570213027688,4842.50903484954
494737.787215289,5670510.46939679,0.190884943178944,4849.35728175737
495237.787215289,5670510.46939679,0.190884943178944,4849.35728175737
495737.787215289,5670510.46939679,0.198647935479175,4853.50671687375
496237.787215289,5670510.46939679,0.203644682630134,4856.11513631612
496737.787215289,5670510.46939679,0.203644682630134,4856.11513631612
497237.787215289,5670510.46939679,0.203644682630134,4856.11513631612
497737.787215289,5670510.46939679,0.307305096007326,4902.55865453335
498237.787215289,5670510.46939679,0.307305096007326,4902.55865453335
498737.787215289,5670510.46939679,0.307305096007326,4902.55865453335
499237.787215289,5670510.46939679,0.203644682630134,4856.11513631612
499737.787215289,5670510.46939679,0.198647935479175,4853.50671687375
500237.787215289,5670510.46939679,0.190884943178944,4849.35728175737
500737.787215289,5670510.46939679,0.190884943178944,4849.35728175737
501237.787215289,5670510.46939679,0.216723625500808,4862.73155906954
501737.787215289,5670510.46939679,0.238382569487151,4873.10129703684
502237.787215289,5670510.46939679,0.259661135771656,4882.69519248808
502737.787215289,5670510.46939679,0.292427151622938,4896.55884346456
503237.787215289,5670510.46939679,0.310148985920393,4903.68752101852
503737.787215289,5670510.46939679,0.326391007888132,4910.03476858847
504237.787215289,5670510.46939679,0.326391007888132,4910.03476858847
504737.787215289,5670510.46939679,0.321126284897789,4907.99522547319
505237.787215289,5670510.46939679,0.312951901558429,4904.79481382904
505737.787215289,5670510.46939679,0.30000827928995,4899.63641909937
506237.787215289,5670510.46939679,0.286142175559228,4893.97330671512
506737.787215289,5670510.46939679,0.275474422164073,4889.50852206093
507237.787215289,5670510.46939679,0.265077311088845,4885.05673752734
507737.787215289,5670510.46939679,0.255028321394675,4880.65063639141
508237.787215289,5670510.46939679,0.307305096007326,4902.55865453335
508737.787215289,5670510.46939679,0.307305096007326,4902.55865453335
509237.787215289,5670510.46939679,0.307305096007326,4902.55865453335
509737.787215289,5670510.46939679,0.307305096007326,4902.55865453335
510237.787215289,5670510.46939679,0.198647935479175,4853.50671687375
510737.787215289,5670510.46939679,0.203644682630134,4856.11513631612
511237.787215289,5670510.46939679,0.203644682630134,4856.11513631612
511737.787215289,5670510.46939679,0.307305096007326,4902.55865453335
512237.787215289,5670510.46939679,0.307305096007326,4902.55865453335
512737.787215289,5670510.46939679,0.307305096007326,4902.55865453335
513237.787215289,5670510.46939679,0.307305096007326,4902.55865453335
513737.787215289,5670510.46939679,0.224591184783008,4866.57712867393
514237.787215289,5670510.46939679,0.255028321394675,4880.65063639141
514737.787215289,5670510.46939679,0.284538634095151,4893.30844766116
482737.787215289,5671010.46939679,0.0741825791714757,4759.71922065725
483237.787215289,5671010.46939679,0.238626523415799,4873.21438940009
483737.787215289,5671010.46939679,0.0825696990156871,4769.28574756161
484237.787215289,5671010.46939679,0.0928997088112431,4779.94395285771
484737.787215289,5671010.46939679,0.0977617182894351,4784.60294204716
485237.787215289,5671010.46939679,0.10697909857011,4792.90721006812
485737.787215289,5671010.46939679,0.115618061899259,4800.14850510016
486237.787215289,5671010.46939679,0.121772049325338,4805.03095871716
486737.787215289,5671010.46939679,0.125736608457139,4808.06732080645
487237.787215289,5671010.46939679,0.131494734505549,4812.33786511467
487737.787215289,5671010.46939679,0.135216937551355,4815.01658702522
488237.787215289,5671010.46939679,0.145882615295986,4822.37062298577
488737.787215289,5671010.46939679,0.168357252224023,4836.5514828355
489237.787215289,5671010.46939679,0.185516862312438,4846.41418676895
489737.787215289,5671010.46939679,0.202408260311013,4855.47405872145
490237.787215289,5671010.46939679,0.30801998330313,4902.84294323281
490737.787215289,5671010.46939679,0.307305096007326,4902.55865453335
491237.787215289,5671010.46939679,0.188221055557947,4847.9046198625
491737.787215289,5671010.46939679,0.188221055557947,4847.9046198625
492237.787215289,5671010.46939679,0.307305096007326,4902.55865453335
492737.787215289,5671010.46939679,0.307305096007326,4902.55865453335
493237.787215289,5671010.46939679,0.188221055557947,4847.9046198625
493737.787215289,5671010.46939679,0.181381757378009,4844.10319509228
494237.787215289,5671010.46939679,0.190884943178944,4849.35728175737
494737.787215289,5671010.46939679,0.203644682630134,4856.11513631612
495237.787215289,5671010.46939679,0.203644682630134,4856.11513631612
495737.787215289,5671010.46939679,0.203644682630134,4856.11513631612
496237.787215289,5671010.46939679,0.307305096007326,4902.55865453335
496737.787215289,5671010.46939679,0.307305096007326,4902.55865453335
497237.787215289,5671010.46939679,0.307305096007326,4902.55865453335
497737.787215289,5671010.46939679,0.307305096007326,4902.55865453335
498237.787215289,5671010.46939679,0.198647935479175,4853.50671687375
498737.787215289,5671010.46939679,0.190884943178944,4849.35728175737
499237.787215289,5671010.46939679,0.181381757378009,4844.10319509228
499737.787215289,5671010.46939679,0.177147408828393,4841.69500911152
500237.787215289,5671010.46939679,0.166847714411858,4835.64739757805
500737.787215289,5671010.46939679,0.175712918185514,4840.86922644503
501237.787215289,5671010.46939679,0.210893193277889,4859.81817154313
501737.787215289,5671010.46939679,0.230015409639212,4869.17464113205
502237.787215289,5671010.46939679,0.249317324331622,4878.09752440911
502737.787215289,5671010.46939679,0.275474422164073,4889.50852206093
503237.787215289,5671010.46939679,0.292427151622938,4896.55884346456
503737.787215289,5671010.46939679,0.30000827928995,4899.63641909937
504237.787215289,5671010.46939679,0.312951901558429,4904.79481382904
504737.787215289,5671010.46939679,0.310148985920393,4903.68752101852
505237.787215289,5671010.46939679,0.30000827928995,4899.63641909937
505737.787215289,5671010.46939679,0.287732548822459,4894.63059337455
506237.787215289,5671010.46939679,0.275474422164073,4889.50852206093
506737.787215289,5671010.46939679,0.265077311088845,4885.05673752734
507237.787215289,5671010.46939679,0.255028321394675,4880.65063639141
507737.787215289,5671010.46939679,0.244424492747072,4875.88002918648
508237.787215289,5671010.46939679,0.220136069363564,4864.41124020741
508737.787215289,5671010.46939679,0.206092735540719,4857.37619354013
509237.787215289,5671010.46939679,0.307305096007326,4902.55865453335
509737.787215289,5671010.46939679,0.307305096007326,4902.55865453335
510237.787215289,5671010.46939679,0.203644682630134,4856.11513631612
510737.787215289,5671010.46939679,0.307305096007326,4902.55865453335
511237.787215289,5671010.46939679,0.307305096007326,4902.55865453335
511737.787215289,5671010.46939679,0.307305096007326,4902.55865453335
512237.787215289,5671010.46939679,0.307305096007326,4902.55865453335
512737.787215289,5671010.46939679,0.307305096007326,4902.55865453335
513237.787215289,5671010.46939679,0.203644682630134,4856.11513631612
513737.787215289,5671010.46939679,0.221259859267649,4864.96042115906
483237.787215289,5671510.46939679,0.0682143149189123,4752.29907199353
483737.787215289,5671510.46939679,0.0741825791714757,4759.71922065725
484237.787215289,5671510.46939679,0.0798419208535041,4766.27387658088
484737.787215289,5671510.46939679,0.0825696990156871,4769.28574756161
485237.787215289,5671510.46939679,0.0903973402450306,4777.46204662746
485737.787215289,5671510.46939679,0.100126245656772,4786.79598008351
486237.787215289,5671510.46939679,0.104733074980408,4790.94251763655
486737.787215289,5671510.46939679,0.109189145731808,4794.80607133446
487237.787215289,5671510.46939679,0.111364712407748,4796.64336514201
487737.787215289,5671510.46939679,0.119749350536903,4803.44967025295
488237.787215289,5671510.46939679,0.131494734505549,4812.33786511467
488737.787215289,5671510.46939679,0.150961309673497,4825.71993824739
489237.787215289,5671510.46939679,0.166847714411858,4835.64739757805
489737.787215289,5671510.46939679,0.178570213027688,4842.50903484954
490237.787215289,5671510.46939679,0.204872797011721,4856.74912806425
490737.787215289,5671510.46939679,0.30801998330313,4902.84294323281
491237.787215289,5671510.46939679,0.203644682630134,4856.11513631612
491737.787215289,5671510.46939679,0.203644682630134,4856.11513631612
492237.787215289,5671510.46939679,0.307305096007326,4902.55865453335
492737.787215289,5671510.46939679,0.203644682630134,4856.11513631612
493237.787215289,5671510.46939679,0.181381757378009,4844.10319509228
493737.787215289,5671510.46939679,0.198647935479175,4853.50671687375
494237.787215289,5671510.46939679,0.307305096007326,4902.55865453335
494737.787215289,5671510.46939679,0.307305096007326,4902.55865453335
495237.787215289,5671510.46939679,0.307305096007326,4902.55865453335
495737.787215289,5671510.46939679,0.307305096007326,4902.55865453335
496237.787215289,5671510.46939679,0.307305096007326,4902.55865453335
496737.787215289,5671510.46939679,0.307305096007326,4902.55865453335
497237.787215289,5671510.46939679,0.307305096007326,4902.55865453335
497737.787215289,5671510.46939679,0.203644682630134,4856.11513631612
498237.787215289,5671510.46939679,0.188221055557947,4847.9046198625
498737.787215289,5671510.46939679,0.178570213027688,4842.50903484954
499237.787215289,5671510.46939679,0.17133717362154,4838.31789368126
499737.787215289,5671510.46939679,0.165324723549297,4834.72877437842
500237.787215289,5671510.46939679,0.157497684905857,4829.90018002585
500737.787215289,5671510.46939679,0.172808042556193,4839.18103967451
501237.787215289,5671510.46939679,0.207304637508709,4857.99649243197
501737.787215289,5671510.46939679,0.224591184783008,4866.57712867393
502237.787215289,5671510.46939679,0.242431736072177,4874.96859233584
502737.787215289,5671510.46939679,0.267729407311648,4886.20223585991
503237.787215289,5671510.46939679,0.282108233105312,4892.2966099126
503737.787215289,5671510.46939679,0.287732548822459,4894.63059337455
504237.787215289,5671510.46939679,0.287732548822459,4894.63059337455
504737.787215289,5671510.46939679,0.286142175559228,4893.97330671512
505237.787215289,5671510.46939679,0.275474422164073,4889.50852206093
505737.787215289,5671510.46939679,0.265077311088845,4885.05673752734
506237.787215289,5671510.46939679,0.255028321394675,4880.65063639141
506737.787215289,5671510.46939679,0.244424492747072,4875.88002918648
507237.787215289,5671510.46939679,0.234245196487586,4871.17142893327
507737.787215289,5671510.46939679,0.224591184783008,4866.57712867393
508237.787215289,5671510.46939679,0.204872797011721,4856.74912806425
508737.787215289,5671510.46939679,0.192202215583475,4850.07004913044
509237.787215289,5671510.46939679,0.190884943178944,4849.35728175737
509737.787215289,5671510.46939679,0.307305096007326,4902.55865453335
510237.787215289,5671510.46939679,0.307305096007326,4902.55865453335
510737.787215289,5671510.46939679,0.307305096007326,4902.55865453335
511237.787215289,5671510.46939679,0.307305096007326,4902.55865453335
511737.787215289,5671510.46939679,0.203644682630134,4856.11513631612
512237.787215289,5671510.46939679,0.203644682630134,4856.11513631612
483737.787215289,5672010.46939679,0.0682143149189123,4752.29907199353
484237.787215289,5672010.46939679,0.0741825791714757,4759.71922065725
484737.787215289,5672010.46939679,0.238626523415799,4873.21438940009
485237.787215289,5672010.46939679,0.238626523415799,4873.21438940009
485737.787215289,5672010.46939679,0.0903973402450306,4777.46204662746
486237.787215289,5672010.46939679,0.0953536467265761,4782.32142479561
486737.787215289,5672010.46939679,0.102449388411146,4788.90720643577
487237.787215289,5672010.46939679,0.104733074980408,4790.94251763655
487737.787215289,5672010.46939679,0.113507248464434,4798.42300343546
488237.787215289,5672010.46939679,0.125736608457139,4808.06732080645
488737.787215289,5672010.46939679,0.144153779694943,4821.20899799479
489237.787215289,5672010.46939679,0.157497684905857,4829.90018002585
489737.787215289,5672010.46939679,0.166847714411858,4835.64739757805
490237.787215289,5672010.46939679,0.199910000267629,4854.1700082791
490737.787215289,5672010.46939679,0.307305096007326,4902.55865453335
491237.787215289,5672010.46939679,0.307305096007326,4902.55865453335
491737.787215289,5672010.46939679,0.307305096007326,4902.55865453335
492237.787215289,5672010.46939679,0.307305096007326,4902.55865453335
492737.787215289,5672010.46939679,0.198647935479175,4853.50671687375
493237.787215289,5672010.46939679,0.188221055557947,4847.9046198625
493737.787215289,5672010.46939679,0.203644682630134,4856.11513631612
494237.787215289,5672010.46939679,0.307305096007326,4902.55865453335
494737.787215289,5672010.46939679,0.307305096007326,4902.55865453335
495237.787215289,5672010.46939679,0.203644682630134,4856.11513631612
495737.787215289,5672010.46939679,0.203644682630134,4856.11513631612
496237.787215289,5672010.46939679,0.203644682630134,4856.11513631612
496737.787215289,5672010.46939679,0.190884943178944,4849.35728175737
497237.787215289,5672010.46939679,0.190884943178944,4849.35728175737
497737.787215289,5672010.46939679,0.188221055557947,4847.9046198625
498237.787215289,5672010.46939679,0.165324723549297,4834.72877437842
498737.787215289,5672010.46939679,0.155887589377238,4828.88348247244
499237.787215289,5672010.46939679,0.152619774626411,4826.79405511161
499737.787215289,5672010.46939679,0.145882615295986,4822.37062298577
500237.787215289,5672010.46939679,0.150961309673497,4825.71993824739
500737.787215289,5672010.46939679,0.166847714411858,4835.64739757805
501237.787215289,5672010.46939679,0.197377006695931,4852.83564843817
501737.787215289,5672010.46939679,0.213247394857205,4861.00129953139
502237.787215289,5672010.46939679,0.22786447283093,4868.14967627558
502737.787215289,5672010.46939679,0.249317324331622,4878.09752440911
503237.787215289,5672010.46939679,0.259661135771656,4882.69519248808
503737.787215289,5672010.46939679,0.263288770177419,4884.28024111535
504237.787215289,5672010.46939679,0.263288770177419,4884.28024111535
504737.787215289,5672010.46939679,0.262388207808778,4883.88802577367
505237.787215289,5672010.46939679,0.263288770177419,4884.28024111535
484737.787215289,5672510.46939679,0.0650970138296592,4748.1859801556
485237.787215289,5672510.46939679,0.0682143149189123,4752.29907199353
485737.787215289,5672510.46939679,0.0741825791714757,4759.71922065725
486237.787215289,5672510.46939679,0.0770478836456125,4763.09186751537
486737.787215289,5672510.46939679,0.0798419208535041,4766.27387658088
487237.787215289,5672510.46939679,0.0825696990156871,4769.28574756161
487737.787215289,5672510.46939679,0.0953536467265761,4782.32142479561
488237.787215289,5672510.46939679,0.104733074980408,4790.94251763655
488737.787215289,5672510.46939679,0.121772049325338,4805.03095871716
489237.787215289,5672510.46939679,0.131494734505549,4812.33786511467
489737.787215289,5672510.46939679,0.142406135464596,4820.0231889282
490237.787215289,5672510.46939679,0.17133717362154,4838.31789368126
490737.787215289,5672510.46939679,0.188221055557947,4847.9046198625
491237.787215289,5672510.46939679,0.307305096007326,4902.55865453335
491737.787215289,5672510.46939679,0.307305096007326,4902.55865453335
492237.787215289,5672510.46939679,0.203644682630134,4856.11513631612
492737.787215289,5672510.46939679,0.203644682630134,4856.11513631612
493237.787215289,5672510.46939679,0.307305096007326,4902.55865453335
493737.787215289,5672510.46939679,0.307305096007326,4902.55865453335
494237.787215289,5672510.46939679,0.203644682630134,4856.11513631612
494737.787215289,5672510.46939679,0.188221055557947,4847.9046198625
495237.787215289,5672510.46939679,0.178570213027688,4842.50903484954
495737.787215289,5672510.46939679,0.178570213027688,4842.50903484954
496237.787215289,5672510.46939679,0.178570213027688,4842.50903484954
496737.787215289,5672510.46939679,0.166847714411858,4835.64739757805
497237.787215289,5672510.46939679,0.166847714411858,4835.64739757805
497737.787215289,5672510.46939679,0.165324723549297,4834.72877437842
498237.787215289,5672510.46939679,0.149285929551669,4824.6252153441
498737.787215289,5672510.46939679,0.138852417274884,4817.57489037694
499237.787215289,5672510.46939679,0.133367011864724,4813.69299004443
499737.787215289,5672510.46939679,0.127680305801758,4809.52676206766
500237.787215289,5672510.46939679,0.144153779694943,4821.20899799479
500737.787215289,5672510.46939679,0.157497684905857,4829.90018002585
501237.787215289,5672510.46939679,0.185516862312438,4846.41418676895
501737.787215289,5672510.46939679,0.198647935479175,4853.50671687375
485237.787215289,5673010.46939679,0.0650970138296592,4748.1859801556
485737.787215289,5673010.46939679,0.0682143149189123,4752.29907199353
486237.787215289,5673010.46939679,0.0712402640588992,4756.13146250658
486737.787215289,5673010.46939679,0.0741825791714757,4759.71922065725
487237.787215289,5673010.46939679,0.0770478836456125,4763.09186751537
487737.787215289,5673010.46939679,0.0903973402450306,4777.46204662746
488237.787215289,5673010.46939679,0.100126245656772,4786.79598008351
488737.787215289,5673010.46939679,0.115618061899259,4800.14850510016
489237.787215289,5673010.46939679,0.123767479052169,4806.5694125636
489737.787215289,5673010.46939679,0.135216937551355,4815.01658702522
490237.787215289,5673010.46939679,0.165324723549297,4834.72877437842
490737.787215289,5673010.46939679,0.181381757378009,4844.10319509228
491237.787215289,5673010.46939679,0.203644682630134,4856.11513631612
491737.787215289,5673010.46939679,0.307305096007326,4902.55865453335
492237.787215289,5673010.46939679,0.307305096007326,4902.55865453335
492737.787215289,5673010.46939679,0.307305096007326,4902.55865453335
493237.787215289,5673010.46939679,0.307305096007326,4902.55865453335
493737.787215289,5673010.46939679,0.307305096007326,4902.55865453335
494237.787215289,5673010.46939679,0.198647935479175,4853.50671687375
494737.787215289,5673010.46939679,0.177147408828393,4841.69500911152
495237.787215289,5673010.46939679,0.166847714411858,4835.64739757805
495737.787215289,5673010.46939679,0.166847714411858,4835.64739757805
496237.787215289,5673010.46939679,0.166847714411858,4835.64739757805
496737.787215289,5673010.46939679,0.155887589377238,4828.88348247244
497237.787215289,5673010.46939679,0.155887589377238,4828.88348247244
497737.787215289,5673010.46939679,0.155887589377238,4828.88348247244
498237.787215289,5673010.46939679,0.142406135464596,4820.0231889282
498737.787215289,5673010.46939679,0.131494734505549,4812.33786511467
499237.787215289,5673010.46939679,0.125736608457139,4808.06732080645
499737.787215289,5673010.46939679,0.123767479052169,4806.5694125636
500237.787215289,5673010.46939679,0.140639207026501,4818.81219358092
500737.787215289,5673010.46939679,0.154261740620563,4827.84833209261
486237.787215289,5673510.46939679,0.0618792959910038,4743.74751635354
486737.787215289,5673510.46939679,0.0650970138296592,4748.1859801556
487237.787215289,5673510.46939679,0.0682143149189123,4752.29907199353
487737.787215289,5673510.46939679,0.0825696990156871,4769.28574756161
488237.787215289,5673510.46939679,0.0903973402450306,4777.46204662746
488737.787215289,5673510.46939679,0.102449388411146,4788.90720643577
489237.787215289,5673510.46939679,0.111364712407748,4796.64336514201
489737.787215289,5673510.46939679,0.123767479052169,4806.5694125636
490237.787215289,5673510.46939679,0.149285929551669,4824.6252153441
490737.787215289,5673510.46939679,0.165324723549297,4834.72877437842
491237.787215289,5673510.46939679,0.188221055557947,4847.9046198625
491737.787215289,5673510.46939679,0.209704763928781,4859.21734855604
492237.787215289,5673510.46939679,0.307305096007326,4902.55865453335
492737.787215289,5673510.46939679,0.307305096007326,4902.55865453335
493237.787215289,5673510.46939679,0.203644682630134,4856.11513631612
493737.787215289,5673510.46939679,0.190884943178944,4849.35728175737
494237.787215289,5673510.46939679,0.181381757378009,4844.10319509228
494737.787215289,5673510.46939679,0.155887589377238,4828.88348247244
495237.787215289,5673510.46939679,0.147593188332337,4823.50906746423
495737.787215289,5673510.46939679,0.145882615295986,4822.37062298577
496237.787215289,5673510.46939679,0.145882615295986,4822.37062298577
496737.787215289,5673510.46939679,0.138852417274884,4817.57489037694
497237.787215289,5673510.46939679,0.137045193870479,4816.31010566449
497737.787215289,5673510.46939679,0.135216937551355,4815.01658702522
498237.787215289,5673510.46939679,0.127680305801758,4809.52676206766
498737.787215289,5673510.46939679,0.117698370979219,4801.82307506073
499237.787215289,5673510.46939679,0.109189145731808,4794.80607133446
488237.787215289,5674010.46939679,0.0852356557120317,4772.14486226844
488737.787215289,5674010.46939679,0.0953536467265761,4782.32142479561
489237.787215289,5674010.46939679,0.104733074980408,4790.94251763655
489737.787215289,5674010.46939679,0.117698370979219,4801.82307506073
490237.787215289,5674010.46939679,0.142406135464596,4820.0231889282
490737.787215289,5674010.46939679,0.155887589377238,4828.88348247244
491237.787215289,5674010.46939679,0.181381757378009,4844.10319509228
491737.787215289,5674010.46939679,0.190884943178944,4849.35728175737
492237.787215289,5674010.46939679,0.203644682630134,4856.11513631612
492737.787215289,5674010.46939679,0.203644682630134,4856.11513631612
