"","x","y","Trap_index"
"1",488987.787215289,5633760.46939679,1
"2",489987.787215289,5633760.46939679,2
"3",490987.787215289,5633760.46939679,3
"4",491987.787215289,5633760.46939679,4
"5",492987.787215289,5633760.46939679,5
"6",493987.787215289,5633760.46939679,6
"7",494987.787215289,5633760.46939679,7
"8",495987.787215289,5633760.46939679,8
"9",496987.787215289,5633760.46939679,9
"10",497987.787215289,5633760.46939679,10
"11",498987.787215289,5633760.46939679,11
"12",499987.787215289,5633760.46939679,12
"13",500987.787215289,5633760.46939679,13
"14",501987.787215289,5633760.46939679,14
"15",502987.787215289,5633760.46939679,15
"16",503987.787215289,5633760.46939679,16
"17",504987.787215289,5633760.46939679,17
"18",505987.787215289,5633760.46939679,18
"19",506987.787215289,5633760.46939679,19
"20",507987.787215289,5633760.46939679,20
"21",508987.787215289,5633760.46939679,21
"22",509987.787215289,5633760.46939679,22
"23",510987.787215289,5633760.46939679,23
"24",511987.787215289,5633760.46939679,24
"25",512987.787215289,5633760.46939679,25
"26",513987.787215289,5633760.46939679,26
"27",514987.787215289,5633760.46939679,27
"28",515987.787215289,5633760.46939679,28
"29",516987.787215289,5633760.46939679,29
"30",517987.787215289,5633760.46939679,30
"31",518987.787215289,5633760.46939679,31
"32",519987.787215289,5633760.46939679,32
"33",520987.787215289,5633760.46939679,33
"34",521987.787215289,5633760.46939679,34
"35",522987.787215289,5633760.46939679,35
"36",488987.787215289,5634760.46939679,36
"37",489987.787215289,5634760.46939679,37
"38",490987.787215289,5634760.46939679,38
"39",491987.787215289,5634760.46939679,39
"40",492987.787215289,5634760.46939679,40
"41",493987.787215289,5634760.46939679,41
"42",494987.787215289,5634760.46939679,42
"43",495987.787215289,5634760.46939679,43
"44",496987.787215289,5634760.46939679,44
"45",497987.787215289,5634760.46939679,45
"46",498987.787215289,5634760.46939679,46
"47",499987.787215289,5634760.46939679,47
"48",500987.787215289,5634760.46939679,48
"49",501987.787215289,5634760.46939679,49
"50",502987.787215289,5634760.46939679,50
"51",503987.787215289,5634760.46939679,51
"52",504987.787215289,5634760.46939679,52
"53",505987.787215289,5634760.46939679,53
"54",506987.787215289,5634760.46939679,54
"55",507987.787215289,5634760.46939679,55
"56",508987.787215289,5634760.46939679,56
"57",509987.787215289,5634760.46939679,57
"58",510987.787215289,5634760.46939679,58
"59",511987.787215289,5634760.46939679,59
"60",512987.787215289,5634760.46939679,60
"61",513987.787215289,5634760.46939679,61
"62",514987.787215289,5634760.46939679,62
"63",515987.787215289,5634760.46939679,63
"64",516987.787215289,5634760.46939679,64
"65",517987.787215289,5634760.46939679,65
"66",518987.787215289,5634760.46939679,66
"67",519987.787215289,5634760.46939679,67
"68",520987.787215289,5634760.46939679,68
"69",521987.787215289,5634760.46939679,69
"70",522987.787215289,5634760.46939679,70
"71",488987.787215289,5635760.46939679,71
"72",489987.787215289,5635760.46939679,72
"73",490987.787215289,5635760.46939679,73
"74",491987.787215289,5635760.46939679,74
"75",492987.787215289,5635760.46939679,75
"76",493987.787215289,5635760.46939679,76
"77",494987.787215289,5635760.46939679,77
"78",495987.787215289,5635760.46939679,78
"79",496987.787215289,5635760.46939679,79
"80",497987.787215289,5635760.46939679,80
"81",498987.787215289,5635760.46939679,81
"82",499987.787215289,5635760.46939679,82
"83",500987.787215289,5635760.46939679,83
"84",501987.787215289,5635760.46939679,84
"85",502987.787215289,5635760.46939679,85
"86",503987.787215289,5635760.46939679,86
"87",504987.787215289,5635760.46939679,87
"88",505987.787215289,5635760.46939679,88
"89",506987.787215289,5635760.46939679,89
"90",507987.787215289,5635760.46939679,90
"91",508987.787215289,5635760.46939679,91
"92",509987.787215289,5635760.46939679,92
"93",510987.787215289,5635760.46939679,93
"94",511987.787215289,5635760.46939679,94
"95",512987.787215289,5635760.46939679,95
"96",513987.787215289,5635760.46939679,96
"97",514987.787215289,5635760.46939679,97
"98",515987.787215289,5635760.46939679,98
"99",516987.787215289,5635760.46939679,99
"100",517987.787215289,5635760.46939679,100
"101",518987.787215289,5635760.46939679,101
"102",519987.787215289,5635760.46939679,102
"103",520987.787215289,5635760.46939679,103
"104",521987.787215289,5635760.46939679,104
"105",522987.787215289,5635760.46939679,105
"106",488987.787215289,5636760.46939679,106
"107",489987.787215289,5636760.46939679,107
"108",490987.787215289,5636760.46939679,108
"109",491987.787215289,5636760.46939679,109
"110",493987.787215289,5636760.46939679,111
"111",494987.787215289,5636760.46939679,112
"112",495987.787215289,5636760.46939679,113
"113",496987.787215289,5636760.46939679,114
"114",497987.787215289,5636760.46939679,115
"115",498987.787215289,5636760.46939679,116
"116",499987.787215289,5636760.46939679,117
"117",500987.787215289,5636760.46939679,118
"118",501987.787215289,5636760.46939679,119
"119",502987.787215289,5636760.46939679,120
"120",503987.787215289,5636760.46939679,121
"121",504987.787215289,5636760.46939679,122
"122",505987.787215289,5636760.46939679,123
"123",506987.787215289,5636760.46939679,124
"124",507987.787215289,5636760.46939679,125
"125",508987.787215289,5636760.46939679,126
"126",509987.787215289,5636760.46939679,127
"127",510987.787215289,5636760.46939679,128
"128",511987.787215289,5636760.46939679,129
"129",512987.787215289,5636760.46939679,130
"130",513987.787215289,5636760.46939679,131
"131",514987.787215289,5636760.46939679,132
"132",515987.787215289,5636760.46939679,133
"133",516987.787215289,5636760.46939679,134
"134",517987.787215289,5636760.46939679,135
"135",518987.787215289,5636760.46939679,136
"136",519987.787215289,5636760.46939679,137
"137",520987.787215289,5636760.46939679,138
"138",521987.787215289,5636760.46939679,139
"139",522987.787215289,5636760.46939679,140
"140",488987.787215289,5637760.46939679,141
"141",489987.787215289,5637760.46939679,142
"142",490987.787215289,5637760.46939679,143
"143",491987.787215289,5637760.46939679,144
"144",492987.787215289,5637760.46939679,145
"145",493987.787215289,5637760.46939679,146
"146",494987.787215289,5637760.46939679,147
"147",495987.787215289,5637760.46939679,148
"148",496987.787215289,5637760.46939679,149
"149",497987.787215289,5637760.46939679,150
"150",498987.787215289,5637760.46939679,151
"151",499987.787215289,5637760.46939679,152
"152",500987.787215289,5637760.46939679,153
"153",501987.787215289,5637760.46939679,154
"154",502987.787215289,5637760.46939679,155
"155",503987.787215289,5637760.46939679,156
"156",504987.787215289,5637760.46939679,157
"157",505987.787215289,5637760.46939679,158
"158",506987.787215289,5637760.46939679,159
"159",507987.787215289,5637760.46939679,160
"160",508987.787215289,5637760.46939679,161
"161",509987.787215289,5637760.46939679,162
"162",510987.787215289,5637760.46939679,163
"163",511987.787215289,5637760.46939679,164
"164",512987.787215289,5637760.46939679,165
"165",513987.787215289,5637760.46939679,166
"166",514987.787215289,5637760.46939679,167
"167",515987.787215289,5637760.46939679,168
"168",516987.787215289,5637760.46939679,169
"169",517987.787215289,5637760.46939679,170
"170",518987.787215289,5637760.46939679,171
"171",519987.787215289,5637760.46939679,172
"172",520987.787215289,5637760.46939679,173
"173",521987.787215289,5637760.46939679,174
"174",522987.787215289,5637760.46939679,175
"175",488987.787215289,5638760.46939679,176
"176",489987.787215289,5638760.46939679,177
"177",490987.787215289,5638760.46939679,178
"178",491987.787215289,5638760.46939679,179
"179",492987.787215289,5638760.46939679,180
"180",493987.787215289,5638760.46939679,181
"181",494987.787215289,5638760.46939679,182
"182",495987.787215289,5638760.46939679,183
"183",496987.787215289,5638760.46939679,184
"184",497987.787215289,5638760.46939679,185
"185",498987.787215289,5638760.46939679,186
"186",499987.787215289,5638760.46939679,187
"187",500987.787215289,5638760.46939679,188
"188",501987.787215289,5638760.46939679,189
"189",502987.787215289,5638760.46939679,190
"190",503987.787215289,5638760.46939679,191
"191",504987.787215289,5638760.46939679,192
"192",506987.787215289,5638760.46939679,194
"193",507987.787215289,5638760.46939679,195
"194",508987.787215289,5638760.46939679,196
"195",509987.787215289,5638760.46939679,197
"196",510987.787215289,5638760.46939679,198
"197",511987.787215289,5638760.46939679,199
"198",512987.787215289,5638760.46939679,200
"199",513987.787215289,5638760.46939679,201
"200",515987.787215289,5638760.46939679,203
"201",516987.787215289,5638760.46939679,204
"202",517987.787215289,5638760.46939679,205
"203",518987.787215289,5638760.46939679,206
"204",519987.787215289,5638760.46939679,207
"205",520987.787215289,5638760.46939679,208
"206",521987.787215289,5638760.46939679,209
"207",522987.787215289,5638760.46939679,210
"208",488987.787215289,5639760.46939679,211
"209",489987.787215289,5639760.46939679,212
"210",490987.787215289,5639760.46939679,213
"211",491987.787215289,5639760.46939679,214
"212",492987.787215289,5639760.46939679,215
"213",493987.787215289,5639760.46939679,216
"214",494987.787215289,5639760.46939679,217
"215",495987.787215289,5639760.46939679,218
"216",496987.787215289,5639760.46939679,219
"217",497987.787215289,5639760.46939679,220
"218",498987.787215289,5639760.46939679,221
"219",499987.787215289,5639760.46939679,222
"220",500987.787215289,5639760.46939679,223
"221",501987.787215289,5639760.46939679,224
"222",502987.787215289,5639760.46939679,225
"223",503987.787215289,5639760.46939679,226
"224",504987.787215289,5639760.46939679,227
"225",505987.787215289,5639760.46939679,228
"226",506987.787215289,5639760.46939679,229
"227",507987.787215289,5639760.46939679,230
"228",508987.787215289,5639760.46939679,231
"229",509987.787215289,5639760.46939679,232
"230",510987.787215289,5639760.46939679,233
"231",511987.787215289,5639760.46939679,234
"232",512987.787215289,5639760.46939679,235
"233",513987.787215289,5639760.46939679,236
"234",514987.787215289,5639760.46939679,237
"235",515987.787215289,5639760.46939679,238
"236",516987.787215289,5639760.46939679,239
"237",517987.787215289,5639760.46939679,240
"238",518987.787215289,5639760.46939679,241
"239",519987.787215289,5639760.46939679,242
"240",520987.787215289,5639760.46939679,243
"241",521987.787215289,5639760.46939679,244
"242",522987.787215289,5639760.46939679,245
"243",488987.787215289,5640760.46939679,246
"244",489987.787215289,5640760.46939679,247
"245",490987.787215289,5640760.46939679,248
"246",491987.787215289,5640760.46939679,249
"247",492987.787215289,5640760.46939679,250
"248",493987.787215289,5640760.46939679,251
"249",494987.787215289,5640760.46939679,252
"250",495987.787215289,5640760.46939679,253
"251",496987.787215289,5640760.46939679,254
"252",497987.787215289,5640760.46939679,255
"253",498987.787215289,5640760.46939679,256
"254",499987.787215289,5640760.46939679,257
"255",500987.787215289,5640760.46939679,258
"256",501987.787215289,5640760.46939679,259
"257",502987.787215289,5640760.46939679,260
"258",503987.787215289,5640760.46939679,261
"259",504987.787215289,5640760.46939679,262
"260",505987.787215289,5640760.46939679,263
"261",506987.787215289,5640760.46939679,264
"262",507987.787215289,5640760.46939679,265
"263",508987.787215289,5640760.46939679,266
"264",509987.787215289,5640760.46939679,267
"265",510987.787215289,5640760.46939679,268
"266",511987.787215289,5640760.46939679,269
"267",512987.787215289,5640760.46939679,270
"268",513987.787215289,5640760.46939679,271
"269",514987.787215289,5640760.46939679,272
"270",515987.787215289,5640760.46939679,273
"271",516987.787215289,5640760.46939679,274
"272",517987.787215289,5640760.46939679,275
"273",518987.787215289,5640760.46939679,276
"274",519987.787215289,5640760.46939679,277
"275",520987.787215289,5640760.46939679,278
"276",521987.787215289,5640760.46939679,279
"277",522987.787215289,5640760.46939679,280
"278",488987.787215289,5641760.46939679,281
"279",489987.787215289,5641760.46939679,282
"280",490987.787215289,5641760.46939679,283
"281",491987.787215289,5641760.46939679,284
"282",492987.787215289,5641760.46939679,285
"283",493987.787215289,5641760.46939679,286
"284",494987.787215289,5641760.46939679,287
"285",495987.787215289,5641760.46939679,288
"286",496987.787215289,5641760.46939679,289
"287",497987.787215289,5641760.46939679,290
"288",498987.787215289,5641760.46939679,291
"289",499987.787215289,5641760.46939679,292
"290",501987.787215289,5641760.46939679,294
"291",502987.787215289,5641760.46939679,295
"292",503987.787215289,5641760.46939679,296
"293",504987.787215289,5641760.46939679,297
"294",505987.787215289,5641760.46939679,298
"295",506987.787215289,5641760.46939679,299
"296",507987.787215289,5641760.46939679,300
"297",508987.787215289,5641760.46939679,301
"298",509987.787215289,5641760.46939679,302
"299",510987.787215289,5641760.46939679,303
"300",511987.787215289,5641760.46939679,304
"301",512987.787215289,5641760.46939679,305
"302",513987.787215289,5641760.46939679,306
"303",514987.787215289,5641760.46939679,307
"304",515987.787215289,5641760.46939679,308
"305",517987.787215289,5641760.46939679,310
"306",518987.787215289,5641760.46939679,311
"307",519987.787215289,5641760.46939679,312
"308",520987.787215289,5641760.46939679,313
"309",521987.787215289,5641760.46939679,314
"310",522987.787215289,5641760.46939679,315
"311",488987.787215289,5642760.46939679,316
"312",489987.787215289,5642760.46939679,317
"313",490987.787215289,5642760.46939679,318
"314",491987.787215289,5642760.46939679,319
"315",492987.787215289,5642760.46939679,320
"316",493987.787215289,5642760.46939679,321
"317",494987.787215289,5642760.46939679,322
"318",495987.787215289,5642760.46939679,323
"319",496987.787215289,5642760.46939679,324
"320",497987.787215289,5642760.46939679,325
"321",498987.787215289,5642760.46939679,326
"322",499987.787215289,5642760.46939679,327
"323",500987.787215289,5642760.46939679,328
"324",501987.787215289,5642760.46939679,329
"325",502987.787215289,5642760.46939679,330
"326",503987.787215289,5642760.46939679,331
"327",504987.787215289,5642760.46939679,332
"328",505987.787215289,5642760.46939679,333
"329",506987.787215289,5642760.46939679,334
"330",507987.787215289,5642760.46939679,335
"331",508987.787215289,5642760.46939679,336
"332",509987.787215289,5642760.46939679,337
"333",510987.787215289,5642760.46939679,338
"334",511987.787215289,5642760.46939679,339
"335",512987.787215289,5642760.46939679,340
"336",513987.787215289,5642760.46939679,341
"337",514987.787215289,5642760.46939679,342
"338",515987.787215289,5642760.46939679,343
"339",516987.787215289,5642760.46939679,344
"340",517987.787215289,5642760.46939679,345
"341",518987.787215289,5642760.46939679,346
"342",519987.787215289,5642760.46939679,347
"343",520987.787215289,5642760.46939679,348
"344",521987.787215289,5642760.46939679,349
"345",522987.787215289,5642760.46939679,350
"346",488987.787215289,5643760.46939679,351
"347",489987.787215289,5643760.46939679,352
"348",490987.787215289,5643760.46939679,353
"349",491987.787215289,5643760.46939679,354
"350",492987.787215289,5643760.46939679,355
"351",493987.787215289,5643760.46939679,356
"352",494987.787215289,5643760.46939679,357
"353",495987.787215289,5643760.46939679,358
"354",496987.787215289,5643760.46939679,359
"355",497987.787215289,5643760.46939679,360
"356",498987.787215289,5643760.46939679,361
"357",499987.787215289,5643760.46939679,362
"358",500987.787215289,5643760.46939679,363
"359",501987.787215289,5643760.46939679,364
"360",502987.787215289,5643760.46939679,365
"361",503987.787215289,5643760.46939679,366
"362",504987.787215289,5643760.46939679,367
"363",505987.787215289,5643760.46939679,368
"364",506987.787215289,5643760.46939679,369
"365",507987.787215289,5643760.46939679,370
"366",508987.787215289,5643760.46939679,371
"367",509987.787215289,5643760.46939679,372
"368",510987.787215289,5643760.46939679,373
"369",511987.787215289,5643760.46939679,374
"370",512987.787215289,5643760.46939679,375
"371",514987.787215289,5643760.46939679,377
"372",515987.787215289,5643760.46939679,378
"373",516987.787215289,5643760.46939679,379
"374",517987.787215289,5643760.46939679,380
"375",518987.787215289,5643760.46939679,381
"376",519987.787215289,5643760.46939679,382
"377",520987.787215289,5643760.46939679,383
"378",521987.787215289,5643760.46939679,384
"379",522987.787215289,5643760.46939679,385
"380",488987.787215289,5644760.46939679,386
"381",489987.787215289,5644760.46939679,387
"382",490987.787215289,5644760.46939679,388
"383",491987.787215289,5644760.46939679,389
"384",492987.787215289,5644760.46939679,390
"385",493987.787215289,5644760.46939679,391
"386",494987.787215289,5644760.46939679,392
"387",495987.787215289,5644760.46939679,393
"388",496987.787215289,5644760.46939679,394
"389",497987.787215289,5644760.46939679,395
"390",498987.787215289,5644760.46939679,396
"391",499987.787215289,5644760.46939679,397
"392",500987.787215289,5644760.46939679,398
"393",501987.787215289,5644760.46939679,399
"394",502987.787215289,5644760.46939679,400
"395",503987.787215289,5644760.46939679,401
"396",504987.787215289,5644760.46939679,402
"397",505987.787215289,5644760.46939679,403
"398",506987.787215289,5644760.46939679,404
"399",507987.787215289,5644760.46939679,405
"400",508987.787215289,5644760.46939679,406
"401",509987.787215289,5644760.46939679,407
"402",510987.787215289,5644760.46939679,408
"403",511987.787215289,5644760.46939679,409
"404",512987.787215289,5644760.46939679,410
"405",513987.787215289,5644760.46939679,411
"406",514987.787215289,5644760.46939679,412
"407",515987.787215289,5644760.46939679,413
"408",516987.787215289,5644760.46939679,414
"409",517987.787215289,5644760.46939679,415
"410",518987.787215289,5644760.46939679,416
"411",519987.787215289,5644760.46939679,417
"412",520987.787215289,5644760.46939679,418
"413",521987.787215289,5644760.46939679,419
"414",522987.787215289,5644760.46939679,420
"415",488987.787215289,5645760.46939679,421
"416",489987.787215289,5645760.46939679,422
"417",490987.787215289,5645760.46939679,423
"418",491987.787215289,5645760.46939679,424
"419",492987.787215289,5645760.46939679,425
"420",493987.787215289,5645760.46939679,426
"421",494987.787215289,5645760.46939679,427
"422",495987.787215289,5645760.46939679,428
"423",496987.787215289,5645760.46939679,429
"424",497987.787215289,5645760.46939679,430
"425",498987.787215289,5645760.46939679,431
"426",500987.787215289,5645760.46939679,433
"427",501987.787215289,5645760.46939679,434
"428",502987.787215289,5645760.46939679,435
"429",503987.787215289,5645760.46939679,436
"430",504987.787215289,5645760.46939679,437
"431",505987.787215289,5645760.46939679,438
"432",506987.787215289,5645760.46939679,439
"433",507987.787215289,5645760.46939679,440
"434",508987.787215289,5645760.46939679,441
"435",509987.787215289,5645760.46939679,442
"436",510987.787215289,5645760.46939679,443
"437",511987.787215289,5645760.46939679,444
"438",512987.787215289,5645760.46939679,445
"439",513987.787215289,5645760.46939679,446
"440",514987.787215289,5645760.46939679,447
"441",515987.787215289,5645760.46939679,448
"442",516987.787215289,5645760.46939679,449
"443",517987.787215289,5645760.46939679,450
"444",518987.787215289,5645760.46939679,451
"445",519987.787215289,5645760.46939679,452
"446",520987.787215289,5645760.46939679,453
"447",521987.787215289,5645760.46939679,454
"448",522987.787215289,5645760.46939679,455
"449",488987.787215289,5646760.46939679,456
"450",489987.787215289,5646760.46939679,457
"451",490987.787215289,5646760.46939679,458
"452",491987.787215289,5646760.46939679,459
"453",492987.787215289,5646760.46939679,460
"454",493987.787215289,5646760.46939679,461
"455",495987.787215289,5646760.46939679,463
"456",496987.787215289,5646760.46939679,464
"457",497987.787215289,5646760.46939679,465
"458",498987.787215289,5646760.46939679,466
"459",499987.787215289,5646760.46939679,467
"460",500987.787215289,5646760.46939679,468
"461",501987.787215289,5646760.46939679,469
"462",502987.787215289,5646760.46939679,470
"463",503987.787215289,5646760.46939679,471
"464",504987.787215289,5646760.46939679,472
"465",505987.787215289,5646760.46939679,473
"466",506987.787215289,5646760.46939679,474
"467",507987.787215289,5646760.46939679,475
"468",508987.787215289,5646760.46939679,476
"469",509987.787215289,5646760.46939679,477
"470",510987.787215289,5646760.46939679,478
"471",511987.787215289,5646760.46939679,479
"472",512987.787215289,5646760.46939679,480
"473",513987.787215289,5646760.46939679,481
"474",514987.787215289,5646760.46939679,482
"475",515987.787215289,5646760.46939679,483
"476",516987.787215289,5646760.46939679,484
"477",517987.787215289,5646760.46939679,485
"478",518987.787215289,5646760.46939679,486
"479",519987.787215289,5646760.46939679,487
"480",520987.787215289,5646760.46939679,488
"481",521987.787215289,5646760.46939679,489
"482",522987.787215289,5646760.46939679,490
"483",488987.787215289,5647760.46939679,491
"484",489987.787215289,5647760.46939679,492
"485",490987.787215289,5647760.46939679,493
"486",491987.787215289,5647760.46939679,494
"487",492987.787215289,5647760.46939679,495
"488",493987.787215289,5647760.46939679,496
"489",494987.787215289,5647760.46939679,497
"490",495987.787215289,5647760.46939679,498
"491",496987.787215289,5647760.46939679,499
"492",497987.787215289,5647760.46939679,500
"493",498987.787215289,5647760.46939679,501
"494",499987.787215289,5647760.46939679,502
"495",500987.787215289,5647760.46939679,503
"496",501987.787215289,5647760.46939679,504
"497",502987.787215289,5647760.46939679,505
"498",503987.787215289,5647760.46939679,506
"499",504987.787215289,5647760.46939679,507
"500",505987.787215289,5647760.46939679,508
"501",506987.787215289,5647760.46939679,509
"502",507987.787215289,5647760.46939679,510
"503",508987.787215289,5647760.46939679,511
"504",509987.787215289,5647760.46939679,512
"505",510987.787215289,5647760.46939679,513
"506",511987.787215289,5647760.46939679,514
"507",512987.787215289,5647760.46939679,515
"508",513987.787215289,5647760.46939679,516
"509",514987.787215289,5647760.46939679,517
"510",516987.787215289,5647760.46939679,519
"511",517987.787215289,5647760.46939679,520
"512",518987.787215289,5647760.46939679,521
"513",519987.787215289,5647760.46939679,522
"514",520987.787215289,5647760.46939679,523
"515",521987.787215289,5647760.46939679,524
"516",522987.787215289,5647760.46939679,525
"517",488987.787215289,5648760.46939679,526
"518",489987.787215289,5648760.46939679,527
"519",490987.787215289,5648760.46939679,528
"520",491987.787215289,5648760.46939679,529
"521",492987.787215289,5648760.46939679,530
"522",493987.787215289,5648760.46939679,531
"523",494987.787215289,5648760.46939679,532
"524",495987.787215289,5648760.46939679,533
"525",496987.787215289,5648760.46939679,534
"526",497987.787215289,5648760.46939679,535
"527",498987.787215289,5648760.46939679,536
"528",499987.787215289,5648760.46939679,537
"529",500987.787215289,5648760.46939679,538
"530",501987.787215289,5648760.46939679,539
"531",502987.787215289,5648760.46939679,540
"532",503987.787215289,5648760.46939679,541
"533",504987.787215289,5648760.46939679,542
"534",505987.787215289,5648760.46939679,543
"535",506987.787215289,5648760.46939679,544
"536",507987.787215289,5648760.46939679,545
"537",508987.787215289,5648760.46939679,546
"538",509987.787215289,5648760.46939679,547
"539",510987.787215289,5648760.46939679,548
"540",511987.787215289,5648760.46939679,549
"541",512987.787215289,5648760.46939679,550
"542",513987.787215289,5648760.46939679,551
"543",514987.787215289,5648760.46939679,552
"544",515987.787215289,5648760.46939679,553
"545",516987.787215289,5648760.46939679,554
"546",517987.787215289,5648760.46939679,555
"547",518987.787215289,5648760.46939679,556
"548",519987.787215289,5648760.46939679,557
"549",520987.787215289,5648760.46939679,558
"550",521987.787215289,5648760.46939679,559
"551",522987.787215289,5648760.46939679,560
"552",488987.787215289,5649760.46939679,561
"553",489987.787215289,5649760.46939679,562
"554",490987.787215289,5649760.46939679,563
"555",491987.787215289,5649760.46939679,564
"556",492987.787215289,5649760.46939679,565
"557",493987.787215289,5649760.46939679,566
"558",494987.787215289,5649760.46939679,567
"559",495987.787215289,5649760.46939679,568
"560",496987.787215289,5649760.46939679,569
"561",497987.787215289,5649760.46939679,570
"562",498987.787215289,5649760.46939679,571
"563",499987.787215289,5649760.46939679,572
"564",500987.787215289,5649760.46939679,573
"565",501987.787215289,5649760.46939679,574
"566",502987.787215289,5649760.46939679,575
"567",503987.787215289,5649760.46939679,576
"568",504987.787215289,5649760.46939679,577
"569",505987.787215289,5649760.46939679,578
"570",506987.787215289,5649760.46939679,579
"571",507987.787215289,5649760.46939679,580
"572",508987.787215289,5649760.46939679,581
"573",509987.787215289,5649760.46939679,582
"574",510987.787215289,5649760.46939679,583
"575",511987.787215289,5649760.46939679,584
"576",512987.787215289,5649760.46939679,585
"577",513987.787215289,5649760.46939679,586
"578",514987.787215289,5649760.46939679,587
"579",515987.787215289,5649760.46939679,588
"580",516987.787215289,5649760.46939679,589
"581",517987.787215289,5649760.46939679,590
"582",518987.787215289,5649760.46939679,591
"583",519987.787215289,5649760.46939679,592
"584",520987.787215289,5649760.46939679,593
"585",521987.787215289,5649760.46939679,594
"586",522987.787215289,5649760.46939679,595
"587",488987.787215289,5650760.46939679,596
"588",489987.787215289,5650760.46939679,597
"589",490987.787215289,5650760.46939679,598
"590",491987.787215289,5650760.46939679,599
"591",492987.787215289,5650760.46939679,600
"592",493987.787215289,5650760.46939679,601
"593",494987.787215289,5650760.46939679,602
"594",495987.787215289,5650760.46939679,603
"595",496987.787215289,5650760.46939679,604
"596",497987.787215289,5650760.46939679,605
"597",498987.787215289,5650760.46939679,606
"598",499987.787215289,5650760.46939679,607
"599",500987.787215289,5650760.46939679,608
"600",501987.787215289,5650760.46939679,609
"601",503987.787215289,5650760.46939679,611
"602",504987.787215289,5650760.46939679,612
"603",505987.787215289,5650760.46939679,613
"604",506987.787215289,5650760.46939679,614
"605",508987.787215289,5650760.46939679,616
"606",509987.787215289,5650760.46939679,617
"607",510987.787215289,5650760.46939679,618
"608",511987.787215289,5650760.46939679,619
"609",512987.787215289,5650760.46939679,620
"610",513987.787215289,5650760.46939679,621
"611",514987.787215289,5650760.46939679,622
"612",515987.787215289,5650760.46939679,623
"613",516987.787215289,5650760.46939679,624
"614",517987.787215289,5650760.46939679,625
"615",518987.787215289,5650760.46939679,626
"616",519987.787215289,5650760.46939679,627
"617",520987.787215289,5650760.46939679,628
"618",521987.787215289,5650760.46939679,629
"619",522987.787215289,5650760.46939679,630
"620",488987.787215289,5651760.46939679,631
"621",489987.787215289,5651760.46939679,632
"622",490987.787215289,5651760.46939679,633
"623",491987.787215289,5651760.46939679,634
"624",492987.787215289,5651760.46939679,635
"625",493987.787215289,5651760.46939679,636
"626",494987.787215289,5651760.46939679,637
"627",495987.787215289,5651760.46939679,638
"628",496987.787215289,5651760.46939679,639
"629",497987.787215289,5651760.46939679,640
"630",498987.787215289,5651760.46939679,641
"631",499987.787215289,5651760.46939679,642
"632",500987.787215289,5651760.46939679,643
"633",501987.787215289,5651760.46939679,644
"634",502987.787215289,5651760.46939679,645
"635",504987.787215289,5651760.46939679,647
"636",509987.787215289,5651760.46939679,652
"637",511987.787215289,5651760.46939679,654
"638",512987.787215289,5651760.46939679,655
"639",513987.787215289,5651760.46939679,656
"640",514987.787215289,5651760.46939679,657
"641",515987.787215289,5651760.46939679,658
"642",516987.787215289,5651760.46939679,659
"643",517987.787215289,5651760.46939679,660
"644",518987.787215289,5651760.46939679,661
"645",519987.787215289,5651760.46939679,662
"646",520987.787215289,5651760.46939679,663
"647",521987.787215289,5651760.46939679,664
"648",522987.787215289,5651760.46939679,665
"649",488987.787215289,5652760.46939679,666
"650",489987.787215289,5652760.46939679,667
"651",490987.787215289,5652760.46939679,668
"652",491987.787215289,5652760.46939679,669
"653",492987.787215289,5652760.46939679,670
"654",493987.787215289,5652760.46939679,671
"655",494987.787215289,5652760.46939679,672
"656",495987.787215289,5652760.46939679,673
"657",496987.787215289,5652760.46939679,674
"658",497987.787215289,5652760.46939679,675
"659",498987.787215289,5652760.46939679,676
"660",499987.787215289,5652760.46939679,677
"661",500987.787215289,5652760.46939679,678
"662",501987.787215289,5652760.46939679,679
"663",502987.787215289,5652760.46939679,680
"664",503987.787215289,5652760.46939679,681
"665",511987.787215289,5652760.46939679,689
"666",512987.787215289,5652760.46939679,690
"667",513987.787215289,5652760.46939679,691
"668",514987.787215289,5652760.46939679,692
"669",515987.787215289,5652760.46939679,693
"670",516987.787215289,5652760.46939679,694
"671",517987.787215289,5652760.46939679,695
"672",518987.787215289,5652760.46939679,696
"673",519987.787215289,5652760.46939679,697
"674",520987.787215289,5652760.46939679,698
"675",521987.787215289,5652760.46939679,699
"676",522987.787215289,5652760.46939679,700
"677",488987.787215289,5653760.46939679,701
"678",489987.787215289,5653760.46939679,702
"679",490987.787215289,5653760.46939679,703
"680",491987.787215289,5653760.46939679,704
"681",492987.787215289,5653760.46939679,705
"682",493987.787215289,5653760.46939679,706
"683",494987.787215289,5653760.46939679,707
"684",495987.787215289,5653760.46939679,708
"685",496987.787215289,5653760.46939679,709
"686",497987.787215289,5653760.46939679,710
"687",498987.787215289,5653760.46939679,711
"688",499987.787215289,5653760.46939679,712
"689",500987.787215289,5653760.46939679,713
"690",501987.787215289,5653760.46939679,714
"691",502987.787215289,5653760.46939679,715
"692",503987.787215289,5653760.46939679,716
"693",508987.787215289,5653760.46939679,721
"694",511987.787215289,5653760.46939679,724
"695",512987.787215289,5653760.46939679,725
"696",513987.787215289,5653760.46939679,726
"697",514987.787215289,5653760.46939679,727
"698",515987.787215289,5653760.46939679,728
"699",516987.787215289,5653760.46939679,729
"700",517987.787215289,5653760.46939679,730
"701",518987.787215289,5653760.46939679,731
"702",519987.787215289,5653760.46939679,732
"703",520987.787215289,5653760.46939679,733
"704",522987.787215289,5653760.46939679,735
"705",488987.787215289,5654760.46939679,736
"706",489987.787215289,5654760.46939679,737
"707",490987.787215289,5654760.46939679,738
"708",491987.787215289,5654760.46939679,739
"709",492987.787215289,5654760.46939679,740
"710",494987.787215289,5654760.46939679,742
"711",495987.787215289,5654760.46939679,743
"712",496987.787215289,5654760.46939679,744
"713",497987.787215289,5654760.46939679,745
"714",498987.787215289,5654760.46939679,746
"715",499987.787215289,5654760.46939679,747
"716",500987.787215289,5654760.46939679,748
"717",501987.787215289,5654760.46939679,749
"718",502987.787215289,5654760.46939679,750
"719",503987.787215289,5654760.46939679,751
"720",504987.787215289,5654760.46939679,752
"721",505987.787215289,5654760.46939679,753
"722",506987.787215289,5654760.46939679,754
"723",507987.787215289,5654760.46939679,755
"724",508987.787215289,5654760.46939679,756
"725",509987.787215289,5654760.46939679,757
"726",510987.787215289,5654760.46939679,758
"727",511987.787215289,5654760.46939679,759
"728",512987.787215289,5654760.46939679,760
"729",513987.787215289,5654760.46939679,761
"730",514987.787215289,5654760.46939679,762
"731",515987.787215289,5654760.46939679,763
"732",516987.787215289,5654760.46939679,764
"733",517987.787215289,5654760.46939679,765
"734",518987.787215289,5654760.46939679,766
"735",519987.787215289,5654760.46939679,767
"736",520987.787215289,5654760.46939679,768
"737",521987.787215289,5654760.46939679,769
"738",522987.787215289,5654760.46939679,770
"739",488987.787215289,5655760.46939679,771
"740",489987.787215289,5655760.46939679,772
"741",490987.787215289,5655760.46939679,773
"742",491987.787215289,5655760.46939679,774
"743",492987.787215289,5655760.46939679,775
"744",493987.787215289,5655760.46939679,776
"745",494987.787215289,5655760.46939679,777
"746",495987.787215289,5655760.46939679,778
"747",496987.787215289,5655760.46939679,779
"748",497987.787215289,5655760.46939679,780
"749",498987.787215289,5655760.46939679,781
"750",499987.787215289,5655760.46939679,782
"751",500987.787215289,5655760.46939679,783
"752",501987.787215289,5655760.46939679,784
"753",502987.787215289,5655760.46939679,785
"754",503987.787215289,5655760.46939679,786
"755",504987.787215289,5655760.46939679,787
"756",505987.787215289,5655760.46939679,788
"757",506987.787215289,5655760.46939679,789
"758",507987.787215289,5655760.46939679,790
"759",508987.787215289,5655760.46939679,791
"760",509987.787215289,5655760.46939679,792
"761",510987.787215289,5655760.46939679,793
"762",511987.787215289,5655760.46939679,794
"763",512987.787215289,5655760.46939679,795
"764",513987.787215289,5655760.46939679,796
"765",514987.787215289,5655760.46939679,797
"766",515987.787215289,5655760.46939679,798
"767",516987.787215289,5655760.46939679,799
"768",517987.787215289,5655760.46939679,800
"769",519987.787215289,5655760.46939679,802
"770",520987.787215289,5655760.46939679,803
"771",521987.787215289,5655760.46939679,804
"772",522987.787215289,5655760.46939679,805
"773",488987.787215289,5656760.46939679,806
"774",489987.787215289,5656760.46939679,807
"775",490987.787215289,5656760.46939679,808
"776",492987.787215289,5656760.46939679,810
"777",493987.787215289,5656760.46939679,811
"778",494987.787215289,5656760.46939679,812
"779",495987.787215289,5656760.46939679,813
"780",496987.787215289,5656760.46939679,814
"781",497987.787215289,5656760.46939679,815
"782",498987.787215289,5656760.46939679,816
"783",499987.787215289,5656760.46939679,817
"784",500987.787215289,5656760.46939679,818
"785",501987.787215289,5656760.46939679,819
"786",502987.787215289,5656760.46939679,820
"787",503987.787215289,5656760.46939679,821
"788",504987.787215289,5656760.46939679,822
"789",505987.787215289,5656760.46939679,823
"790",506987.787215289,5656760.46939679,824
"791",507987.787215289,5656760.46939679,825
"792",508987.787215289,5656760.46939679,826
"793",509987.787215289,5656760.46939679,827
"794",510987.787215289,5656760.46939679,828
"795",511987.787215289,5656760.46939679,829
"796",512987.787215289,5656760.46939679,830
"797",513987.787215289,5656760.46939679,831
"798",514987.787215289,5656760.46939679,832
"799",515987.787215289,5656760.46939679,833
"800",516987.787215289,5656760.46939679,834
"801",517987.787215289,5656760.46939679,835
"802",518987.787215289,5656760.46939679,836
"803",519987.787215289,5656760.46939679,837
"804",520987.787215289,5656760.46939679,838
"805",521987.787215289,5656760.46939679,839
"806",488987.787215289,5657760.46939679,841
"807",489987.787215289,5657760.46939679,842
"808",490987.787215289,5657760.46939679,843
"809",491987.787215289,5657760.46939679,844
"810",492987.787215289,5657760.46939679,845
"811",493987.787215289,5657760.46939679,846
"812",494987.787215289,5657760.46939679,847
"813",495987.787215289,5657760.46939679,848
"814",496987.787215289,5657760.46939679,849
"815",497987.787215289,5657760.46939679,850
"816",499987.787215289,5657760.46939679,852
"817",500987.787215289,5657760.46939679,853
"818",501987.787215289,5657760.46939679,854
"819",502987.787215289,5657760.46939679,855
"820",503987.787215289,5657760.46939679,856
"821",504987.787215289,5657760.46939679,857
"822",505987.787215289,5657760.46939679,858
"823",506987.787215289,5657760.46939679,859
"824",507987.787215289,5657760.46939679,860
"825",508987.787215289,5657760.46939679,861
"826",509987.787215289,5657760.46939679,862
"827",510987.787215289,5657760.46939679,863
"828",511987.787215289,5657760.46939679,864
"829",512987.787215289,5657760.46939679,865
"830",513987.787215289,5657760.46939679,866
"831",514987.787215289,5657760.46939679,867
"832",515987.787215289,5657760.46939679,868
"833",516987.787215289,5657760.46939679,869
"834",517987.787215289,5657760.46939679,870
"835",518987.787215289,5657760.46939679,871
"836",519987.787215289,5657760.46939679,872
"837",520987.787215289,5657760.46939679,873
"838",521987.787215289,5657760.46939679,874
"839",522987.787215289,5657760.46939679,875
"840",488987.787215289,5658760.46939679,876
"841",489987.787215289,5658760.46939679,877
"842",490987.787215289,5658760.46939679,878
"843",491987.787215289,5658760.46939679,879
"844",492987.787215289,5658760.46939679,880
"845",493987.787215289,5658760.46939679,881
"846",494987.787215289,5658760.46939679,882
"847",495987.787215289,5658760.46939679,883
"848",496987.787215289,5658760.46939679,884
"849",497987.787215289,5658760.46939679,885
"850",498987.787215289,5658760.46939679,886
"851",499987.787215289,5658760.46939679,887
"852",500987.787215289,5658760.46939679,888
"853",501987.787215289,5658760.46939679,889
"854",502987.787215289,5658760.46939679,890
"855",503987.787215289,5658760.46939679,891
"856",504987.787215289,5658760.46939679,892
"857",505987.787215289,5658760.46939679,893
"858",506987.787215289,5658760.46939679,894
"859",507987.787215289,5658760.46939679,895
"860",508987.787215289,5658760.46939679,896
"861",509987.787215289,5658760.46939679,897
"862",510987.787215289,5658760.46939679,898
"863",511987.787215289,5658760.46939679,899
"864",512987.787215289,5658760.46939679,900
"865",513987.787215289,5658760.46939679,901
"866",514987.787215289,5658760.46939679,902
"867",515987.787215289,5658760.46939679,903
"868",516987.787215289,5658760.46939679,904
"869",517987.787215289,5658760.46939679,905
"870",518987.787215289,5658760.46939679,906
"871",520987.787215289,5658760.46939679,908
"872",521987.787215289,5658760.46939679,909
"873",488987.787215289,5659760.46939679,911
"874",489987.787215289,5659760.46939679,912
"875",490987.787215289,5659760.46939679,913
"876",491987.787215289,5659760.46939679,914
"877",492987.787215289,5659760.46939679,915
"878",493987.787215289,5659760.46939679,916
"879",494987.787215289,5659760.46939679,917
"880",495987.787215289,5659760.46939679,918
"881",496987.787215289,5659760.46939679,919
"882",497987.787215289,5659760.46939679,920
"883",498987.787215289,5659760.46939679,921
"884",499987.787215289,5659760.46939679,922
"885",500987.787215289,5659760.46939679,923
"886",501987.787215289,5659760.46939679,924
"887",502987.787215289,5659760.46939679,925
"888",503987.787215289,5659760.46939679,926
"889",504987.787215289,5659760.46939679,927
"890",505987.787215289,5659760.46939679,928
"891",506987.787215289,5659760.46939679,929
"892",507987.787215289,5659760.46939679,930
"893",508987.787215289,5659760.46939679,931
"894",509987.787215289,5659760.46939679,932
"895",510987.787215289,5659760.46939679,933
"896",511987.787215289,5659760.46939679,934
"897",512987.787215289,5659760.46939679,935
"898",513987.787215289,5659760.46939679,936
"899",514987.787215289,5659760.46939679,937
"900",515987.787215289,5659760.46939679,938
"901",516987.787215289,5659760.46939679,939
"902",517987.787215289,5659760.46939679,940
"903",518987.787215289,5659760.46939679,941
"904",519987.787215289,5659760.46939679,942
"905",520987.787215289,5659760.46939679,943
"906",521987.787215289,5659760.46939679,944
"907",522987.787215289,5659760.46939679,945
"908",488987.787215289,5660760.46939679,946
"909",489987.787215289,5660760.46939679,947
"910",490987.787215289,5660760.46939679,948
"911",491987.787215289,5660760.46939679,949
"912",492987.787215289,5660760.46939679,950
"913",493987.787215289,5660760.46939679,951
"914",494987.787215289,5660760.46939679,952
"915",495987.787215289,5660760.46939679,953
"916",496987.787215289,5660760.46939679,954
"917",497987.787215289,5660760.46939679,955
"918",498987.787215289,5660760.46939679,956
"919",499987.787215289,5660760.46939679,957
"920",500987.787215289,5660760.46939679,958
"921",501987.787215289,5660760.46939679,959
"922",502987.787215289,5660760.46939679,960
"923",503987.787215289,5660760.46939679,961
"924",504987.787215289,5660760.46939679,962
"925",505987.787215289,5660760.46939679,963
"926",506987.787215289,5660760.46939679,964
"927",507987.787215289,5660760.46939679,965
"928",508987.787215289,5660760.46939679,966
"929",509987.787215289,5660760.46939679,967
"930",510987.787215289,5660760.46939679,968
"931",511987.787215289,5660760.46939679,969
"932",512987.787215289,5660760.46939679,970
"933",513987.787215289,5660760.46939679,971
"934",514987.787215289,5660760.46939679,972
"935",515987.787215289,5660760.46939679,973
"936",516987.787215289,5660760.46939679,974
"937",517987.787215289,5660760.46939679,975
"938",518987.787215289,5660760.46939679,976
"939",519987.787215289,5660760.46939679,977
"940",520987.787215289,5660760.46939679,978
"941",521987.787215289,5660760.46939679,979
"942",522987.787215289,5660760.46939679,980
"943",488987.787215289,5661760.46939679,981
"944",489987.787215289,5661760.46939679,982
"945",490987.787215289,5661760.46939679,983
"946",491987.787215289,5661760.46939679,984
"947",492987.787215289,5661760.46939679,985
"948",493987.787215289,5661760.46939679,986
"949",494987.787215289,5661760.46939679,987
"950",495987.787215289,5661760.46939679,988
"951",496987.787215289,5661760.46939679,989
"952",497987.787215289,5661760.46939679,990
"953",498987.787215289,5661760.46939679,991
"954",499987.787215289,5661760.46939679,992
"955",500987.787215289,5661760.46939679,993
"956",501987.787215289,5661760.46939679,994
"957",502987.787215289,5661760.46939679,995
"958",503987.787215289,5661760.46939679,996
"959",504987.787215289,5661760.46939679,997
"960",505987.787215289,5661760.46939679,998
"961",506987.787215289,5661760.46939679,999
"962",507987.787215289,5661760.46939679,1000
"963",508987.787215289,5661760.46939679,1001
"964",509987.787215289,5661760.46939679,1002
"965",510987.787215289,5661760.46939679,1003
"966",511987.787215289,5661760.46939679,1004
"967",512987.787215289,5661760.46939679,1005
"968",513987.787215289,5661760.46939679,1006
"969",514987.787215289,5661760.46939679,1007
"970",515987.787215289,5661760.46939679,1008
"971",516987.787215289,5661760.46939679,1009
"972",517987.787215289,5661760.46939679,1010
"973",518987.787215289,5661760.46939679,1011
"974",519987.787215289,5661760.46939679,1012
"975",520987.787215289,5661760.46939679,1013
"976",521987.787215289,5661760.46939679,1014
"977",522987.787215289,5661760.46939679,1015
"978",488987.787215289,5662760.46939679,1016
"979",489987.787215289,5662760.46939679,1017
"980",490987.787215289,5662760.46939679,1018
"981",491987.787215289,5662760.46939679,1019
"982",492987.787215289,5662760.46939679,1020
"983",493987.787215289,5662760.46939679,1021
"984",494987.787215289,5662760.46939679,1022
"985",495987.787215289,5662760.46939679,1023
"986",496987.787215289,5662760.46939679,1024
"987",497987.787215289,5662760.46939679,1025
"988",498987.787215289,5662760.46939679,1026
"989",499987.787215289,5662760.46939679,1027
"990",500987.787215289,5662760.46939679,1028
"991",501987.787215289,5662760.46939679,1029
"992",502987.787215289,5662760.46939679,1030
"993",503987.787215289,5662760.46939679,1031
"994",504987.787215289,5662760.46939679,1032
"995",505987.787215289,5662760.46939679,1033
"996",506987.787215289,5662760.46939679,1034
"997",507987.787215289,5662760.46939679,1035
"998",508987.787215289,5662760.46939679,1036
"999",509987.787215289,5662760.46939679,1037
"1000",510987.787215289,5662760.46939679,1038
"1001",511987.787215289,5662760.46939679,1039
"1002",512987.787215289,5662760.46939679,1040
"1003",513987.787215289,5662760.46939679,1041
"1004",515987.787215289,5662760.46939679,1043
"1005",516987.787215289,5662760.46939679,1044
"1006",517987.787215289,5662760.46939679,1045
"1007",518987.787215289,5662760.46939679,1046
"1008",519987.787215289,5662760.46939679,1047
"1009",520987.787215289,5662760.46939679,1048
"1010",521987.787215289,5662760.46939679,1049
"1011",522987.787215289,5662760.46939679,1050
"1012",488987.787215289,5663760.46939679,1051
"1013",489987.787215289,5663760.46939679,1052
"1014",490987.787215289,5663760.46939679,1053
"1015",491987.787215289,5663760.46939679,1054
"1016",492987.787215289,5663760.46939679,1055
"1017",493987.787215289,5663760.46939679,1056
"1018",494987.787215289,5663760.46939679,1057
"1019",495987.787215289,5663760.46939679,1058
"1020",497987.787215289,5663760.46939679,1060
"1021",498987.787215289,5663760.46939679,1061
"1022",499987.787215289,5663760.46939679,1062
"1023",500987.787215289,5663760.46939679,1063
"1024",501987.787215289,5663760.46939679,1064
"1025",502987.787215289,5663760.46939679,1065
"1026",503987.787215289,5663760.46939679,1066
"1027",504987.787215289,5663760.46939679,1067
"1028",505987.787215289,5663760.46939679,1068
"1029",506987.787215289,5663760.46939679,1069
"1030",507987.787215289,5663760.46939679,1070
"1031",508987.787215289,5663760.46939679,1071
"1032",509987.787215289,5663760.46939679,1072
"1033",510987.787215289,5663760.46939679,1073
"1034",511987.787215289,5663760.46939679,1074
"1035",512987.787215289,5663760.46939679,1075
"1036",513987.787215289,5663760.46939679,1076
"1037",514987.787215289,5663760.46939679,1077
"1038",515987.787215289,5663760.46939679,1078
"1039",516987.787215289,5663760.46939679,1079
"1040",517987.787215289,5663760.46939679,1080
"1041",518987.787215289,5663760.46939679,1081
"1042",519987.787215289,5663760.46939679,1082
"1043",520987.787215289,5663760.46939679,1083
"1044",521987.787215289,5663760.46939679,1084
"1045",522987.787215289,5663760.46939679,1085
